Areal values from HadUK-Grid 1km gridded climate data from land surface network
Source: Met Office National Climate Information Centre
Monthly, seasonal and annual total precipitation amount for East Anglia
Areal series, starting in 1836
Last updated 01-Dec-2022 10:43
    jan  year    feb  year    mar  year    apr  year    may  year    jun  year    jul  year    aug  year    sep  year    oct  year    nov  year    dec  year     win  year     spr  year     sum  year     aut  year     ann  year
  119.4  1939   95.5  1916  111.6  1947  117.8  1998  118.1  2007  128.8  1997  141.6  1875  177.6  1912  124.1  1918  152.1  1865  155.2  1940  144.7  1914   287.2  1915   228.7  1981   324.4  1879   319.6  1852   836.6  1872
  116.5  1988   87.0  1951   93.7  1916  112.6  2012  105.3  1843  119.7  1860  121.7  1880  122.2  2010  122.5  1968  137.9  1892  139.1  1970  109.9  2020   251.3  1877   222.8  1983   323.0  1912   316.1  2000   827.4  1852
  102.5  1995   84.5  2001   93.4  1851   93.4  2000  103.9  1878  109.4  1985  116.5  1853  117.6  1917  121.6  1896  135.5  1939  130.7  1852  108.5  1876   249.1  2021   222.6  1979   294.0  1903   308.4  1960   809.9  2012
  101.9  2014   83.5  1866   92.9  1981   92.1  1983   97.9  1932  107.5  1958  114.5  1936  117.2  1843  109.8  1876  131.9  1882  129.9  1878  106.1  1868   237.1  1990   221.1  1937   269.6  1860   307.9  1885   796.6  1903
  100.6  1943   82.3  2010   91.7  1914   85.9  1920   97.8  1924  104.8  1879  113.5  1855  116.6  2004  108.8  1885  130.0  1987  116.7  1875  105.6  1929   234.8  2014   214.9  1951   265.9  1987   299.3  1974   779.5  2000
   94.4  2021   81.8  1900   89.4  2001   81.7  1931   93.8  1849  102.4  2016  113.1  1879  110.9  1878  107.5  1930  128.4  1960  110.1  2000  105.4  1915   234.7  1916   202.4  2001   264.5  1958   284.6  1841   779.2  2001
   92.4  1937   81.3  1977   88.3  1979   80.6  1846   93.6  1983   99.6  2007  113.1  1888  109.6  1865  106.8  1871  127.9  1903  107.9  1974  104.8  1978   225.0  1979   201.7  2000   258.6  1946   273.9  1882   775.9  1848
   92.2  1948   79.8  1937   85.2  1836   77.9  1951   93.6  2014   98.8  2012  109.2  1903  108.9  1881  103.6  1995  127.7  1880  107.0  1929  104.3  1989   224.9  1995   200.0  1932   253.9  2012   273.6  1880   773.4  1960
   90.0  1852   78.9  1990   83.3  2008   75.2  1918   92.5  1860   98.8  1982  107.2  2012  106.5  1879  103.1  1993  125.0  2000  105.9  2002  103.9  1965   218.5  1869   196.9  2008   247.7  1865   268.9  1875   771.0  1860
   86.9  1906   78.9  1950   82.9  1848   75.2  1926   91.9  2000   96.1  1998  102.5  1872  105.9  2006  100.6  1965  123.3  1841  105.1  1950  103.2  1910   215.8  1939   195.2  2012   245.9  1853   268.2  1939   769.3  1912
   86.6  1956   78.7  2020   81.3  1862   74.5  1882   89.4  1889   94.8  1903  101.4  1915  105.9  1852  100.1  1842  122.4  1982  104.2  2009   99.6  2002   215.6  1919   189.6  1975   245.0  1852   266.9  1993   767.5  1841
   85.5  1877   75.2  1923   78.7  1951   73.8  1871   87.1  1967   94.4  1964  101.2  1850  105.2  1954   98.8  1927  122.0  1885   99.0  1939   98.7  1919   213.9  1937   189.2  1862   243.5  1872   257.0  1836   761.2  1882
   84.6  1928   74.2  1958   78.6  1896   73.3  2001   85.0  1969   93.9  1909   99.6  1922  104.9  1956   98.1  1852  116.5  1848   98.4  2022   98.0  1869   211.4  2010   183.7  1867   242.0  1968   256.5  1944   759.0  1939
   83.5  2004   73.5  2014   77.5  1941   72.6  1989   81.9  1854   93.8  1987   98.8  1918  103.1  1941   96.1  1883  113.6  2020   98.1  1954   98.0  2012   210.6  2020   183.4  1998   241.2  1917   254.4  1976   753.5  1927
   83.1  1984   72.8  1879   77.4  1937   71.8  1853   81.2  2021   91.1  1936   98.8  1950   98.7  1860   93.7  1960  113.3  1891   97.5  1861   97.9  1911   205.7  1977   180.1  1916   240.6  1927   248.5  1935   751.2  1958
   82.8  1922   71.5  1883   77.2  1975   71.7  1907   81.2  2006   90.7  1927   98.7  1851   97.4  1977   93.4  1984  112.1  1843   97.4  1906   96.1  1979   205.5  1912   179.5  1924   238.9  1875   246.8  1903   749.1  1879
   82.5  1936   69.8  1919   75.0  1988   70.6  1848   80.3  1867   89.4  1848   98.3  1865   96.9  1999   91.8  1974  108.8  1855   95.8  1946   95.8  1934   202.3  2001   177.4  1860   238.5  1956   246.2  1992   745.8  1916
   80.3  2003   69.8  1848   72.1  1909   70.5  1908   79.0  1979   89.3  1852   95.1  1988   96.2  1837   91.7  1848  108.3  1932   95.1  1952   95.5  1909   201.3  1935   177.1  1969   237.0  1880   245.9  1892   745.5  1937
   77.5  1919   68.3  1915   71.8  1964   69.0  1981   76.7  1869   87.8  2019   94.8  1841   96.0  1891   91.6  1975  107.8  1857   95.0  1996   90.7  1886   198.7  1910   176.7  1872   234.6  1954   244.8  1982   739.9  1924
   76.5  1872   67.7  1927   71.3  1864   69.0  1935   76.4  1955   87.6  1999   93.9  1890   95.1  1946   91.5  1857  104.2  1844   93.4  1872   89.8  2017   198.5  1883   176.2  1889   233.7  1909   242.6  1848   736.3  2014
   75.7  1900   67.5  1881   70.6  2018   68.6  1937   76.0  1886   84.9  1991   93.1  1946   95.1  2014   90.9  1935  103.5  1949   93.3  1842   88.6  1872   198.5  1994   176.1  1851   231.5  1888   241.5  1857   736.0  1951
   74.1  1915   67.4  1904   70.2  1952   67.7  1919   75.1  1937   84.4  1838   91.7  1895   92.3  1931   90.6  1880  100.9  1924   93.2  1935   87.3  1959   197.3  1966   173.6  2018   230.5  1841   237.6  1842   718.7  1993
   73.1  1912   66.4  1995   70.1  1888   67.6  1970   74.9  1902   84.1  1980   90.6  1930   91.6  1987   87.6  1976  100.6  1909   92.0  1951   86.4  1993   197.2  1960   173.1  1843   228.5  1848   236.5  1883   716.1  1877
   73.1  1971   66.2  1893   67.9  1897   66.4  1993   74.5  1910   83.3  1905   90.3  1867   90.1  1903   86.1  1957   99.6  1974   91.5  1930   84.9  1870   197.1  2003   172.4  1878   227.9  1936   234.6  1896   715.3  1880
   72.5  1978   65.4  2007   67.5  1912   66.0  1876   72.9  1984   78.6  1892   86.7  1886   88.0  1968   85.9  1841   98.6  1993   91.2  1944   84.6  1901   196.8  1936   171.2  1849   227.1  2007   234.0  1940   715.1  1946
   72.5  1857   63.8  1966   67.4  1940   65.6  2018   72.1  1891   76.3  1863   86.6  1931   88.0  1948   85.5  2001   98.1  1976   90.1  1926   84.5  1985   196.4  1900   170.5  1877   225.9  2004   233.3  1924   714.2  1875
   72.2  1867   61.8  1876   67.4  1876   65.6  1922   72.1  1931   75.6  1871   86.2  1968   87.9  1916   84.0  1866   96.7  2013   87.7  2014   81.6  2019   194.0  1961   169.5  2016   224.5  1966   228.7  1998   712.2  1998
   71.1  1994   61.2  2022   65.9  1963   64.3  1877   70.8  1845   74.8  1971   85.8  1891   86.5  1986   83.3  1992   96.0  1923   87.6  1992   81.4  1961   189.4  1951   168.5  1967   221.4  1843   227.3  2019   711.7  1876
   70.6  2008   60.1  2000   65.4  2016   64.2  1924   70.2  1885   74.3  1883   85.5  1894   85.6  1848   82.6  1836   95.6  1846   86.5  1839   81.0  1882   188.6  1897   167.7  1947   219.2  1891   226.7  1872   707.6  2002
   70.4  1960   59.7  1957   64.0  1992   64.1  1932   69.9  1898   73.2  1880   84.4  1861   85.4  1951   81.0  2000   94.0  1836   86.3  1960   80.2  1997   187.2  2018   167.2  1963   218.4  1892   224.6  1952   704.9  1987
   69.9  1975   59.1  1869   62.5  1890   63.6  1939   69.4  1856   72.2  1912   84.2  2015   84.4  1974   80.4  1944   93.7  1889   85.6  2003   80.2  1960   187.2  1873   166.5  1869   217.4  1931   224.6  1918   702.9  1865
   69.1  2016   59.1  1897   61.5  1980   63.5  1964   69.1  1930   71.6  1902   83.8  1920   83.8  1963   79.6  1999   93.7  1906   84.9  1963   80.0  1937   185.9  2007   166.2  1986   216.2  1839   224.4  2001   699.0  1992
   68.1  1913   58.7  2009   61.2  1919   63.1  1859   68.6  1948   70.9  1839   83.6  1940   83.4  1877   79.4  1869   93.2  1998   83.4  1888   79.6  2009   183.1  1958   166.1  1907   215.0  1999   224.3  1984   697.1  2020
   67.3  1961   58.7  1936   61.0  1872   62.2  1879   68.6  1879   70.8  1882   83.4  1909   82.4  1895   79.3  1973   92.1  2019   82.7  1911   79.6  1896   181.3  1980   164.7  1964   215.0  1890   223.3  1927   695.5  1965
   67.2  1865   58.3  1843   60.7  1842   62.2  1966   68.1  2008   70.4  1872   81.8  1893   81.4  1927   78.9  1897   91.8  1967   82.1  1916   79.0  1881   181.1  2004   164.7  1992   214.6  1985   223.1  1906   695.3  1968
   66.8  1886   58.3  1925   59.7  1978   59.6  1899   67.4  1907   70.3  1946   81.6  1908   80.9  2020   78.0  1879   90.7  1852   82.0  1894   77.4  1849   180.8  1970   162.2  1848   209.9  1997   222.9  1930   694.9  1866
   66.8  1959   58.1  1910   58.5  1877   59.3  1986   66.9  1981   70.3  1906   81.3  1992   80.9  1900   77.8  1981   90.4  1917   81.5  1969   77.4  1891   179.4  1948   162.0  1903   208.8  1894   221.5  1987   692.9  1915
   66.5  1999   57.9  1931   57.1  1860   59.0  1975   64.6  1973   70.2  1935   80.8  1965   80.9  1996   76.1  1998   89.6  1875   81.5  1910   76.8  1938   177.6  1943   162.0  1931   208.3  1855   221.4  2002   689.0  2007
   66.4  1866   57.9  1974   57.0  1969   58.8  2004   64.0  1840   69.9  1966   80.6  1966   80.6  2008   76.1  1958   88.7  1942   80.9  2008   74.9  1966   177.1  1866   161.9  1908   204.4  1881   219.6  1844   684.8  2008
   65.6  1846   57.2  1877   56.6  1905   58.3  1967   63.9  1862   69.8  1926   80.5  1987   79.4  1960   76.0  1899   88.7  2004   80.5  1971   72.3  1999   176.9  1928   158.0  2007   203.5  2017   219.0  1878   684.7  1843
   65.2  2007   57.2  1979   56.4  1954   58.2  1851   63.5  1958   68.9  2011   80.1  1858   79.2  1958   74.3  1925   88.1  2012   80.4  1836   72.3  1916   176.2  1978   157.4  1836   202.8  1960   215.3  1968   683.3  1966
   65.1  2011   56.9  2002   55.5  1908   57.4  1867   63.0  1903   68.5  1875   80.1  2001   79.2  1902   74.0  1994   86.6  2001   78.4  1877   71.6  1907   176.1  2013   155.8  1994   199.8  1950   212.3  1876   682.7  1909
   64.8  1942   56.8  1885   54.8  1995   56.0  1965   62.1  1872   67.8  1968   79.8  2009   77.4  1992   74.0  1859   86.5  1872   78.4  1883   71.5  1958   174.3  1988   155.3  1876   199.2  1980   211.3  2020   682.7  1910
   64.8  1837   55.9  1970   54.5  1869   55.4  2016   61.3  2017   67.1  1978   79.2  1960   76.7  1892   73.4  1950   85.7  1913   77.1  1885   71.4  1995   173.7  1911   155.3  1920   197.7  1866   209.6  1970   682.7  1836
   64.8  1938   55.6  1926   54.2  1911   55.4  1979   58.7  1858   66.7  1948   79.0  2017   75.5  1952   73.0  1924   85.0  2002   76.9  1882   69.5  1986   173.0  1930   155.1  1930   194.3  1965   206.9  1865   680.6  1878
   64.8  1895   55.3  1844   53.6  1982   55.2  1836   58.3  1951   66.6  1866   78.9  1839   75.5  1939   72.9  1952   84.9  1944   76.4  1844   69.3  1845   171.7  1926   154.5  1941   193.9  1915   203.9  2022   679.4  1954
   64.7  1977   55.1  1865   53.1  1986   54.2  1849   58.2  1942   66.4  1911   78.0  1877   75.0  1841   72.5  1962   84.7  1853   76.4  1984   69.1  1998   170.7  1922   153.4  1879   193.5  1902   203.1  1839   678.7  1930
   64.1  1986   55.1  1946   53.1  2013   53.8  1913   58.1  2002   66.4  1900   78.0  1917   74.2  1845   72.0  1856   84.5  1896   75.4  1841   68.9  1928   166.8  1920   153.4  2006   192.9  1895   203.1  1946   677.3  1883
   63.1  1979   54.4  1935   52.9  1903   53.6  1889   57.4  1925   65.8  1953   77.7  1958   74.1  1966   70.8  1839   83.9  1955   75.1  1876   68.2  1918   165.6  1986   152.3  1978   192.6  2020   203.0  2012   676.7  2004
   63.1  1926   54.3  1837   52.1  1844   53.6  1872   57.3  1982   64.6  1847   76.5  1889   72.6  2001   70.7  1922   83.4  2021   74.6  2012   67.1  1945   165.3  1923   151.2  1988   192.5  1992   201.8  1899   675.5  1853
   62.8  1918   52.7  1906   51.9  1913   53.3  1953   57.2  1945   64.1  2017   76.0  1956   72.4  2015   70.5  1946   82.9  1961   73.9  1936   66.8  2021   164.2  1999   150.6  1913   192.1  1859   200.1  1859   675.4  1918
   62.5  1860   52.0  1969   51.8  1901   53.0  1963   57.1  1847   63.7  1859   74.7  1957   71.8  1854   69.2  1874   81.2  1870   73.9  1927   66.2  1900   163.3  1867   150.0  1882   191.9  1877   199.2  1923   675.2  1936
   61.9  1970   51.9  1941   51.2  1994   52.9  1934   56.9  1850   63.7  2003   74.5  1871   71.7  1846   69.2  1849   81.1  1980   73.3  1893   64.6  1923   162.9  1984   149.4  1886   191.7  1948   197.2  1925   674.5  1974
   61.8  1972   51.7  1954   50.9  1965   52.4  1973   54.5  1954   63.5  1890   74.3  1883   70.6  1971   68.6  1860   79.4  2014   73.2  1895   63.7  2000   162.2  1938   148.6  1845   190.9  2014   197.0  1929   673.5  1885
   61.5  1998   51.3  1922   50.2  1927   52.4  1994   53.8  1950   62.6  1853   74.2  1924   70.6  1872   68.2  1903   79.2  1966   72.2  1982   63.6  1880   161.8  1906   147.5  1965   190.3  1941   197.0  1967   670.6  1919
   60.6  1851   51.3  1861   50.2  1989   52.3  1901   53.8  1864   62.1  1916   73.8  2007   70.1  1888   65.6  1936   79.0  1859   71.5  2019   63.0  1969   161.7  1885   146.8  1910   190.3  1889   196.3  1961   669.9  1892
   60.5  1951   50.6  1955   50.2  1998   50.7  1930   53.8  1986   61.5  1954   73.7  1962   69.7  1857   65.6  1889   77.2  1907   71.2  2015   63.0  1947   161.5  1837   145.3  1898   189.8  1851   194.4  1942   669.3  1999
   60.1  1924   50.0  1853   49.7  1861   50.1  1910   53.4  1975   60.7  1841   73.4  1969   68.5  1897   65.1  1882   76.6  1929   70.1  1899   61.7  1912   160.6  1969   142.3  1909   189.5  2001   193.9  1950   668.1  1979
   59.1  1868   49.9  1996   49.7  1933   49.3  1925   53.1  1985   60.1  1928   73.2  1912   68.4  1889   64.8  1884   75.3  1992   69.5  1840   61.1  1920   159.6  1881   142.1  1919   189.0  1953   193.1  2013   660.3  1891
   58.5  1856   49.2  1892   49.5  1999   49.3  1880   53.1  1987   60.0  2021   71.5  1942   66.8  1853   64.5  1951   75.0  1994   69.1  1838   60.8  2018   158.9  1860   141.5  1987   185.9  1900   192.9  2008   659.5  1881
   58.5  1863   47.0  1836   49.3  1917   49.0  1857   52.9  1949   59.9  1973   71.3  1919   66.5  1866   64.5  1983   71.8  1849   69.1  2016   60.5  1924   158.6  1946   141.0  1952   184.9  1916   191.9  1954   659.2  1839
   57.3  1969   47.0  1880   47.5  1939   49.0  1961   52.7  1894   59.6  1955   70.3  1910   66.4  1839   64.3  1920   71.6  1886   68.9  1886   60.4  1927   157.7  1962   141.0  1897   184.1  1882   191.6  1926   657.3  1950
   56.9  1993   46.8  1980   47.4  1865   48.7  1992   52.2  1994   59.6  1894   70.0  1842   65.2  1930   64.2  1863   71.3  1986   68.8  1976   60.2  2003   157.4  1931   140.9  1914   183.6  1922   191.2  1843   656.7  1982
   56.7  1840   46.6  1961   47.1  2019   48.5  1905   51.9  1992   59.6  2020   70.0  2004   65.1  1905   63.7  2019   70.5  1981   67.8  1890   59.8  1976   156.7  1846   140.9  1885   183.4  1974   191.0  1932   656.6  1869
   56.7  1958   46.2  1978   46.5  1984   47.5  1858   51.8  1993   58.7  1836   69.8  1932   64.5  1862   63.5  1961   70.2  1928   67.0  1966   59.7  1847   156.4  1848   140.1  1918   182.6  1957   189.8  1889   654.0  1981
   56.5  1962   46.0  1997   46.2  1839   47.1  1950   50.8  1915   58.7  1896   68.9  2002   64.5  1915   63.5  1892   70.1  1881   66.7  2006   59.7  1859   156.1  1853   139.4  1864   182.4  2010   189.7  2006   652.7  1889
   56.2  1941   45.0  1967   46.0  1867   47.0  1991   50.7  1852   58.6  1898   68.7  1953   64.5  1925   63.4  1881   66.9  1893   65.8  1915   59.7  1946   154.7  1879   138.7  1939   181.6  1971   189.7  1911   649.2  1894
   55.6  1873   44.7  2021   45.9  1868   46.9  1927   50.1  1938   57.9  1947   68.5  1927   64.3  1858   63.1  1873   66.6  1851   65.5  1914   59.3  2013   154.4  1871   137.8  1925   180.4  1924   189.4  1855   648.3  1935
   55.4  2015   43.6  1852   45.6  1987   46.2  1903   50.0  2015   57.6  1897   67.9  1954   63.7  1894   62.5  1875   66.4  1862   65.2  1993   59.0  2011   154.3  1956   136.5  2004   180.3  2011   189.3  1869   641.2  1986
   55.4  1875   43.1  1839   45.0  1970   45.6  2008   49.8  1899   57.5  1956   67.0  1859   62.3  1868   62.4  1933   66.3  2006   64.4  1887   58.1  1884   154.3  1852   136.4  1922   180.2  1837   187.5  1894   640.4  1906
   54.9  1853   43.0  1873   44.7  1977   45.4  1850   49.7  1887   54.9  1862   66.2  1980   61.8  1908   61.3  2005   66.2  1938   64.2  1942   58.1  1906   153.7  2000   136.4  1993   180.1  1930   186.3  1881   638.6  1859
   54.8  1985   43.0  2018   44.6  1895   45.4  1959   49.1  1916   54.6  1989   64.9  1882   61.3  1859   61.1  1840   66.2  2005   63.6  1965   57.8  1867   152.9  1996   136.2  1846   178.7  2015   185.8  1949   637.9  1922
   54.7  1890   42.7  1871   44.4  1942   44.9  1843   48.9  2013   53.8  1933   64.7  1973   61.1  2018   60.2  1938   65.5  1894   62.7  1860   57.7  1841   151.8  1967   135.8  1905   178.6  1878   185.7  1981   637.6  1886
   54.5  1845   42.6  1889   44.2  1934   44.9  1962   48.8  2016   53.4  1965   64.6  1941   60.5  1957   59.2  2020   65.4  1925   62.7  1986   57.5  1952   151.4  1941   135.8  1859   178.6  2008   185.4  1936   637.5  1984
   54.4  2018   41.2  2011   43.4  1922   44.4  1866   48.5  2012   52.9  1974   64.5  1866   60.3  2017   59.1  1912   64.8  1895   60.7  1941   57.4  1977   151.1  1882   135.7  1985   177.3  1963   185.1  2014   637.5  1931
   54.1  2001   41.2  1940   43.0  1928   44.3  1978   48.4  1963   52.7  1857   64.0  1993   60.1  1965   59.0  2010   64.4  1935   59.4  1998   57.1  1866   150.8  1924   135.0  1899   177.0  1910   184.4  1938   636.8  2021
   53.9  1899   41.0  1994   42.8  1906   44.0  1862   48.3  1978   52.0  1873   64.0  1904   59.9  1969   58.5  1887   64.0  1916   59.4  1924   57.0  1942   150.1  1955   134.6  2014   176.4  1978   184.4  1891   632.9  1867
   53.8  1990   40.9  1983   42.7  1845   44.0  1897   48.1  1941   51.4  1907   63.3  1849   59.7  1945   58.0  2017   63.6  1926   59.2  1866   56.8  1898   150.1  1868   134.6  1888   176.3  1982   182.6  1874   631.5  1917
   53.2  1869   40.9  1933   42.6  1923   43.6  1917   47.8  1873   50.6  1977   63.2  1892   59.5  1919   57.7  1931   63.3  1911   59.1  1912   56.0  1839   149.3  1925   134.1  1853   174.0  1939   182.2  1863   630.2  1914
   53.0  1920   40.7  1947   41.9  1959   43.4  1837   47.6  1877   50.2  1984   63.0  1929   59.5  2011   56.9  1991   63.2  1868   59.0  1907   56.0  1994   149.1  2016   133.9  1940   173.6  1988   181.2  1913   629.1  1988
   52.3  1841   40.5  1914   41.6  1898   43.0  1878   47.6  1875   49.4  2009   62.0  1959   59.2  1844   56.7  2006   62.6  1873   58.4  1863   55.6  1935   149.1  1870   133.0  1891   173.3  1838   180.3  1965   627.9  2019
   51.3  1955   40.5  1888   41.6  1881   42.9  1987   46.1  1904   48.8  1924   62.0  1978   59.1  1994   55.6  1838   62.1  1883   58.3  1864   55.3  2006   148.6  1998   132.3  1989   172.9  1969   179.3  1849   626.1  1952
   51.3  1945   40.4  2005   41.5  1971   42.7  1894   45.8  1962   48.6  1881   61.3  1884   59.1  1950   54.0  1868   62.0  1854   58.2  1991   54.6  1982   148.0  1892   132.2  1901   172.3  1883   179.2  1916   621.6  1849
   51.2  1952   40.4  1989   41.3  1870   42.6  1999   45.5  1890   48.3  1888   60.4  2000   59.1  1923   52.8  1905   61.9  2022   58.1  1975   53.6  1922   147.2  1904   132.1  1984   171.9  1905   178.3  1887   618.6  1896
   51.1  1935   39.5  1960   41.3  1972   42.5  1944   45.5  1928   48.2  1910   59.9  1923   58.6  1910   52.6  1909   60.7  1953   58.0  1938   53.4  1981   147.1  1957   131.6  1890   171.2  1845   178.0  1951   618.6  1923
   50.3  2020   39.4  1945   40.8  1985   42.3  1888   45.5  2003   48.1  1945   58.3  2021   58.2  1979   52.0  1945   60.4  2010   57.9  1855   53.2  1930   146.8  1913   131.6  1902   169.2  1908   176.4  1909   617.6  1970
   50.2  1921   38.8  1908   40.0  1957   42.0  1972   45.4  1918   48.0  1943   58.2  2014   58.1  1896   51.9  1867   60.3  2008   57.8  1869   53.2  1956   146.1  1950   131.3  1970   169.1  1858   174.9  1957   617.2  1928
   49.8  1897   38.7  2015   39.8  1873   41.9  1985   45.0  1913   47.6  1861   58.0  1844   57.9  1856   51.6  2008   59.6  1863   57.8  1949   53.1  1894   145.7  1887   130.4  1973   168.5  1871   174.5  1856   616.9  1994
   49.8  1844   38.1  1991   38.9  2007   41.7  1968   44.9  1946   47.6  1855   57.8  1981   57.5  1890   51.4  1862   59.6  1898   57.5  1925   53.1  1925   144.5  2022   127.7  1871   168.1  1928   174.2  1917   615.4  1969
   49.5  1965   38.1  2006   38.7  1904   41.5  1885   44.7  1988   47.4  1957   57.5  1843   57.3  1924   50.5  1967   58.0  1847   57.4  1972   52.6  1854   144.4  2015   127.1  1858   166.0  2019   174.2  1994   615.0  1978
   49.4  2010   37.7  2017   38.1  1887   40.4  1883   44.6  2004   46.8  1993   55.9  1845   56.5  1909   50.3  2015   57.4  1945   57.0  1997   52.4  1874   144.2  1899   126.4  2002   164.8  1920   173.9  1846   613.3  1926
   48.4  1930   37.4  2004   38.0  1932   40.0  1947   44.0  1855   46.7  1843   55.6  1925   56.1  1961   50.2  1982   57.3  1874   56.8  1990   52.2  1957   143.7  1893   126.1  1926   164.3  1857   173.5  1886   610.7  1941
   47.7  1904   37.0  1984   38.0  1891   39.7  1868   43.6  1926   46.2  1963   55.0  1928   55.2  1985   50.2  2021   57.3  1971   56.7  1843   51.9  1860   143.7  1947   125.8  2013   164.2  1919   173.2  1966   609.8  1900
   47.5  2017   36.8  1860   37.9  2006   39.5  1990   43.2  1842   45.9  1842   54.9  2003   54.8  2002   49.3  1937   57.1  1988   56.4  1913   51.6  2015   142.0  1865   125.5  1917   163.3  2009   172.8  1860   607.7  1925
   47.5  2009   36.6  1855   37.8  1886   39.4  1949   43.2  1841   45.7  1876   54.6  1986   54.5  2005   48.6  1943   56.8  1867   56.1  1874   51.5  1877   141.9  1959   125.4  1955   163.0  1862   172.7  1838   607.1  1888
   47.0  2013   35.6  1849   37.6  1955   38.5  2005   43.2  1968   45.7  1917   54.6  2008   54.5  1953   48.2  1932   56.6  1940   55.7  1928   51.3  1852   138.2  1876   125.3  1962   162.6  1998   172.1  1840   606.9  2006
   46.9  1903   35.6  1882   37.5  1882   37.9  1909   42.9  1997   45.5  1878   54.2  1926   54.1  1851   48.1  1923   56.6  1952   55.3  1880   51.2  1968   137.8  1983   124.1  1982   162.1  1986   171.0  1853   606.3  1967
   46.8  1885   35.5  1953   37.0  1983   37.8  1856   42.2  1933   45.4  2005   54.0  1899   53.8  2007   47.2  1853   56.1  2018   55.2  1977   50.3  2014   137.4  1850   124.1  1842   160.6  1926   170.9  1963   606.2  1961
   46.7  1894   34.9  1972   35.9  1915   37.5  1940   41.8  1943   45.4  1889   53.5  1848   53.7  1873   47.2  1963   55.8  1899   55.1  1856   50.0  1967   137.4  1974   123.5  1934   159.2  1867   170.8  1871   604.2  2017
   46.4  1931   34.8  1894   35.7  2002   37.2  1916   41.0  1866   45.2  1939   53.3  1939   53.0  1928   46.8  1872   55.3  1887   55.1  1923   49.9  1895   136.4  1917   122.9  1942   159.1  1893   170.5  2010   603.9  1948
   46.0  1883   34.5  1912   35.4  2009   36.9  1892   40.9  2019   45.0  1914   52.9  1840   52.8  1982   46.6  1864   54.6  1984   54.7  1898   48.3  1954   136.4  1840   122.2  1948   158.1  1873   169.8  1912   603.3  1857
   46.0  1968   34.1  1867   35.3  1930   36.2  1841   40.6  1965   44.6  1937   52.5  1873   52.1  2013   44.8  1955   53.8  1933   54.7  1967   48.3  1972   135.9  1971   121.5  1972   158.1  1977   169.7  1866   602.8  1940
   45.7  1893   33.9  1838   35.0  1866   35.6  1886   40.5  1865   44.2  1960   52.2  1856   52.0  1932   44.4  1917   53.7  1941   54.7  1905   47.9  1990   135.0  1908   120.5  1866   157.9  2002   168.8  1999   602.8  1851
   45.3  2002   33.5  1899   34.6  1962   35.6  1948   40.3  1966   43.3  2008   52.1  2020   51.9  1893   44.2  1847   53.6  1858   53.5  1987   47.4  1904   134.9  2008   119.6  2021   157.5  2016   167.8  1873   599.1  1862
   45.2  1910   33.2  1868   34.1  1920   35.5  1936   39.9  1977   43.3  1874   51.9  2011   51.4  1922   44.0  1846   53.2  1958   52.9  2013   47.2  1837   133.7  1875   119.2  1954   157.3  1844   167.2  2005   598.6  1842
   44.9  1974   32.7  1911   34.1  2012   35.4  1869   39.8  2001   43.2  1990   51.8  2005   51.2  1962   43.7  2022   53.1  1878   52.8  1881   47.1  1970   133.3  2009   119.2  1928   156.7  1850   166.0  1893   597.1  2009
   44.8  1891   32.6  1988   34.0  2010   35.1  1921   39.4  1906   41.9  1950   51.2  1860   50.2  1904   43.6  1911   52.5  2007   52.3  2001   46.7  1897   131.9  2011   119.1  1887   156.1  1918   165.3  1958   596.1  1942
   44.5  1917   32.2  1968   33.9  1960   35.1  1969   39.1  2005   41.1  1944   51.0  1944   49.2  1944   43.6  1970   52.1  1869   52.3  1959   46.1  1962   131.8  1872   119.1  1958   155.9  1951   165.0  1975   595.9  1907
   44.4  1884   31.9  1928   33.7  1841   35.0  1845   39.0  1859   41.1  1845   50.1  1972   48.9  1980   43.5  2013   51.9  1999   52.2  1900   45.9  1848   130.1  1902   118.7  1856   154.7  2006   164.8  2015   588.1  2016
   44.1  1836   31.8  1859   33.7  1859   34.3  2006   39.0  1971   40.3  1920   50.0  1985   48.4  1882   42.7  1954   51.9  1914   52.1  1837   45.6  2007   129.6  1991   118.2  1894   154.2  1993   163.7  2004   586.8  1980
   44.0  1927   31.7  1878   33.6  2021   33.7  1898   38.3  1972   40.0  1844   50.0  1914   48.1  1870   42.4  2016   51.8  1884   52.1  1850   44.9  1984   128.1  1861   118.1  1933   153.5  1964   163.0  2009   584.8  2010
   43.6  1991   31.2  1944   33.2  1889   33.0  1945   38.0  1882   39.8  1865   49.8  1852   47.9  1863   42.3  1877   51.6  1912   51.6  1931   44.2  1850   128.1  1968   118.0  1999   153.0  1842   162.4  1986   584.7  1837
   43.6  1940   31.2  2013   33.1  2004   33.0  1952   37.9  1952   39.6  1969   48.6  1937   47.8  2012   41.7  1956   51.6  1901   51.5  1918   43.7  1980   128.0  1927   117.8  1945   151.7  2005   160.6  2021   583.9  2015
   43.4  1879   31.1  1907   32.8  2017   32.9  1847   37.4  2018   39.3  2004   47.9  1838   47.4  1934   41.5  1942   51.5  1948   51.4  1985   43.7  1858   127.5  1895   117.5  1927   150.6  2021   160.2  1933   582.3  1985
   43.3  1947   29.3  1841   32.5  1855   32.5  2002   37.4  1953   38.5  1931   47.7  1947   47.4  1876   41.4  1948   51.1  1954   51.2  2010   43.6  1948   126.4  2002   117.3  1966   149.7  1973   159.5  1877   581.7  1944
   42.4  1944   28.8  1842   32.1  1883   32.1  1929   36.8  1883   37.8  1885   47.5  1907   47.3  1978   41.1  1934   51.1  1905   50.8  1854   43.3  1940   124.1  1975   117.1  1850   149.1  1945   159.1  1971   581.3  1845
   42.3  1983   28.7  1987   32.0  1902   31.8  1838   36.6  1892   37.6  2014   47.3  1963   47.2  1855   41.0  1988   50.9  1990   50.8  1919   42.7  1983   124.0  1929   116.6  1949   148.6  1886   158.8  1980   581.2  1957
   42.0  2012   28.7  1999   31.7  2005   31.6  1977   36.0  1908   37.4  1988   47.0  1837   47.2  1997   40.5  1870   50.6  1927   50.7  1903   42.6  1862   123.9  1940   116.2  1977   148.1  1896   158.5  1905   578.1  1932
   41.8  1981   28.4  2016   31.1  1925   31.5  1874   35.7  1853   37.4  1891   46.8  1881   46.8  1907   40.4  1908   50.3  1900   49.9  1980   42.4  1836   123.8  1972   115.1  1854   147.9  1861   157.5  1895   577.9  1956
   40.7  1876   27.9  2019   30.9  1838   31.4  1988   35.3  1920   37.4  1864   46.6  1870   45.1  1887   40.3  2012   49.6  1979   49.8  1961   42.2  1955   123.6  1878   114.3  1847   147.2  1991   156.8  1861   576.4  1911
   40.5  1878   27.3  1856   30.6  1946   31.3  1887   34.9  2022   37.0  1837   46.5  1836   44.8  1847   40.0  1894   49.6  1968   49.5  1851   42.2  1964   123.2  1894   114.1  1935   146.3  1863   154.3  1996   575.0  1846
   40.4  1862   26.5  1905   29.6  1892   31.2  1884   34.2  1929   37.0  1851   46.1  1974   44.7  1867   39.6  1904   49.1  1997   48.9  1957   41.9  1950   122.7  1851   114.0  1950   145.7  1907   153.3  1884   572.6  1963
   40.2  1929   26.3  1847   29.4  1871   30.7  1928   34.1  1923   36.8  2001   45.9  1846   44.7  1898   39.4  1861   49.0  1837   48.6  1979   41.8  1936   122.5  1945   113.8  1896   145.0  1897   152.7  1955   572.5  1977
   40.1  1887   26.2  1901   29.2  1885   30.5  1923   33.9  1837   36.7  1840   44.6  1989   44.6  1886   39.1  1837   48.9  1918   48.4  1983   41.7  1883   120.6  1942   113.3  1911   142.1  1854   152.4  1910   572.0  1899
   39.9  1854   26.2  1924   28.9  1884   29.1  1895   33.8  1912   36.2  1972   44.5  1970   44.6  1967   39.0  1913   48.2  1937   48.3  1865   41.7  1893   120.4  1857   113.2  1841   141.4  1944   151.7  1983   571.1  1897
   39.0  1992   26.0  1864   28.7  1991   28.9  1941   33.5  2009   35.8  1901   43.8  1854   43.4  1993   39.0  1972   47.9  1838   47.9  2018   41.6  1908   120.3  1921   112.5  1873   140.1  1856   151.6  1907   570.2  1855
   38.6  1849   25.9  1875   27.9  1958   28.9  1971   33.0  1857   34.1  2002   43.6  1862   42.9  1942   39.0  1844   47.5  1956   47.3  1962   40.5  1856   120.3  1987   109.4  1971   138.3  1846   151.6  1862   567.8  1844
   38.4  1980   25.5  1956   27.7  2022   28.6  1875   32.6  1917   34.0  1952   43.2  1901   42.9  1938   38.9  1915   47.4  1856   47.2  1859   40.0  1992   120.1  1849   109.3  2005   137.3  1996   150.9  1868   567.2  1871
   38.2  1839   25.3  1902   27.6  1846   28.2  1881   32.3  1909   33.7  1992   42.7  1902   42.1  1880   38.8  1953   46.4  1959   47.1  1943   39.7  1951   120.1  1842   109.3  1883   136.6  1932   150.3  1962   566.9  1983
   37.8  1911   25.2  1858   27.6  1945   28.1  1900   31.5  1911   33.3  1919   42.6  1961   41.4  1984   38.1  1921   45.9  1850   46.7  1847   39.3  1846   119.0  1907   108.6  1968   135.9  1923   149.7  1870   566.7  1895
   37.6  1976   24.9  1854   27.0  1907   27.8  1860   31.5  1900   33.3  1869   42.4  1949   41.1  1988   38.1  1850   45.9  1839   46.6  1845   39.2  1939   118.8  2012   108.1  1915   135.6  1904   148.9  1847   565.9  1971
   37.3  1982   24.7  1981   26.6  1853   27.7  1958   31.0  1935   33.1  2022   42.3  1996   41.1  1838   38.0  1987   45.8  1936   46.5  1891   38.9  1899   118.8  1856   108.0  1857   135.1  1989   148.5  1995   561.4  2013
   36.6  1882   24.6  1872   26.2  1974   27.6  1911   30.8  1957   32.9  1934   42.2  1913   40.9  1869   37.9  1926   44.2  1842   45.4  2004   38.5  1878   118.5  1953   107.5  2017   135.0  1898   146.9  1888   561.3  1890
   36.5  1923   24.6  1874   26.1  1857   27.2  1839   30.7  1905   32.7  1922   41.9  1857   40.8  1976   35.9  1878   43.3  2015   44.5  1892   38.4  1949   115.5  1839   107.2  1923   134.8  1836   146.5  2003   559.6  1856
   36.3  1946   24.5  1850   25.5  1899   27.0  2020   30.2  1914   32.4  1979   41.5  2019   40.8  1920   35.0  1888   43.1  1910   44.0  1933   36.6  1921   114.8  1993   107.2  1912   134.2  1847   145.3  1973   556.6  2018
   36.0  1914   24.4  1942   25.4  1878   26.8  1946   29.8  1861   32.2  1981   41.3  1945   39.4  1850   34.0  2007   42.8  2009   44.0  1937   35.7  1875   114.8  2019   105.7  1904   133.1  1876   144.5  1928   555.7  1920
   35.4  1850   24.2  1948   24.6  2020   26.3  1933   29.5  1976   30.8  1961   40.6  1991   39.3  1943   34.0  1845   41.7  1996   43.3  1968   34.6  1973   113.0  1844   105.6  1868   132.4  1942   144.0  2016   555.2  1975
   34.2  1957   23.7  1840   24.3  1921   26.2  1956   29.4  1964   30.5  1877   40.3  1951   39.2  1970   33.7  1939   41.6  1840   42.3  2017   34.2  1838   112.8  1918   104.9  1953   131.5  1952   143.1  1915   552.4  1945
   33.9  1934   23.7  1949   24.3  1847   25.1  2003   29.1  1897   30.4  2010   40.0  1876   39.1  2000   33.7  1978   41.6  1943   42.2  1921   34.0  1902   112.8  1863   103.1  1892   130.9  1925   142.7  1914   550.6  1873
   33.8  1916   23.7  1964   24.3  1949   25.0  1873   29.1  1839   30.4  1967   40.0  1938   37.5  1937   33.0  1886   41.5  1860   42.2  1857   33.6  1996   112.8  1843   102.8  1861   130.7  1937   141.5  1937   549.5  1995
   33.8  1954   23.5  1918   24.0  2015   24.6  1902   29.0  1940   30.4  1884   39.0  1967   37.4  1874   33.0  1916   39.9  1957   42.1  1873   33.6  1861   112.1  1985   102.5  1839   130.4  1962   140.2  1837   544.6  1868
   33.5  1842   23.1  1898   23.7  1968   24.2  1943   28.4  1921   30.2  1951   38.6  1900   37.4  1885   32.3  1990   39.8  1902   41.3  1934   32.9  1855   111.7  1965   102.3  1946   129.5  1961   139.9  1990   541.3  1908
   32.9  1843   23.0  1870   23.2  1849   23.8  2013   28.0  1901   30.0  1856   37.1  1934   37.1  1842   32.0  1906   39.8  2003   41.2  2007   32.9  1889   111.2  1952   102.1  1959   126.3  1884   138.9  1991   541.2  1905
   31.9  1989   21.8  1975   23.1  1967   23.6  1890   27.9  1846   28.8  1913   37.1  1948   36.8  1949   30.5  2002   39.6  1919   39.8  2005   32.4  1974   110.2  1855   101.1  1906   125.4  1914   137.7  1851   539.8  1929
   31.8  1967   21.8  1890   22.8  1843   23.3  1861   27.9  1961   28.5  1899   36.8  1933   36.7  2019   29.8  2018   39.3  1989   39.3  1917   32.3  1943   110.2  1981    99.9  1980   124.6  1935   137.2  1943   539.2  1989
   31.7  1996   21.7  1846   22.7  1894   23.3  1980   27.7  1939   28.0  1970   36.2  1971   36.7  1926   29.5  2004   38.9  1983   39.2  1853   32.2  1903   110.2  1982    99.0  2019   124.2  2003   136.6  1879   534.2  1913
   31.6  1847   21.4  1884   22.6  1879   23.2  1896   27.4  1922   28.0  1915   35.0  1916   36.4  1935   28.7  1902   38.8  1963   38.4  2020   32.1  2005   109.3  1890    98.8  1865   121.6  1840   136.1  1850   532.4  1997
   30.7  1933   20.9  1973   22.5  1880   23.0  1891   26.5  1893   27.6  1994   34.4  1975   36.4  1921   28.5  1901   38.8  1877   38.2  1849   32.1  1975   108.3  1901    98.0  1837   121.5  1870   133.8  2018   529.6  2005
   30.6  1874   20.3  1952   22.2  1910   22.7  1863   26.5  1944   27.2  1995   34.0  1997   35.9  1989   28.4  1986   38.6  1934   37.4  1981   31.8  1944   107.5  1884    96.1  1995   120.4  1959   133.0  1864   528.3  1962
   30.5  1925   20.0  1965   21.8  1863   21.4  1915   26.4  1934   26.8  1870   33.2  1976   35.6  1901   28.2  1947   38.4  1890   37.4  1999   31.8  1892   105.9  1944    94.8  2015   119.7  1981   132.9  1988   522.9  1955
   29.8  1907   20.0  1943   21.6  2014   20.9  1904   26.3  1874   26.5  1854   32.7  2013   34.6  1884   28.1  1858   38.4  1915   37.0  1948   31.3  1941   105.7  1954    93.8  1881   119.5  1849   132.2  1953   517.4  1861
   29.6  1966   19.8  1962   21.5  1900   20.7  2015   26.0  1995   26.1  1975   32.2  1998   34.4  1918   27.8  1919   37.9  1845   36.7  1884   31.2  1887   104.7  2017    91.9  1895   119.0  1994   131.2  1854   516.9  1938
   28.8  2005   19.6  1917   20.9  1858   20.3  1942   25.9  1999   25.8  1908   32.2  1994   34.3  1998   27.8  1980   36.9  1964   36.1  1902   30.8  1888   101.8  1886    90.5  1991   118.5  1906   130.2  1922   516.7  1893
   28.8  1950   19.5  1939   20.7  1837   20.2  1842   25.4  2010   25.4  1893   31.7  1898   34.2  1849   27.7  1910   36.8  1908   36.0  1958   30.7  1871   100.2  1905    89.4  1875   117.5  1934   129.9  1948   516.4  2003
   28.5  1881   19.5  1982   20.4  1874   19.4  1854   24.5  1936   25.4  1959   31.5  1983   34.1  2009   26.9  1966   36.8  1946   35.8  1904   29.7  2004    98.9  2005    88.7  1880   116.6  2000   129.5  1897   515.7  1838
   28.1  1870   19.2  1845   19.5  1918   19.4  2014   24.5  1851   24.7  1858   31.4  1896   33.6  1955   25.8  1893   36.7  1973   35.4  1964   27.2  1865    97.2  1838    88.0  2003   116.0  1984   129.0  1931   515.1  1847
   27.6  1896   19.0  1930   19.5  1996   19.0  1914   24.4  1871   24.4  1930   31.2  1964   33.0  1959   25.7  2011   32.6  2016   35.2  1922   27.1  2008    97.2  1847    87.9  1921   114.9  1943   127.7  1945   514.0  1850
   27.0  1848   18.6  2008   18.9  1936   18.9  1906   24.1  1881   24.2  1867   30.5  1999   32.3  1990   25.3  1914   30.7  1921   34.9  1879   27.1  1971    95.6  1903    85.6  1838   114.5  1901   127.7  2007   512.6  1976
   26.8  1871   18.4  1976   18.6  1956   16.1  2009   24.0  1960   22.9  1918   30.0  1874   32.3  2021   25.0  1989   30.5  1962   34.8  1988   26.6  1863    94.5  1859    85.2  1961   114.0  1967   126.6  1941   509.2  1902
   26.6  1949   17.9  1993   18.1  1993   15.9  1870   22.8  1838   22.6  1929   29.8  2010   32.0  2022   24.6  1891   29.9  1871   34.7  1901   26.5  1917    94.5  1989    85.0  2009   113.7  1929   126.0  1867   508.7  1904
   26.3  1905   17.9  1851   17.9  1948   15.3  1995   22.2  1888   22.5  1941   29.3  1995   32.0  1840   24.5  1949   29.6  1904   34.6  1932   26.4  1885    94.5  1888    82.6  1840   111.8  1970   123.2  1890   507.4  1953
   26.2  1932   17.8  2012   17.5  2003   15.1  2010   22.2  1863   22.2  1983   28.7  2006   30.7  1906   22.7  1855   28.5  1888   34.3  1848   25.6  2010    94.5  1914    82.0  1855   111.7  1979   121.0  1934   505.7  1854
   26.1  2019   17.4  1938   17.4  1924   14.8  1852   21.9  1876   22.1  1849   27.6  1943   30.4  1914   22.4  1843   28.1  1864   34.3  1846   25.2  1987    94.4  1889    81.1  1900   111.5  1933   120.6  1898   504.0  1898
   25.5  1953   17.2  2003   16.5  2000   14.3  1864   21.8  1996   22.0  2015   27.3  2016   29.7  1981   22.2  1940   27.4  1876   34.1  1871   24.8  1931    94.0  1949    79.8  1943   110.7  1874   119.1  1900   502.9  1934
   25.0  1861   17.0  1913   15.3  1990   14.2  1960   20.3  1927   21.4  1904   25.7  1887   29.6  1836   21.6  1851   26.9  1970   33.8  1868   24.2  2001    93.0  1898    79.0  1936   110.0  1947   118.5  1845   497.4  1973
   24.7  1908   17.0  1986   14.9  1966   13.7  1976   20.0  1868   21.2  1938   24.9  1847   28.8  1875   21.3  1971   26.5  1866   33.8  1862   22.3  1991    92.4  1896    78.9  1884   109.3  1972   118.3  1919   492.6  1858
   24.6  1963   16.7  1992   14.8  1850   13.5  1997   19.0  1974   20.9  1986   24.7  1982   28.4  1913   21.1  2003   25.4  2011   33.1  1995   22.2  1905    92.2  1841    78.4  1944   108.9  1899   118.3  1997   492.0  1863
   23.3  1898   16.3  1963   14.2  1953   13.5  2017   18.8  1884   20.7  1846   24.4  1984   28.1  1929   19.6  1895   24.3  1922   32.7  1953   22.2  1988    90.3  1997    78.3  1874   106.9  1940   118.2  2017   490.6  1964
   22.8  1888   15.7  1971   14.1  1935   13.2  1982   18.7  1970   20.3  2013   24.2  2018   27.9  1964   19.2  1979   23.9  1991   30.9  1947   21.6  1842    88.1  1976    77.8  1852   105.0  2013   117.4  1979   490.0  1947
   22.1  1987   15.1  1920   13.8  1943   12.7  1984   18.3  1870   20.1  2006   23.4  1905   27.8  2016   18.6  1928   23.8  1930   30.8  1989   20.6  1851    87.2  1845    77.6  1957   105.0  1911   114.8  1901   488.9  1949
   21.5  1892   15.0  1909   13.7  1854   12.1  2022   18.2  1895   18.8  1895   22.2  1878   26.5  1899   18.3  1854   23.7  1879   30.5  1889   20.3  1953    87.0  1963    75.5  1870   104.1  1938   112.7  1956   488.1  1901
   21.3  2000   15.0  1887   13.5  1976   11.4  1974   17.0  1836   18.6  1949   22.1  1863   26.2  1911   17.9  2014   23.2  1977   30.5  1897   19.7  1853    86.3  1862    74.7  2022   100.8  1955   111.0  1921   484.9  1943
   21.0  1889   14.8  1896   13.4  1973   11.4  1955   16.9  1880   18.5  1868   22.0  1952   25.2  1973   17.5  1996   22.0  1920   29.9  2011   19.7  1864    85.8  2006    74.5  2010    99.3  1913   110.3  1858   483.8  1990
   21.0  1855   14.8  1929   13.2  1875   11.0  2019   16.6  1956   18.0  1942   21.1  1979   24.3  1864   17.0  1890   21.5  1951   29.4  1973   19.5  2016    85.6  1973    72.3  1844    97.8  1949   106.3  1920   482.6  1870
   20.3  1902   14.7  1903   13.1  1950   10.9  1865   16.2  2011   17.4  1886   19.5  1885   23.6  1883   16.6  1900   20.1  1897   28.6  1896   18.4  1879    84.5  1854    72.1  1960    94.7  1885   105.2  1908   482.4  1884
   19.8  1909   12.3  1862   12.7  1840    9.5  1938   16.0  1947   17.2  2000   18.9  1897   23.0  1972   16.5  1977   19.9  1861   28.5  1858   18.0  1913    84.2  1933    69.4  1938    94.2  1990   104.9  1904   480.7  1991
   19.7  1864   12.3  1985   12.3  1852    9.2  1996   15.4  1998   16.9  1923   18.6  1990   22.3  1936   15.9  2009   19.7  1931   28.0  1870   16.4  1926    78.0  1992    69.1  1990    91.0  2018   104.6  1902   480.5  1959
   19.4  1964   11.7  1863   11.5  1856    8.3  1954   15.2  1980   16.0  1850   18.1  1935   21.8  1991   15.4  1907   18.0  2017   27.9  1908   16.1  1963    76.4  1909    68.4  1929    90.4  1869   103.6  1972   479.3  1972
   19.0  1859   11.7  1932   10.9  1997    7.5  1844   14.8  1959   14.7  1932   17.6  1906   20.9  1933   14.8  1964   16.1  1965   27.0  2021   15.0  1890    72.3  1864    67.3  1997    89.7  1868   100.3  1959   479.1  1874
   17.3  1858   11.2  1934    9.9  1938    6.8  1957   14.8  1991   14.0  1996   16.9  1864   18.4  1871   14.5  1985   15.3  1950   25.2  1994   13.6  1873    70.8  1880    66.8  1863    85.6  1976    95.1  1989   474.9  1933
   16.5  1973    9.7  1895    9.4  1944    6.0  1840   14.3  1990   13.3  1887   16.2  1869   16.3  1975   13.4  1929   15.2  1975   23.9  1955   13.5  1844    68.7  1874    61.4  1956    84.0  1887    94.9  1977   467.7  1887
   16.4  2022    9.0  1921    8.5  1893    5.9  1912   13.1  1919   13.1  1940   12.3  1911   15.9  1861   12.1  1941   14.5  1985   23.5  1956   13.5  1933    62.7  1932    56.8  1976    78.6  1864    93.0  1969   467.4  1840
   16.1  1838    8.6  1886    8.3  1961    5.4  1855   12.7  1844   11.6  1976   10.1  1977   12.8  1983   12.1  1997   11.9  1995   23.2  1909   12.7  1932    61.4  1891    56.6  1974    76.8  1975    87.1  1964   457.3  1996
   15.8  1901    7.4  1857    8.3  1931    4.8  2021   12.0  1896   10.8  1925    9.1  1921   10.2  1940    6.6  1865    7.2  1972   23.0  1978   10.6  1840    59.3  1964    54.4  2020    70.5  2022    81.0  2011   454.4  2011
   15.6  2006    6.9  1998    7.3  1926    4.3  2011    9.5  1989   10.0  1921    8.9  1868    8.1  1995    6.3  1898    7.1  1969   20.0  1920    9.5  1857    58.6  1934    50.5  1996    66.4  1983    80.4  1985   416.5  1864
   10.7  1997    3.6  1959    7.3  2011    3.1  1893    8.7  1848    5.8  2018    7.5  1955    5.6  2003    4.4  1969    6.2  1947   18.4  1945    7.9  1843    51.9  1858    38.1  1893    64.6  1995    65.3  1947   350.2  1921
    5.4  1880    1.5  1891    2.1  1929    1.0  2007    2.8  2020    5.6  1962    5.4  2022    4.5  1947    1.7  1959    6.2  1978   17.3  1867    ---  2022     ---  1836    27.8  2011    55.5  1921    62.8  1978     ---  2022
