Areal values from HadUK-Grid 1km gridded climate data from land surface network
Source: Met Office National Climate Information Centre
Monthly, seasonal and annual total duration of bright sunshine for England and Wales
Areal series, starting in 1919
Last updated 01-Dec-2022 10:42
    jan  year    feb  year    mar  year    apr  year    may  year    jun  year    jul  year    aug  year    sep  year    oct  year    nov  year    dec  year     win  year     spr  year     sum  year     aut  year     ann  year
   77.2  2022  118.0  2019  176.2  1929  234.3  2020  297.6  2020  285.2  1957  283.7  2006  269.0  1995  192.4  1959  134.4  1959   91.5  2006   75.1  2001   218.2  2015   686.4  2020   748.6  1976   378.2  1959  1718.8  2003
   76.4  1959  116.6  2008  166.7  2022  228.9  2021  265.5  1989  277.6  1940  272.6  2013  268.9  1947  178.4  1929  131.3  1921   90.3  2005   69.6  2014   217.3  2000   596.4  1948   724.6  1989   375.7  1971  1710.2  1995
   74.1  2001  106.1  1949  165.7  2003  220.1  2015  251.1  2018  268.1  1975  266.2  2018  251.7  1976  176.5  1964  130.1  2003   86.0  1988   67.4  2008   213.0  1949   584.0  1990   694.1  1995   364.7  2003  1699.6  1989
   72.1  1952  105.7  1988  165.5  2012  218.0  1984  247.5  1992  262.5  1925  265.9  1955  236.1  2022  174.0  1928  128.7  1919   83.7  1925   65.7  1962   212.8  2008   556.8  1929   688.8  1975   353.5  1921  1683.7  1949
   70.7  2003  100.8  2018  160.6  1933  216.8  2011  246.7  1948  255.0  1960  262.4  1990  232.0  1989  172.5  1991  128.3  2018   83.3  1989   61.3  2009   212.3  2019   554.1  2011   676.1  2018   348.8  1999  1681.8  1959
   67.2  2012   97.2  1970  158.7  1948  216.7  2007  245.2  1990  250.3  1969  260.8  1989  219.5  1975  169.2  1933  128.1  1997   82.8  1996   58.0  1946   207.3  2018   545.8  2003   672.5  1959   346.2  1986  1671.5  2018
   67.0  2015   95.2  2003  156.3  1995  206.3  1942  236.4  1956  246.9  1949  253.2  1934  217.8  1933  168.4  2015  127.7  1971   81.9  1923   57.3  1999   206.0  2001   539.4  2009   670.6  1949   345.1  2018  1654.1  1990
   66.6  1991   93.6  2000  154.5  2009  204.6  1990  236.1  1922  244.7  2018  252.4  1976  215.2  1983  167.0  2003  125.7  2022   81.9  1971   56.8  2005   205.9  1963   537.4  1995   665.7  2022   344.6  1964  1651.9  2020
   66.5  2000   91.9  1934  154.5  2020  200.5  2010  233.4  1997  244.5  1976  248.4  1935  211.2  1990  166.1  1971  122.9  1999   81.6  1973   56.4  1961   203.4  1952   537.1  1921   659.3  2006   344.2  1929  1640.2  1921
   65.4  1965   91.0  2016  153.0  2007  198.9  1921  231.9  1943  239.0  1970  243.3  2014  208.6  2005  164.8  1986  121.7  2008   81.4  1977   56.2  1929   199.9  2003   536.4  2007   654.5  1933   341.1  2006  1630.6  1929
   65.0  1984   90.0  1989  152.9  1967  191.0  1948  227.8  1921  238.6  1950  240.8  1928  208.0  2003  163.9  1940  120.3  1995   79.7  2016   55.8  1967   191.3  2002   534.1  1956   648.9  1996   334.9  1928  1610.9  1955
   64.2  1963   88.9  1998  151.5  1955  190.7  2003  226.7  1929  238.5  1996  238.9  1984  208.0  1991  163.8  2020  118.1  1931   79.6  2017   55.3  2019   190.4  1989   532.0  1982   638.0  2013   329.4  1997  1603.1  1933
   64.1  1940   88.1  2004  147.4  1924  189.8  1945  226.5  2001  238.1  2010  236.8  1959  206.4  1959  162.6  1921  117.7  1955   78.4  1985   54.3  2012   190.0  2004   529.6  2010   636.9  1984   327.2  1996  1591.0  2006
   63.1  1994   86.7  1996  143.7  1982  188.6  2002  226.0  1977  236.5  1962  234.1  1921  204.6  2016  162.4  2019  116.8  1922   75.9  2013   54.0  1948   190.0  2014   526.4  2015   635.2  1940   326.1  1923  1588.5  2019
   61.5  1989   86.3  2001  139.1  1961  186.6  1969  223.8  1980  231.8  1989  233.5  1971  204.1  1998  157.7  1979  115.4  1994   74.8  1947   53.2  1976   189.3  2022   523.9  1997   633.5  2014   324.8  1955  1575.1  2014
   61.1  1933   85.4  2014  138.8  2014  184.1  1951  223.5  1971  229.3  1959  233.1  1999  201.1  2019  156.5  1954  115.1  2010   73.8  1965   53.0  1965   188.7  1933   523.5  1943   624.6  1935   324.1  1947  1565.7  2007
   60.1  2017   83.1  1928  138.5  1938  183.6  1946  223.3  1919  229.2  1921  232.3  1983  199.9  1919  155.6  2004  113.1  1920   73.2  1975   52.8  2004   188.6  1988   515.6  2022   622.2  1934   323.6  2016  1565.5  1975
   60.0  2007   82.9  1943  137.8  1931  182.6  1954  223.3  1959  227.2  1942  225.2  1995  199.2  1949  155.5  2006  112.2  2011   73.1  1986   52.7  2003   187.7  1934   514.5  1955   616.3  1955   323.5  2007  1564.0  2015
   59.9  1931   82.3  1939  137.2  2011  181.9  2022  222.3  1949  226.6  2006  224.5  1949  199.0  1923  154.9  1923  110.5  2016   72.4  1998   52.4  2017   187.2  2020   513.6  1953   614.1  1983   323.1  1975  1562.1  2009
   59.7  1980   82.1  2022  136.0  1956  178.9  2017  217.2  1966  226.0  1951  221.5  1997  197.9  2007  154.9  1999  110.4  1965   72.1  1969   52.4  1984   186.7  2012   508.0  2021   612.4  1921   321.9  1979  1553.2  2010
   59.7  2010   81.5  2015  134.2  1990  176.9  2019  215.4  1940  221.9  1973  220.5  1996  196.1  1953  154.4  1997  110.3  1961   71.1  1999   52.2  1994   186.4  1962   504.4  2019   612.0  1947   321.9  1988  1552.6  1976
   59.3  1962   81.4  1933  133.8  1953  174.6  1995  214.6  1982  221.2  2015  219.4  1994  195.0  1955  153.8  2002  110.0  1964   69.8  1972   52.2  2013   182.5  2009   503.4  1949   608.2  1928   320.0  1919  1543.8  1997
   58.6  1999   80.8  1952  133.5  1972  173.7  1982  214.6  2005  219.8  1930  218.7  1933  191.6  1935  153.8  2012  109.5  1951   69.2  2007   51.6  1952   181.8  1998   501.9  2016   605.4  1969   319.4  2005  1542.5  1943
   58.6  1979   79.3  1999  133.5  1973  172.6  1968  214.4  2009  218.0  1933  212.7  2022  191.6  1984  153.1  1934  109.1  1981   68.8  1978   51.5  1925   180.5  2005   501.2  1989   595.5  1994   318.3  1995  1538.4  1999
   58.5  1967   79.3  1957  130.3  1943  171.7  1938  210.9  1935  217.5  1939  211.2  1929  190.5  2000  152.2  1955  109.1  1956   68.3  2010   51.5  1980   180.5  2010   499.4  2017   595.0  1990   317.0  2011  1534.6  2016
   58.2  2009   79.2  1955  127.2  1965  170.5  2009  209.7  1953  216.8  2022  209.0  1969  189.9  1996  150.0  2018  109.1  1930   68.0  2021   51.1  1973   178.6  1985   493.1  1922   589.7  2003   316.5  2010  1533.6  2011
   56.0  2005   78.4  1967  127.0  1944  170.2  1939  209.4  2016  216.0  1961  208.9  1941  188.6  1926  149.9  1981  108.4  1986   67.6  2003   51.1  1957   177.1  1999   489.1  2012   586.2  1950   315.0  2012  1526.7  2001
   55.4  1934   78.0  1922  126.9  1945  170.1  1953  206.7  1944  214.0  1967  204.4  1943  187.8  1964  149.5  2005  107.7  1975   66.8  2018   50.9  1983   176.4  2006   485.7  1945   585.5  1925   312.2  1973  1521.1  1940
   55.4  1986   77.6  1985  126.7  2015  169.2  2016  206.6  1995  211.2  1922  201.3  1975  186.9  1944  147.2  2007  107.6  1962   66.7  1930   50.9  1960   175.9  1967   483.4  1946   582.8  1929   311.7  1933  1520.3  2013
   54.6  2020   77.3  2020  126.0  1997  168.2  1980  206.5  1957  209.0  1929  201.2  2021  186.3  1930  145.3  1990  107.6  1996   66.6  1995   50.8  1986   175.0  2007   481.2  1942   577.1  1941   308.2  1940  1516.1  2005
   54.5  1954   76.8  1973  125.9  2019  166.8  2013  205.8  1961  208.8  2003  198.5  2019  185.7  1981  145.3  2011  107.1  2007   66.6  2012   50.7  2016   174.8  1984   479.6  2002   575.6  1951   308.0  1981  1508.6  1984
   54.4  1928   76.8  1960  124.7  2010  166.2  1949  204.4  2010  208.0  1994  198.0  1967  184.8  2014  145.0  1987  107.0  1993   66.5  1952   50.6  1979   171.9  1995   477.8  1944   574.0  1999   305.9  2022  1507.4  1935
   54.1  2018   75.9  1963  123.2  2016  165.5  1994  203.9  2004  207.9  1992  197.8  1951  184.5  1937  144.3  1919  106.3  1983   66.3  2001   50.5  1951   170.1  2016   473.7  1980   572.1  2005   305.3  1991  1506.6  1996
   54.0  2019   75.7  1920  122.5  1950  164.5  1997  203.8  1998  206.4  1984  195.7  1924  183.5  1993  144.2  1949  106.1  1947   66.1  1967   50.5  1936   169.5  1991   470.0  1938   569.2  1930   304.5  1985  1493.8  1948
   53.9  1956   75.1  2002  120.0  2017  163.7  1955  201.5  2019  205.6  1919  193.3  1977  183.4  1997  143.8  1953  105.7  1929   64.9  2009   50.1  2007   168.7  1956   469.6  1977   567.2  1967   303.6  1949  1492.9  1928
   53.2  1990   74.8  1990  118.9  1932  161.7  1956  200.6  2017  205.4  2014  191.3  1946  182.5  1940  143.2  1947  105.4  1980   64.5  1943   49.5  1996   168.3  2013   463.0  2008   567.0  1970   302.7  1990  1483.1  1973
   52.9  1949   74.0  1936  118.8  1968  161.3  1943  200.1  2011  204.8  1932  189.7  2001  182.1  2013  142.4  2009  103.8  1928   64.4  1948   49.4  1944   168.3  1959   462.9  1959   566.3  1957   301.9  2002  1482.8  1934
   52.4  2014   73.5  1956  117.9  1962  159.8  1960  199.6  1942  204.2  1941  189.5  1985  182.0  1972  142.2  1978  103.4  2001   63.3  1938   48.2  2010   168.2  1994   461.4  1935   560.7  2019   301.5  1925  1482.6  2017
   52.1  2011   73.5  1986  117.8  2000  159.4  2006  199.4  1952  200.9  2009  186.7  1953  181.2  1974  142.2  1975  103.0  1952   63.2  1961   47.7  1970   167.1  1939   455.9  1957   560.5  1960   299.6  1961  1479.5  2008
   52.0  1982   73.4  2021  117.7  2008  158.7  1922  199.3  1955  199.9  1995  185.6  2016  177.5  1936  141.6  1973  102.9  1987   62.8  1976   47.6  2011   166.8  1987   455.0  2018   559.9  2015   299.1  2021  1475.2  1952
   51.9  1987   72.9  1983  116.0  1966  158.6  1952  199.1  1978  199.3  1986  185.1  1991  177.0  1973  141.2  1966  102.6  1938   62.8  1979   47.1  1949   165.4  1981   454.1  1973   558.5  2001   298.1  2004  1474.3  2021
   51.9  2006   71.9  2012  115.6  1986  158.0  1977  196.0  2012  198.5  2008  184.3  2008  176.8  2001  141.0  1937  102.0  1941   61.6  1940   46.8  1964   164.9  1945   454.1  2014   556.6  1961   297.8  1943  1468.9  1994
   51.4  1988   71.8  2005  114.9  1949  156.5  1957  195.2  1975  197.7  2004  183.5  2015  174.9  1928  139.5  1982  101.8  1936   61.5  1957   46.6  1926   164.4  1986   453.9  1933   555.2  1973   297.8  1987  1468.5  2004
   51.4  1923   71.5  1946  114.0  1920  156.1  1936  195.2  1974  197.4  1943  183.3  1925  174.2  1961  138.2  2021  101.4  1979   61.5  1960   46.2  1932   164.3  1930   452.2  1939   552.2  1943   296.9  1978  1468.0  1967
   51.4  1998   71.2  2013  114.0  1978  154.4  1927  194.2  2000  197.2  1934  182.1  1923  173.7  1988  137.2  1988  100.9  1977   61.3  1990   46.1  1963   164.0  1928   450.2  2000   551.5  1926   296.4  2009  1461.0  1925
   51.0  1992   70.7  1962  113.5  1940  154.3  1987  193.4  1946  196.4  2011  181.9  1950  173.6  2017  136.9  1996  100.8  1969   60.8  1937   45.6  2000   163.5  2017   449.7  1927   549.8  1919   296.2  2019  1458.4  1970
   50.9  1945   70.5  2007  113.0  1994  154.3  1962  193.3  1939  194.8  1920  181.3  1964  172.8  2004  136.4  1935  100.6  1926   60.0  1929   45.2  1938   161.7  1997   449.6  2001   549.8  2009   295.9  1989  1456.7  1953
   50.8  1947   70.2  1995  112.4  2002  154.2  1999  193.1  1988  192.5  1928  181.1  2017  172.1  2009  136.0  1963   99.5  1949   59.8  1949   45.0  1954   161.1  1977   448.9  1974   543.8  1993   295.9  2015  1454.6  1957
   50.7  1932   68.8  1948  112.2  1993  153.9  1976  192.8  1934  192.4  1974  179.2  1963  172.1  1965  135.0  1943   99.5  1985   59.8  2020   44.5  2006   160.7  1968   447.3  1952   539.7  2010   294.6  1980  1454.5  1961
   50.0  1958   68.2  1921  112.0  1935  153.9  1929  192.2  2008  192.2  1993  178.7  2007  171.8  1934  134.7  1942   99.2  1945   59.5  1921   44.3  1990   160.2  1983   447.2  1950   539.2  2017   292.7  1977  1450.5  1986
   50.0  1978   67.9  1968  111.9  2021  153.8  1974  190.2  1970  191.9  2001  177.5  1979  169.5  1966  134.6  1970   98.7  1988   59.5  2011   44.1  1974   160.0  1943   445.1  1919   536.8  1997   292.3  1954  1445.2  1919
   49.5  1995   67.7  2006  110.4  1970  153.6  1973  189.8  1920  191.7  2021  176.9  2009  169.3  1952  134.1  1944   98.4  1943   58.5  1980   43.8  1935   159.9  1974   444.8  2004   535.5  2004   291.5  2008  1444.1  1971
   49.2  2004   67.3  1932  110.4  1921  153.2  1950  189.5  2003  191.4  1963  176.8  2011  168.4  1970  134.1  2014   98.1  1939   58.3  1922   43.4  2020   159.0  1955   444.7  1940   534.7  1952   291.0  2020  1441.3  1947
   49.1  1946   67.3  1925  110.3  1927  153.1  2008  188.7  1964  191.0  1926  175.8  2005  168.1  1994  133.7  1939   96.9  1998   58.2  1964   43.2  1943   158.3  1946   444.5  1992   533.2  1974   290.6  1930  1439.5  1951
   48.9  1930   67.1  1981  108.7  1985  148.9  1947  188.2  1987  190.5  1952  175.2  1940  165.7  1950  133.4  2016   96.9  1950   58.0  1920   43.0  1981   158.2  1970   444.0  1984   530.4  1953   289.2  1965  1434.6  1950
   48.7  1985   65.8  1971  108.0  1958  148.6  1925  187.9  2013  189.0  1968  174.9  1952  165.2  2018  133.1  2010   96.3  1970   57.9  2022   42.6  1991   157.6  1920   443.5  1968   530.1  1942   288.8  1998  1432.0  2012
   48.7  1924   65.2  1997  107.7  2004  148.3  1991  186.4  1986  188.4  1938  172.9  2003  164.0  1941  131.5  1995   96.1  1990   57.4  1951   42.3  1993   157.6  2021   442.3  1924   528.0  1991   288.6  1952  1430.2  2000
   48.3  1920   65.0  1975  106.5  1976  147.4  1965  185.0  1927  187.8  1999  172.8  1942  162.6  1929  131.0  1974   95.4  1927   57.4  2000   42.0  1923   157.3  1992   442.0  1961   526.4  1992   284.9  1970  1419.6  1962
   48.2  1976   64.6  1945  106.4  1946  146.4  2014  185.0  1963  187.7  2005  172.8  1945  161.8  1932  130.6  1980   94.8  1984   57.1  1928   41.7  1992   157.1  1922   440.6  1987   525.2  2007   284.1  1972  1419.5  1988
   47.9  1974   64.4  1941  105.9  1999  146.3  1958  182.4  1960  184.6  1935  172.3  1948  161.8  1979  126.7  1985   94.6  2012   56.6  1927   41.5  1997   156.7  1936   440.0  2005   523.0  2021   283.1  2001  1416.1  1982
   47.9  1935   64.1  1969  105.9  1930  145.9  2005  181.0  1936  184.5  2017  172.0  1926  160.5  1992  126.1  1961   94.5  2004   56.4  1956   41.3  1955   155.7  1958   437.7  1962   521.6  2016   282.2  2013  1415.5  1922
   47.0  1997   64.0  1987  105.8  1934  144.9  1959  179.6  2015  183.5  1945  170.4  1958  158.8  1945  126.0  1989   94.1  2006   56.3  2008   40.8  1924   155.1  1932   436.7  1965   521.6  1962   281.3  1937  1414.8  2002
   46.8  1981   64.0  1950  104.1  1941  144.1  1944  179.2  1996  183.4  2013  168.3  1987  158.7  1939  124.4  1925   93.5  1925   56.3  1993   40.7  1975   154.4  1990   433.9  2013   517.3  1939   280.5  1953  1407.6  1977
   46.8  1957   63.7  1992  101.7  1963  142.3  1933  178.7  2002  180.0  2020  168.2  1993  157.8  2012  123.4  1948   93.3  2002   56.1  1982   40.7  1982   153.7  1980   433.8  1967   516.9  1923   280.2  2014  1404.7  1956
   46.5  1983   63.6  1951  101.3  1989  139.9  1924  178.2  1937  179.2  1947  167.0  1982  157.3  2002  123.0  1960   92.8  2021   55.8  1992   40.6  1995   152.1  1953   433.1  1951   515.4  2011   279.8  1922  1403.8  1942
   46.1  2008   63.1  1938   99.9  1974  138.5  1935  178.2  1979  175.8  1965  166.5  1961  156.9  1982  122.5  1972   92.7  1958   55.6  2014   40.5  1933   150.7  1961   432.5  1971   515.1  1945   279.2  1948  1403.5  1939
   45.9  1977   62.8  1994   99.6  1937  138.2  2000  176.3  1958  173.6  1927  165.0  2004  156.5  1960  122.4  2022   92.5  1944   55.2  1933   40.4  2018   150.2  1973   431.5  1954   513.6  1964   278.9  1938  1403.5  1969
   45.8  2016   62.1  1953   98.9  1954  137.7  1983  173.1  1947  170.7  1937  164.3  1972  156.3  2020  122.1  1958   91.9  1967   55.2  1950   40.3  1928   149.7  1979   430.5  1958   512.9  2000   278.8  1920  1402.5  1974
   44.9  1927   62.1  1977   98.8  1926  134.6  1972  172.0  1993  168.3  1936  163.9  1947  156.2  1985  121.7  2013   91.8  1972   55.1  1935   40.1  1950   149.7  1937   430.4  1970   511.8  1985   278.7  2017  1388.9  1960
   43.5  1951   61.2  1944   98.3  1922  134.4  1989  171.6  1950  168.1  1988  163.4  1966  155.3  1967  121.6  1926   91.4  2015   55.1  1954   39.7  1972   149.6  1971   430.0  1986   506.1  1979   277.9  1966  1386.8  1992
   42.9  1943   60.9  1974   98.1  1987  133.7  2001  170.3  2006  167.7  1924  163.3  1986  155.1  2015  119.5  1998   91.3  1948   54.9  1955   39.4  1940   149.5  1965   428.3  1994   503.7  1971   277.3  1935  1385.6  1945
   42.8  2013   60.7  1959   97.5  1925  133.3  1988  169.5  1926  167.6  1946  163.1  1930  154.3  1931  119.1  1952   90.6  1992   54.8  2002   39.1  1939   149.3  1925   426.4  1978   502.6  1924   274.3  1967  1384.9  1979
   42.4  1964   60.3  1937   96.7  2006  133.1  2004  169.0  1945  166.8  1979  162.9  2020  153.2  1927  118.1  1932   90.4  2014   54.0  1970   39.1  1998   148.2  1931   426.4  2006   499.2  2020   273.1  1951  1380.2  1983
   42.1  1938   60.0  1954   94.7  1959  133.1  1928  168.8  2014  166.6  1983  162.8  2002  153.1  1999  116.5  2017   89.8  2000   53.4  1931   38.9  1966   147.9  1996   426.2  1976   498.5  1977   272.9  1969  1379.7  1946
   41.9  1919   59.8  1961   94.4  1919  131.5  1996  168.0  1925  166.2  1985  159.6  1970  152.6  1962  116.3  1967   89.5  1953   52.5  1942   38.9  1988   147.8  2011   425.3  1966   498.3  1946   272.9  1939  1376.4  1938
   41.3  1925   59.4  2010   94.4  1923  131.4  1981  167.3  2021  165.1  1978  159.6  1974  151.9  1987  115.0  1968   89.3  1923   52.3  1966   38.8  1977   147.3  1950   422.0  1934   497.8  1966   271.7  1931  1376.4  1964
   41.2  2002   59.1  1930   92.9  1957  129.8  1970  167.2  1984  165.0  1966  158.8  1956  151.8  1951  114.9  1930   89.2  1932   52.2  1963   38.1  1921   147.1  1951   420.3  1999   496.4  1963   271.5  1942  1376.3  1985
   41.1  1922   59.0  1931   91.3  1971  128.8  1923  167.1  1973  164.0  2000  158.7  2012  150.4  1943  114.3  1962   89.1  2009   51.7  1974   38.0  1941   147.0  1964   420.3  1972   495.3  1932   271.2  1944  1375.2  1923
   40.8  2021   58.9  1984   91.0  1988  128.0  1975  167.0  2022  162.9  2002  158.4  2000  149.6  1977  114.3  2000   89.0  1973   51.4  1959   37.7  1945   146.5  1982   417.4  1988   494.9  2008   270.3  1926  1374.3  1991
   40.1  1961   58.6  1991   89.5  2001  127.9  1986  166.8  2007  161.5  1944  158.1  1992  149.5  2010  113.5  2008   87.3  1933   51.1  1991   37.1  1931   146.4  1957   414.1  1925   494.7  1986   267.8  1963  1366.3  1980
   39.7  1926   58.6  1979   89.3  1952  127.7  1985  165.7  1976  161.1  2019  156.2  1973  149.1  1921  113.4  2001   86.6  1989   49.9  1936   36.6  1922   146.3  1954   414.0  1960   493.1  1998   267.7  1934  1364.6  1930
   39.6  1972   58.5  1964   88.7  1939  127.6  2012  165.5  1962  159.6  1931  152.1  2010  149.1  1938  113.0  1938   85.9  1978   49.8  1987   35.6  1985   145.9  1975   411.0  1975   492.5  1972   267.5  1974  1364.3  1998
   39.6  1929   56.9  2009   87.8  1975  127.3  1919  164.2  1923  158.5  1948  150.3  1998  149.0  2006  112.9  1992   85.8  1935   49.1  1984   35.2  1920   144.9  1927   409.4  1931   486.9  1922   267.0  1994  1356.8  1944
   39.6  1939   54.6  1958   87.2  1951  125.4  1932  162.5  1931  155.7  1977  149.7  1981  148.5  1956  112.5  1924   85.6  2019   48.9  1981   34.3  1942   144.1  1960   404.9  1936   485.8  1981   264.6  1962  1354.0  1963
   39.0  1937   54.6  1919   85.7  1977  125.4  1979  162.2  1965  155.6  1980  148.9  1960  146.1  1969  110.4  1977   84.9  1974   48.9  1924   34.1  2002   142.8  1924   403.5  1963   484.3  1988   264.6  1993  1345.9  1965
   38.9  1936   53.4  1927   85.5  1979  123.7  1992  161.8  1951  155.4  1955  148.7  1922  142.2  2011  109.8  1957   84.6  2013   48.2  2019   34.0  1968   142.1  1944   403.1  1998   483.0  2002   263.0  1982  1336.2  1926
   38.6  1948   52.7  2017   83.7  1991  123.7  2018  161.6  1985  153.1  1956  146.7  1980  142.1  1978  109.1  1994   84.4  1966   48.0  1926   33.7  1919   141.2  1941   399.4  1993   479.9  1937   262.3  1956  1333.8  1993
   38.4  1953   52.3  1935   81.8  1980  123.4  1934  160.2  1999  153.1  1982  146.2  1968  141.5  1957  108.8  1950   84.3  1942   48.0  2004   33.3  2015   140.2  1978   398.6  1969   478.8  1936   261.5  2000  1332.1  1924
   37.7  1944   52.1  1924   81.4  1928  123.0  1967  159.9  1938  150.3  1981  144.3  1919  141.3  1980  107.7  1920   84.1  1924   47.2  1953   32.7  1937   139.5  1923   398.0  1985   477.0  1938   260.9  1950  1328.1  1941
   37.3  1941   51.5  1923   80.3  2018  122.4  1998  157.9  1967  148.6  2007  142.4  1988  139.7  1925  107.5  1984   83.9  1957   47.1  1919   32.6  1978   139.5  1947   391.9  1947   476.9  1982   260.2  1958  1322.2  1987
   37.0  1942   51.4  1982   79.5  2005  119.9  1964  157.4  1928  147.6  1953  141.1  1939  139.4  1946  106.2  1951   82.6  1940   46.9  1997   31.8  1953   139.1  1948   389.3  1920   472.4  1968   259.4  1992  1316.7  1972
   37.0  1968   51.4  1978   79.3  1983  117.9  1926  155.1  1924  146.2  1972  140.0  1978  139.2  1924  105.9  1983   82.5  2017   45.4  1958   31.8  1947   137.9  1938   389.1  1979   464.1  1965   255.5  1983  1309.0  1966
   36.8  1975   51.0  1929   79.3  2013  117.7  1971  153.0  1941  144.5  1964  139.6  1957  137.3  1968  105.1  1965   81.8  1991   44.6  1944   31.5  1987   137.5  1976   387.3  1923   460.5  1956   255.2  1957  1304.4  1978
   36.3  1993   49.7  1942   76.8  1998  116.9  1963  152.2  1972  140.9  1954  139.6  1938  134.3  1920  104.6  1922   80.7  1954   43.3  1983   31.2  1959   134.4  1921   386.2  1926   459.4  1944   253.9  1927  1298.8  1936
   36.2  1950   48.6  1976   75.4  1942  115.7  1940  152.2  1968  139.2  1958  134.4  1931  132.2  1971  104.2  1946   79.6  2005   42.9  1968   31.2  1958   133.0  1926   375.9  1937   456.9  1948   251.7  1936  1285.4  1931
   36.1  1971   47.5  2011   73.3  1992  115.1  1993  151.1  1933  138.6  1998  133.0  1936  132.1  1986  102.8  1941   79.5  1937   42.7  1962   30.3  1971   132.8  1940   373.5  1996   454.9  1927   251.4  1984  1283.5  1981
   36.0  1960   47.3  1993   72.2  1969  113.4  1978  149.9  1954  138.0  1971  132.5  1962  130.1  1942  102.0  1927   79.5  1963   42.6  1945   30.0  2021   131.0  1929   373.2  1991   454.3  1920   250.7  1960  1283.3  1927
   34.8  1955   43.3  1980   71.8  1960  112.8  1930  149.7  1994  135.7  1923  129.5  1954  130.0  2021  101.3  1993   78.1  1934   42.5  1994   29.9  1969   130.7  1969   371.9  1928   448.3  1931   249.6  1932  1281.5  1920
   33.7  1973   41.8  1926   69.9  1947  109.0  1931  148.7  1930  134.8  1991  128.6  1932  127.0  1922  101.2  1976   76.6  1946   42.3  1932   29.3  1930   125.4  1993   370.5  1964   447.1  1978   246.2  1941  1275.9  1954
   32.6  1969   40.5  1972   67.8  1936  107.9  1941  141.3  1991  131.9  1997  128.1  1927  126.1  1948  100.1  1931   67.4  2020   41.5  1941   26.5  1927   124.8  1942   367.4  1930   443.5  1980   245.5  1924  1272.1  1968
   32.3  1966   37.4  1965   64.1  1981   98.2  1937  139.8  1969  131.4  2016  125.2  1920  125.8  1963  100.0  1936   67.4  1982   41.0  1939   26.4  1989   123.9  1935   365.0  1941   436.4  1987   231.7  1945  1269.0  1937
   31.2  1970   36.8  1966   62.9  1996   97.0  1961  137.3  1981  121.4  1990  124.7  1937  125.4  1958  100.0  1969   66.3  1960   38.5  1946   23.7  1934   122.2  1966   352.7  1932   435.0  1958   227.9  1976  1261.9  1932
   31.0  1921   30.7  1947   61.9  1964   92.1  1966  123.3  1983  118.0  2012  116.2  1965  122.2  1954   96.8  1956   63.9  1976   36.6  1934   20.4  1956   110.5  1972   340.3  1983   434.5  2012   219.3  1946  1261.6  1958
   20.7  1996   29.6  1940   58.9  1984   85.4  1920  108.4  1932  116.2  1987  111.0  1944  112.1  2008   89.8  1945   59.3  1968   36.1  2015    ---  2022     ---  1919   332.8  1981   392.6  1954   217.2  1968     ---  2022
