Areal values from HadUK-Grid 1km gridded climate data from land surface network
Source: Met Office National Climate Information Centre
Monthly, seasonal and annual total duration of bright sunshine for England E and NE
Areal series, starting in 1919
Last updated 01-Dec-2022 10:42
    jan  year    feb  year    mar  year    apr  year    may  year    jun  year    jul  year    aug  year    sep  year    oct  year    nov  year    dec  year     win  year     spr  year     sum  year     aut  year     ann  year
  100.2  2022  122.6  2019  176.0  2012  232.8  2021  276.1  2020  282.2  1940  291.9  2006  250.9  1995  184.7  1986  134.2  1931   99.9  2005   77.3  2014   247.9  2015   653.3  2020   728.0  1976   384.5  1986  1725.2  2003
   81.9  1959  112.9  2008  175.1  2022  224.2  2015  261.6  2018  271.9  1957  257.5  1976  240.6  1947  167.8  1991  133.4  1981   94.3  2006   65.2  1999   246.4  2019   558.8  2011   694.2  1989   357.6  2003  1669.1  1989
   77.5  2000  107.8  1988  168.2  2003  223.6  2020  253.6  1989  248.4  1960  252.9  1955  230.5  2022  165.2  1959  132.4  1959   92.4  1947   65.2  2017   239.4  2000   550.0  2009   655.9  1975   344.9  1981  1658.3  1995
   76.2  2015  106.1  1949  161.8  2009  216.7  2011  249.5  2001  245.0  1975  247.3  1989  228.2  1975  163.0  1929  129.1  2003   89.6  1973   65.1  2009   234.2  2022   548.0  2003   653.9  1995   343.8  2006  1640.8  2018
   73.7  1991  103.0  2016  157.4  1929  208.1  1942  233.8  1992  243.0  1970  246.2  1935  228.1  1976  162.6  2003  128.7  2022   89.3  1988   64.6  2001   220.5  2001   543.5  1990   644.9  1933   343.8  1959  1622.0  2019
   73.3  2012   99.8  2003  153.9  1995  200.2  1984  230.2  2009  242.3  1976  246.1  2018  219.1  1989  161.9  2019  126.9  2008   88.5  2017   63.1  2004   218.2  2020   539.2  2015   637.9  2018   341.0  1921  1607.7  2015
   72.9  2007   99.5  2022  153.6  2020  200.2  2007  227.7  1956  238.2  1969  242.3  2013  209.4  1990  161.8  1979  126.2  1995   87.3  2013   62.2  1962   211.9  1989   535.1  2022   634.4  2022   340.7  1971  1601.2  2006
   72.7  2001   98.7  1943  152.7  1933  196.3  1990  225.7  1921  235.5  1949  240.4  1934  208.7  2003  160.0  2006  125.6  2018   84.8  1996   61.2  2006   210.6  2007   532.2  1982   630.7  2006   336.3  1929  1584.4  2020
   70.2  2019   98.6  1970  147.8  1967  192.4  2003  223.1  1982  232.8  1950  236.0  1990  206.4  1933  159.7  1964  123.5  1986   84.4  1985   61.2  2003   207.9  2018   526.5  2019   625.8  1959   335.1  2018  1581.6  1959
   67.3  2020   97.6  1999  145.7  1982  190.1  2002  222.3  1943  228.1  1933  234.9  1928  202.5  2016  159.0  2015  122.0  1921   82.2  2016   60.7  2019   202.7  2008   526.4  1948   611.9  1996   334.8  2007  1578.1  2009
   66.5  1952   96.7  2000  141.0  2019  189.3  2019  221.6  1971  227.8  1989  228.2  2014  199.5  2007  158.5  1954  119.8  1955   80.0  1977   59.2  1967   201.6  1949   518.5  2017   607.3  1949   332.6  2012  1555.4  1955
   66.1  1962   96.7  1973  140.9  1948  189.1  2022  220.1  1980  223.3  1996  219.6  1995  196.8  2019  157.4  1997  117.7  1971   76.9  1930   59.2  2010   201.0  1999   517.6  1995   604.9  1935   327.9  1979  1545.4  2011
   65.3  1932   96.4  1989  137.5  2007  183.4  1968  217.8  1997  223.2  2018  216.3  1959  196.1  1991  157.4  1999  116.9  2007   76.3  1989   58.1  2013   199.9  2012   517.2  2021   601.0  2003   326.4  1999  1537.2  1949
   65.2  1967   95.5  1934  137.0  1931  179.3  1921  217.1  2005  220.0  2010  213.2  1999  196.1  1959  157.3  1987  116.7  1930   76.3  1986   57.9  2012   199.6  1995   510.7  1921   599.0  2013   326.0  2016  1536.2  1990
   64.5  1931   94.4  2015  135.4  2017  177.4  2017  216.0  1959  213.4  1959  213.1  1984  192.2  1926  156.4  2004  114.5  1926   73.5  2010   57.8  2005   198.7  2004   508.2  2010   596.7  1940   324.8  1988  1534.2  2017
   64.4  1965   94.2  2001  135.2  1955  174.7  1948  214.9  1990  212.4  1962  210.5  1933  189.1  1984  156.3  1921  112.8  1996   73.3  1975   57.0  1994   198.4  1952   505.9  1929   593.1  1955   323.7  1947  1530.1  2007
   63.7  1994   91.5  2004  134.8  1953  174.4  1945  213.7  1922  212.0  2003  210.3  1996  188.8  2000  156.1  2012  112.2  1997   73.1  2021   56.4  2008   192.8  1967   503.0  1956   582.9  1984   322.4  1964  1526.9  1921
   63.4  1999   90.2  2020  134.2  2008  174.1  1951  213.3  1940  211.9  1973  209.2  1971  188.6  1983  156.0  1940  111.7  1919   72.7  1922   54.7  1976   192.2  2014   499.5  1943   581.6  1928   317.5  1955  1523.9  2010
   61.6  1989   87.5  1995  132.3  1990  174.0  1936  211.3  2008  210.6  2022  207.3  1997  187.0  1997  155.7  1963  111.6  1956   72.7  1925   54.4  1975   191.4  2005   497.9  2007   581.1  1969   315.0  1923  1518.2  2016
   60.2  1934   86.6  1946  132.3  1997  173.3  2010  211.0  2010  210.5  1921  206.7  1969  186.5  2014  154.0  1981  111.4  1929   72.3  2009   54.3  1973   187.5  2002   490.1  1953   578.6  1994   313.8  2011  1508.1  2021
   60.2  1986   86.4  1957  131.9  2014  170.7  1994  210.8  1948  209.9  1922  204.2  1994  182.9  2005  153.8  2005  110.9  1998   72.2  1938   54.0  1988   186.7  1992   489.9  1989   578.4  2014   312.4  2010  1501.3  2013
   60.1  1984   84.9  1997  131.8  2011  170.4  2006  210.7  1977  209.7  1925  196.3  1983  182.9  2017  153.5  1971  110.1  2001   71.9  1978   53.7  2018   186.7  2003   483.4  1955   576.3  1934   312.1  2005  1498.4  1975
   59.7  1992   84.8  1998  130.2  1961  168.5  1995  210.3  2011  209.6  1967  196.1  1943  181.8  1935  152.7  1933  109.5  1983   71.3  1979   53.6  2000   185.2  1934   483.2  1997   566.6  1950   310.0  1996  1492.6  2001
   59.6  2017   84.1  2014  126.8  1924  168.3  2013  209.7  2004  208.6  1994  195.9  1921  181.7  1988  152.7  2020  107.4  2012   70.0  2007   53.6  2016   183.9  1963   483.2  2001   563.2  2015   309.8  1928  1485.5  1943
   59.4  1958   83.5  2018  124.4  2015  165.2  1946  209.5  1949  205.1  1939  194.9  1949  181.2  1930  152.5  1955  107.4  1984   69.6  1971   53.6  1974   183.4  1962   477.4  2008   562.6  1947   309.5  1954  1483.8  1999
   59.2  2018   82.6  1928  123.9  2010  163.7  2016  209.2  1935  204.9  1920  193.3  2022  180.3  2013  151.9  1934  106.7  1958   69.1  2012   52.4  1926   182.2  1988   476.9  2012   559.1  1990   308.5  1995  1476.4  1994
   58.8  1983   82.3  1920  123.9  1986  163.5  1982  207.5  1919  204.3  2015  190.8  2021  180.1  1953  151.1  2011  106.5  1952   68.6  1923   52.3  2011   180.8  1932   474.4  2002   558.3  1970   307.5  1997  1475.9  1929
   58.5  1990   82.1  1952  123.7  1943  162.1  1980  205.7  2017  203.0  1930  189.8  2009  180.1  2015  150.3  1982  106.0  1961   68.1  1998   50.8  1965   179.7  2013   473.1  2016   553.6  2009   304.5  1985  1472.9  1997
   57.6  2003   81.3  1996  123.5  1994  161.6  1969  203.6  1966  201.6  2021  189.5  1967  178.9  1972  149.7  1923  105.4  2011   67.9  1961   50.3  1936   177.5  2016   472.9  1942   545.2  1983   304.2  2013  1470.9  2014
   56.8  2011   80.0  2002  123.1  1950  160.3  1939  203.3  1964  200.8  1968  187.4  2016  178.3  1996  149.3  1928  105.1  1980   67.9  1943   50.2  1946   176.3  2021   471.4  2018   543.2  2019   304.0  1987  1468.9  1986
   56.4  1964   78.9  2021  122.2  2000  159.6  1977  201.8  1953  200.7  2006  186.0  1929  177.8  1919  147.8  2007  104.8  1999   67.1  1969   49.9  1966   175.1  2017   466.4  1980   541.0  1967   302.9  2021  1464.3  2005
   56.1  1923   78.7  1950  121.4  2002  157.9  2009  200.7  1929  197.3  1986  185.1  1991  177.8  1961  146.6  1942  104.4  2010   66.5  1954   49.8  1951   174.8  1994   456.4  1977   540.3  1960   301.4  1991  1461.7  2008
   55.9  1963   78.0  1992  118.9  1970  157.9  1952  199.3  1974  196.4  2011  185.0  2008  177.1  1936  145.9  2018  104.3  1985   66.4  1992   49.5  1955   174.6  1943   456.0  2006   538.4  2010   299.9  1975  1456.5  1933
   55.7  2005   77.7  1967  118.8  1956  157.0  1922  199.2  1957  196.0  1951  184.5  2019  176.9  1949  143.0  1947  104.1  1951   65.8  2003   49.5  1993   171.7  1974   455.5  1945   538.3  2017   299.0  1926  1450.7  1970
   55.1  1995   77.5  2013  117.5  1945  156.4  1956  198.2  1952  195.6  1942  183.5  1945  174.5  1992  142.7  1988  103.9  1967   65.3  1972   49.4  1929   170.9  2010   454.4  1946   537.9  1921   298.9  2019  1449.4  1976
   54.9  1974   77.4  1960  117.4  1965  156.2  1955  198.0  2016  193.8  1992  182.7  1975  173.8  1923  142.5  2016  103.1  1922   65.3  1952   49.2  1986   170.1  2009   453.1  1922   537.0  1930   298.7  2004  1448.0  1935
   54.4  1956   76.5  2007  116.8  1966  154.2  1959  196.3  1986  191.0  2009  180.3  2003  173.3  1974  141.5  1953  102.5  1936   65.2  1976   49.0  1952   169.5  2011   453.0  1959   532.0  2005   298.1  1961  1435.4  1952
   53.9  1982   76.0  1939  115.6  1938  153.8  1965  196.2  2019  190.9  1941  179.6  1950  172.8  2009  139.4  1932  101.8  1964   65.0  2008   49.0  1991   168.9  1983   453.0  1949   530.2  1992   297.7  1989  1432.5  2004
   53.3  2010   75.5  1937  115.6  1972  153.6  1943  195.6  1942  186.1  1943  178.9  2017  171.1  1970  137.1  2009  101.4  1938   64.1  1999   48.6  1979   168.9  1997   451.1  1994   525.2  2016   297.5  2022  1430.0  1988
   53.3  2021   74.4  1955  115.6  1973  153.5  1953  195.2  1995  185.5  1961  178.8  2015  171.1  1955  136.5  2021  101.3  2016   63.7  2018   48.1  1984   168.8  1958   447.7  2000   524.3  1991   297.4  2015  1423.9  1984
   53.1  2009   74.2  2012  114.7  2021  151.7  1962  194.9  1978  184.6  1979  178.7  1952  170.8  1952  136.0  1935  100.9  2000   62.8  1965   47.2  1935   167.4  2006   443.1  1992   524.0  1952   295.7  2009  1421.8  2012
   52.9  1930   72.7  1962  113.8  1989  151.0  2005  194.6  2000  184.1  1945  178.7  1951  170.6  1964  135.5  2013  100.9  1920   62.7  1921   46.7  1981   165.3  1973   441.1  1952   523.0  1997   295.4  2008  1421.8  1934
   52.6  1981   72.6  1990  113.7  1944  149.5  1999  194.0  2012  183.7  1938  178.0  1942  170.6  1981  135.4  1926  100.1  1970   62.3  1967   46.7  1960   165.3  1987   440.0  1935   523.0  1941   294.4  1943  1419.1  1940
   51.7  1949   72.6  2005  113.6  1978  149.4  1927  192.7  2006  183.5  1995  177.9  1925  170.3  2001  135.3  1975  100.0  1928   61.9  1929   46.6  1925   164.7  1936   435.5  1970   521.3  2021   294.3  1973  1417.4  1973
   51.1  1979   71.7  1936  112.2  1962  149.2  1949  192.1  1955  183.5  1946  175.0  2001  168.7  2018  134.4  2010   98.0  1962   61.6  2001   46.0  1980   164.6  1968   434.7  1939   519.7  1926   293.1  1930  1416.6  1967
   51.0  1977   71.5  1922  111.5  1993  148.7  1991  191.8  1960  183.1  1928  175.0  2011  166.4  1973  134.3  1919   96.9  1987   60.8  1964   46.0  1949   164.6  1991   434.1  2005   518.5  1929   291.2  1963  1413.8  2000
   50.7  1938   71.5  1985  111.5  2016  148.5  1960  190.6  2015  181.8  2005  174.9  1941  166.1  1998  132.8  1943   96.6  1923   60.7  2000   45.5  1954   164.5  1937   433.3  1986   517.3  1951   290.8  2017  1412.4  1996
   50.0  2014   71.3  1932  109.9  1985  147.8  1929  189.0  1975  181.2  1919  174.8  1923  165.8  1994  130.0  2002   96.0  1950   60.5  1928   45.4  1957   163.7  1959   431.2  1968   515.4  1925   288.6  1919  1408.8  1992
   49.7  1920   71.2  1933  109.4  2001  147.2  1954  187.5  2003  181.1  1929  174.7  1946  165.2  1934  129.8  1989   95.6  1994   60.0  2020   45.3  1982   162.6  1981   430.5  2004   514.9  1957   285.7  1942  1402.0  1982
   49.5  1940   68.4  1945  107.9  1926  145.6  1947  186.7  1920  180.7  1984  173.7  1964  165.1  2010  128.3  1937   95.3  1969   58.9  1927   44.6  1970   162.5  1977   428.2  1957   513.9  1999   285.6  1958  1395.9  1928
   48.8  1951   67.4  1987  105.6  1921  144.6  1987  186.0  1946  180.3  1932  173.4  1963  163.5  1928  128.2  1958   95.0  1925   58.3  1948   44.6  1921   161.3  1920   427.3  1962   513.2  1945   283.6  1934  1387.4  1947
   48.7  1987   66.6  1971  105.0  1958  144.0  1958  185.3  1996  179.9  1936  173.1  1926  162.2  1993  127.9  1973   94.8  1979   58.2  1957   44.6  1961   160.8  1998   427.3  1965   511.0  1973   282.9  2020  1384.9  1957
   48.6  1976   65.8  1963  104.9  1999  142.9  1957  184.6  1963  179.9  1963  171.4  2007  159.4  1940  127.6  1980   94.6  2014   57.8  1974   44.2  1931   160.5  1990   426.8  1931   510.0  2011   282.7  1980  1369.8  1981
   48.6  1928   65.5  1925  104.7  2004  140.1  1973  182.7  1926  179.6  2004  171.3  1924  158.6  1982  126.7  1944   93.7  1942   57.6  1940   44.1  2020   159.7  1946   426.7  1984   508.7  2001   282.6  1978  1365.3  1945
   47.6  1988   64.8  1983  104.7  1920  138.8  1938  182.5  1988  179.3  1927  168.7  1966  158.4  1965  126.6  1949   93.7  1943   57.5  1981   44.1  1964   159.1  1984   424.9  2014   505.0  2007   282.4  1940  1364.9  1951
   47.5  1945   64.3  1968  104.3  1927  137.9  1950  181.2  1961  178.9  1988  168.5  1953  158.4  2004  126.5  1970   93.7  1977   57.3  2011   43.8  1948   158.6  1939   424.6  1973   504.9  1943   281.9  1970  1359.8  1977
   46.9  1980   64.3  2006  104.3  1968  137.7  1970  180.8  2013  178.0  2008  168.2  1977  157.2  1941  125.7  1995   93.4  1965   57.0  1991   43.7  1983   158.4  1956   423.3  1940   504.8  1993   281.1  1951  1359.2  2002
   46.8  2008   64.1  1958  103.3  1946  135.1  1932  178.9  1970  177.3  1974  167.3  2005  155.9  1931  124.8  2022   93.3  1945   57.0  1994   43.5  1943   158.0  1985   419.3  1938   504.3  1988   278.5  1938  1358.3  1953
   46.4  1978   64.0  1981  102.0  1935  135.1  1925  178.6  1939  176.9  1935  166.9  1958  154.9  2012  124.4  1974   93.3  2021   56.9  1936   42.9  2007   157.9  1986   418.1  2013   502.7  2004   278.3  1925  1357.3  1950
   46.0  2004   63.5  1961  101.7  1940  134.7  1981  178.2  1984  176.5  2017  166.9  1979  154.3  1950  124.2  1961   93.2  1993   56.9  1956   42.9  1928   157.3  1955   417.8  1987   502.6  1974   277.8  1933  1349.3  1961
   45.8  1936   63.4  1986   99.0  1976  133.2  1924  177.4  1998  176.4  2013  166.8  1982  152.9  1960  123.9  1978   93.0  1949   56.6  1995   41.9  1932   157.1  1982   417.3  1999   500.1  1979   277.7  1956  1348.8  1926
   45.3  2006   62.8  1921   98.8  1925  133.2  1997  177.2  1934  176.0  1993  166.6  1993  151.5  1929  123.6  1990   92.9  1988   55.3  1970   41.9  1996   155.6  1970   413.6  1971   495.1  1981   274.3  1977  1347.6  1948
   44.5  1943   62.5  1974   98.5  1930  131.9  2008  176.8  1947  174.5  1952  164.7  2004  151.0  1937  122.6  1951   92.7  1963   54.5  1951   41.8  1923   155.2  1933   410.1  1958   493.9  1936   274.1  1998  1346.9  1971
   44.4  2013   61.9  2017   98.4  1963  130.8  2000  175.9  1987  172.0  1965  164.3  1948  150.3  1944  120.3  1957   92.3  2019   54.5  1960   41.8  1941   154.8  1945   409.5  1974   491.2  1961   273.1  1949  1344.5  1979
   44.3  1935   61.8  1953   97.3  1987  130.2  1923  170.9  2022  170.8  1934  164.2  1947  150.3  1977  119.9  1924   92.1  2004   54.2  1982   41.2  1990   154.3  1928   408.1  1961   490.0  1946   272.7  1952  1342.5  1962
   43.9  1957   61.7  1941   97.0  1932  129.3  1944  169.7  2021  169.1  1955  163.1  1985  148.6  1979  118.0  2017   91.7  1989   53.9  1950   39.9  1998   154.0  1961   407.7  1951   487.9  1923   272.5  1967  1341.6  1991
   43.8  1961   61.6  1994   96.4  1988  129.1  2014  169.3  1931  165.3  1981  161.9  1992  148.5  1962  115.8  1985   91.3  1975   53.9  1937   39.3  1938   153.4  1957   407.6  1966   484.6  1942   269.9  2002  1340.7  1974
   43.8  1998   61.4  1969   95.8  1939  128.8  1935  168.9  1973  164.5  1985  161.9  1986  146.3  2002  115.2  1966   91.2  1939   53.5  1949   39.1  1977   152.9  1964   406.2  1944   484.4  1919   269.2  2001  1335.7  1942
   43.4  1924   60.6  2009   95.8  1975  127.4  1928  167.9  1981  163.9  1978  159.3  1981  145.5  1985  114.6  2014   91.1  2002   51.9  1966   38.9  1944   151.8  1950   405.7  1978   483.6  1939   268.4  1944  1330.7  1925
   43.4  1954   60.3  1951   95.8  1934  126.9  2018  164.8  1938  163.8  1977  155.2  1940  145.5  1945  112.4  1996   90.8  1934   51.5  1990   38.4  1939   151.4  1953   405.0  1919   482.3  1977   267.9  1953  1328.5  1956
   43.2  1939   60.1  1964   94.9  1941  124.3  2001  164.0  1979  163.7  2014  154.5  1987  144.8  1966  111.8  1994   90.8  1944   50.9  1944   38.1  1940   150.7  1922   402.2  1975   481.4  1972   266.6  1931  1325.8  1922
   43.2  1993   57.2  1938   94.5  1923  123.3  1976  163.9  2014  163.7  1924  153.4  2002  143.8  1938  111.4  1945   90.8  1924   50.8  1958   37.3  2015   150.0  1976   401.0  1967   480.3  1964   266.1  1957  1323.4  1964
   42.9  2002   56.8  1977   94.3  1949  122.8  1996  163.6  1945  163.4  2001  153.3  2010  142.6  1951  111.2  1983   90.4  1941   50.6  1962   36.6  1950   148.4  1930   399.6  1926   478.4  1986   264.7  1983  1316.3  1946
   42.1  1933   56.5  1982   92.9  2006  122.5  1983  163.5  1962  163.0  2002  153.3  1972  142.5  2020  111.2  1948   90.3  1927   50.2  2004   36.5  1945   145.7  1951   399.0  1960   476.6  2000   264.4  1982  1315.6  1923
   42.1  1997   56.5  1979   90.1  1974  122.5  1989  163.3  1944  161.9  2019  152.8  1930  141.9  1967  110.6  1925   90.3  2015   50.1  1939   36.4  1992   145.3  1931   398.6  1963   475.1  1962   264.3  1994  1315.4  1939
   42.0  1975   56.2  1948   89.7  1992  120.5  1931  163.0  1993  161.4  2020  151.9  1974  140.0  1999  109.4  1992   89.6  2006   50.0  1980   36.4  1963   144.8  1927   396.8  1927   474.1  1922   264.2  1935  1314.0  1938
   41.5  1947   55.2  1984   88.4  1951  120.1  1974  162.9  1999  160.6  1999  150.8  1956  138.8  1932  109.1  1956   89.4  1972   49.8  1987   35.7  1995   144.5  1971   396.0  1936   473.1  1985   262.8  1969  1313.7  1960
   41.1  1968   54.5  1956   87.1  1954  119.6  1992  162.9  2002  160.3  1983  146.1  1998  138.6  2011  108.8  1968   88.3  1947   49.2  1926   34.5  2021   142.6  1965   394.4  1924   472.8  2008   262.6  1932  1312.7  1969
   40.6  1953   54.4  1927   86.5  1979  117.4  1975  162.3  1936  158.8  1937  145.7  1939  138.5  1958  108.1  1960   87.9  1948   48.8  2002   34.4  1985   140.8  1960   392.2  1947   468.9  1938   261.8  2000  1312.1  1936
   39.6  1925   53.6  2011   86.1  1977  117.4  1933  161.3  1937  157.7  1947  144.7  2012  138.1  2006  107.1  1950   87.6  1957   48.0  2015   33.8  1971   139.6  1975   391.5  1988   466.6  1953   261.4  1990  1311.0  1963
   38.7  1937   52.9  1931   86.1  1957  116.6  1967  161.2  1958  157.5  2000  144.1  1970  137.4  1927  106.3  1967   86.8  1978   47.9  1924   33.7  1922   137.3  1925   391.2  1950   464.3  1924   261.3  1992  1303.6  1930
   38.4  1985   52.4  2010   85.0  1952  116.1  2004  160.2  2007  156.7  1948  143.7  1988  136.2  1969  104.9  1938   86.3  2009   47.6  1920   33.3  1947   136.6  1938   391.0  1933   463.1  1963   258.9  1922  1292.1  1983
   38.0  1927   50.7  1978   85.0  1971  115.6  1963  158.2  1972  154.4  1926  142.6  2020  134.6  1922  103.7  1972   86.3  1990   47.0  2014   32.3  1924   136.2  1978   388.0  1972   462.7  2002   258.6  1924  1290.2  1980
   37.9  1944   49.8  1991   85.0  1919  115.6  1998  157.0  1994  150.2  1944  141.4  1938  132.7  1939  103.6  2008   85.5  1992   46.4  1931   32.2  1997   131.6  1924   387.3  1934   458.9  1971   258.4  1972  1288.1  1919
   37.8  1972   49.7  1959   84.4  1983  114.3  1934  156.1  1965  149.2  1972  139.6  1978  131.8  1946  103.3  1946   84.4  1954   46.1  1959   32.1  1972   131.2  1996   385.4  1925   452.5  1966   257.6  1974  1279.2  1985
   37.4  1955   49.0  1993   84.2  1980  114.2  1972  154.4  1930  146.7  1980  139.0  1960  131.5  1921  102.8  1920   84.3  1932   45.5  1935   32.1  1958   130.2  1941   385.1  1920   449.8  1927   257.4  1948  1275.0  1958
   37.2  2016   47.7  1919   83.0  2018  114.2  1964  153.4  1923  144.2  1931  136.9  1936  131.3  1980  100.9  1952   84.2  2017   45.4  1942   31.6  1968   130.0  1980   378.9  1993   449.7  1982   257.1  1950  1275.0  1931
   36.6  1946   47.7  1944   82.8  1959  113.1  1986  151.5  1925  143.1  1991  135.8  1954  129.3  1924  100.6  1977   82.7  1935   45.2  1955   31.4  1942   129.1  1979   378.1  1923   446.5  2020   256.2  2014  1257.6  1998
   36.5  1973   47.4  1935   82.4  1922  112.6  1988  145.2  1951  139.6  1956  135.7  1980  129.0  2021  100.3  1969   82.0  1953   44.6  2019   31.3  1953   129.1  1944   375.6  1954   445.6  1932   254.4  1936  1250.3  1993
   36.0  1960   46.9  1976   82.3  1937  112.4  1919  143.5  1968  139.4  1923  133.2  1927  127.8  1925  100.1  2000   81.5  2013   44.6  1984   30.0  1920   128.7  1993   373.1  1998   441.8  1998   251.2  1920  1247.7  1987
   35.4  1948   46.5  1924   80.1  1998  111.3  1985  143.0  1927  139.0  1966  132.7  1973  126.4  1987   99.6  1930   80.7  1933   44.4  1953   29.5  1933   126.4  1923   366.5  1981   440.9  1920   250.8  1984  1246.7  1965
   34.6  1922   46.1  1930   69.8  1947  109.8  1979  142.7  1941  136.0  1964  130.3  2000  126.1  1968   98.8  1984   76.8  1973   44.4  1933   29.3  1989   125.8  1947   360.4  1979   434.3  1968   250.5  1937  1239.4  1924
   34.0  1926   44.1  1926   69.2  1942  109.1  1926  141.4  1954  135.3  2016  129.6  1922  125.6  1956   98.4  1927   76.6  1991   44.0  2022   29.2  2002   124.9  1948   360.2  1964   432.3  1937   247.7  1927  1239.3  1920
   33.3  1971   44.1  1975   69.0  2013  108.4  1940  136.7  1928  134.1  2007  127.9  1961  125.5  1971   98.3  1939   75.5  1974   44.0  1983   29.2  1919   124.6  1926   357.3  1985   428.5  1948   244.3  1945  1231.2  1972
   33.1  1919   43.8  1954   66.8  1991  107.0  1971  136.6  1967  129.8  1954  126.5  1932  122.8  1943   97.5  2001   71.9  1966   42.9  1963   28.6  1937   124.6  1969   354.0  1976   428.3  1965   241.8  1965  1220.0  1932
   31.8  1929   42.2  1942   66.2  1928  106.9  2012  136.1  1985  129.5  1998  125.3  1919  121.6  1957   95.1  1998   70.3  2020   42.6  1919   27.9  1930   122.8  1921   353.2  1996   423.7  1958   239.5  1939  1219.3  1978
   31.8  1970   36.6  1923   66.0  2005  104.5  1993  134.4  1924  128.7  1997  122.5  1937  119.2  1920   95.0  1936   68.9  1940   41.7  1993   27.4  1959   118.5  1954   350.6  1969   419.9  1931   239.1  1962  1210.7  1966
   31.6  1969   36.3  1966   65.1  1969   99.3  1941  131.7  1976  124.2  1971  121.4  1957  119.1  1986   90.5  1962   68.3  1937   40.9  1934   26.8  1987   116.9  1940   346.5  1930   415.9  1956   239.0  1966  1209.8  1927
   30.4  1941   34.5  1980   63.8  1981   97.2  1978  130.2  1950  124.2  1982  119.8  1931  111.0  1942   89.8  1993   67.7  1976   39.6  1945   25.2  1969   112.5  1966   343.5  1991   413.7  1980   224.7  1993  1207.4  1968
   29.9  1921   34.2  1965   59.8  1936   96.7  1961  128.1  1991  118.3  1958  116.9  1920  109.8  2008   86.0  1931   63.3  1968   39.1  1941   23.1  1956   110.4  1935   336.9  1941   412.4  1978   217.1  1976  1201.2  1941
   27.1  1950   34.1  1947   58.7  1960   93.7  1920  124.0  1969  117.9  1953  114.2  1962  109.8  1963   85.6  1965   63.1  1946   38.9  1932   23.1  1927   108.7  1929   333.3  1932   406.9  2012   214.3  1960  1199.5  1944
   25.4  1966   33.9  1929   48.2  1984   93.7  1930  120.9  1933  113.8  1990  107.4  1968  108.8  1978   84.2  1976   59.8  1982   37.8  1997   21.5  1978   105.2  1972   330.3  1928   400.4  1944   207.4  1941  1186.3  1954
   18.7  1942   33.6  1972   45.1  1996   87.1  1966  108.0  1983  107.3  2012   99.9  1944  107.5  1948   83.0  1922   58.3  2005   32.9  1968   18.8  1934   102.7  1942   319.9  1937   383.0  1987   204.9  1968  1145.3  1937
   14.2  1996   29.0  1940   42.8  1964   76.3  1937  101.2  1932  102.1  1987   97.9  1965  102.9  1954   77.9  1941   51.8  1960   32.2  1946    ---  2022     ---  1919   314.9  1983   368.5  1954   198.6  1946     ---  2022
