Areal values from HadUK-Grid 1km gridded climate data from land surface network
Source: Met Office National Climate Information Centre
Monthly, seasonal and annual total precipitation amount for England NW and N Wales
Areal series, starting in 1836
Last updated 01-Dec-2022 10:42
    jan  year    feb  year    mar  year    apr  year    may  year    jun  year    jul  year    aug  year    sep  year    oct  year    nov  year    dec  year     win  year     spr  year     sum  year     aut  year     ann  year
  253.6  1928  293.2  2020  225.3  1981  160.4  1843  166.6  1967  205.6  2012  195.2  1939  250.7  1956  272.4  1918  286.1  1967  306.5  2009  343.2  2015   688.8  2016   446.1  1920   489.4  2012   673.0  2000  1733.0  1872
  252.1  1948  241.9  2002  187.3  2019  148.3  1920  159.9  2021  172.7  1928  187.0  1920  227.7  1917  233.7  1950  272.9  1903  260.9  2015  266.0  1993   625.9  1995   398.2  1947   482.0  1879   654.7  1954  1690.0  2000
  235.3  2008  213.7  1997  185.1  1903  143.1  1970  153.7  1924  172.5  2007  186.5  1839  215.9  1891  230.2  1869  259.6  2000  252.6  2000  256.3  1868   582.1  2014   375.8  1979   467.5  2020   580.1  1872  1660.5  1954
  219.2  1995  206.1  1848  180.7  1947  140.7  1913  144.2  1886  168.4  1907  182.2  1888  197.7  2004  210.4  1866  254.5  1954  248.7  1929  246.5  1986   570.7  2020   372.8  2006   465.8  1956   556.3  1935  1644.8  2020
  218.4  1990  205.1  1990  176.0  1994  139.6  1867  141.8  2015  167.1  1860  180.7  1988  197.0  1927  201.4  1935  251.1  1870  237.2  1960  244.2  1852   562.0  1869   372.7  1913   462.5  1912   554.5  1981  1624.6  2012
  207.7  1975  189.9  2022  172.1  1912  130.8  1947  141.2  1920  161.1  1998  180.3  2009  191.3  1985  200.1  1839  245.1  2008  236.6  1951  238.1  2006   560.0  1990   371.8  1981   441.4  1927   548.4  1967  1603.7  1877
  205.3  2014  188.2  2014  161.5  1836  128.4  2012  139.1  1993  156.8  1931  175.5  2007  191.1  1950  199.3  1872  240.7  1938  232.7  1954  237.2  1999   529.0  1960   348.9  1983   432.6  1928   540.0  1903  1600.8  1903
  205.1  1999  187.1  1923  159.5  2006  127.7  2001  137.5  1979  153.8  1948  168.6  1882  187.9  1912  198.8  1968  234.6  1998  221.9  1931  234.3  1929   527.1  1915   341.9  1986   426.6  2007   526.2  1984  1560.8  1928
  203.2  2016  178.8  1958  157.6  1979  124.5  1846  133.5  2003  152.6  1872  168.5  1880  186.0  1879  194.9  1974  232.6  1843  218.1  1890  232.6  1979   523.0  2021   338.8  1862   426.1  1838   512.8  1944  1547.7  2008
  201.6  1877  177.2  1925  156.7  1988  124.5  1949  133.3  1969  150.7  1838  165.1  2010  185.2  2020  192.3  1981  217.2  2021  217.4  1928  232.2  1965   522.6  1994   335.7  1994   425.9  1882   506.7  1923  1542.4  1852
  201.5  1988  176.7  1995  156.6  1920  119.8  1882  133.3  2006  147.3  1980  157.9  1840  181.7  1860  189.0  1957  215.5  1916  216.2  1877  230.1  1994   521.6  2000   330.1  1903   421.2  1931   499.9  1863  1530.3  2015
  199.9  2021  174.5  1937  156.2  1896  119.5  1993  132.3  1865  147.0  1912  157.5  1957  179.3  1962  187.2  1976  209.9  1981  210.0  1944  224.0  2012   519.4  2007   329.2  1886   414.7  1954   494.2  1918  1501.8  1923
  198.4  1872  170.7  1950  156.2  1998  118.2  1994  127.7  1906  143.3  1882  155.4  1895  177.9  1900  186.2  2019  207.9  1935  206.5  1852  223.5  1959   517.3  1877   327.9  1963   411.0  2019   494.0  2008  1501.5  2019
  197.5  1852  169.1  1977  156.1  1989  117.2  1998  127.6  1925  140.7  1879  155.4  1879  175.7  1930  182.5  1946  207.0  1987  206.5  1963  221.0  1951   486.1  2008   320.5  1972   410.6  1848   488.6  1938  1491.4  1998
  196.2  1974  167.4  1935  155.8  1919  115.5  2005  127.1  1878  140.1  2020  153.7  1836  175.6  1923  182.4  1863  206.4  1923  204.1  1969  221.0  1891   481.6  1980   320.0  2019   410.1  1839   486.2  1929  1470.9  1967
  192.8  1921  165.2  1915  152.2  1913  113.5  1932  124.7  1983  137.3  1848  149.7  1932  175.2  1845  181.3  1927  206.2  1872  203.5  1970  219.5  1915   474.8  1937   317.1  1992   407.3  1860   481.7  1950  1467.4  2002
  191.1  1930  165.1  1894  151.6  1897  113.3  1899  116.8  1958  136.1  2017  149.0  1877  174.9  1903  178.7  1896  204.5  2020  203.0  1939  215.5  1914   473.8  1925   315.6  1932   404.8  1840   481.2  1877  1447.7  1999
  190.8  1851  159.5  1869  149.8  2017  112.9  1972  115.4  1932  135.6  1938  147.0  1853  171.6  1877  177.7  2012  203.9  1980  202.6  1982  213.2  1964   471.7  1910   315.5  1998   402.6  1985   479.1  2012  1436.8  1994
  189.1  1899  154.7  2011  149.6  1859  112.8  1959  115.3  2014  134.4  1987  146.5  1938  170.9  1921  170.2  1965  202.7  1932  198.1  1940  210.1  2011   471.5  1848   306.4  1968   399.6  1872   477.7  1869  1434.0  1882
  188.7  1984  152.3  1966  147.6  1992  112.3  1961  114.3  1862  133.9  2019  145.9  1953  170.9  1874  169.6  2017  199.5  1917  197.7  1946  209.6  1911   470.2  1916   300.6  2015   399.1  1877   473.1  1980  1433.8  1960
  187.6  1873  152.0  2000  147.5  1861  111.9  1862  114.3  1986  133.2  1836  145.0  1956  169.5  1910  168.5  1984  198.4  1930  196.8  1984  199.6  1919   466.4  1920   297.7  2021   393.3  2008   472.5  2009  1421.6  1981
  187.6  1983  151.4  1910  145.7  1951  109.0  1962  114.1  2011  131.8  1927  144.7  1960  168.5  1992  167.5  1958  194.0  1909  195.2  1836  199.2  1918   465.6  1923   295.9  1993   388.6  1891   471.2  1960  1415.5  1841
  182.8  2007  148.4  1946  145.4  1868  108.9  2000  113.6  2002  127.0  2016  144.7  1909  167.8  1898  167.4  1954  192.2  1862  192.7  1926  196.5  1934   465.4  2002   295.5  1951   385.7  1938   470.6  1998  1412.3  1951
  182.7  1939  147.9  1885  145.2  1982  108.7  1985  111.5  1955  125.1  1935  143.8  1954  166.0  1838  160.9  1967  191.5  2004  191.9  1861  194.4  1847   454.0  1974   295.4  1843   385.6  1946   467.7  1970  1411.8  1927
  181.5  1943  147.9  1989  143.8  1987  108.6  1859  110.0  1942  124.2  1972  143.7  1936  164.4  1892  160.8  2000  188.9  1874  187.8  1882  191.3  1949   450.9  1966   291.3  1967   379.1  1841   467.6  2019  1410.1  1930
  181.5  1960  146.7  1893  140.2  1914  107.9  1950  109.8  1945  123.2  1966  142.1  2020  164.1  1946  159.2  1924  185.2  2013  185.3  1986  190.5  2020   445.6  1984   290.6  1999   377.4  1910   466.7  1874  1409.2  1836
  177.6  1866  144.5  1852  139.8  1963  106.7  1963  109.4  1943  120.8  1982  141.9  1871  163.8  1957  158.0  1903  184.3  1846  184.3  1992  188.9  1909   441.9  1928   289.1  1989   376.9  1852   466.5  1974  1408.6  1980
  173.7  2004  142.4  2016  134.1  1968  102.4  1966  109.0  1892  119.8  1851  141.6  2012  163.5  2019  157.8  1883  184.0  1906  184.0  1938  188.6  2013   440.9  1930   287.8  1969   376.0  1948   464.6  1930  1404.5  1950
  173.0  1890  142.1  1928  134.0  1921  102.3  1850  108.3  1976  119.5  1997  140.9  1846  163.0  1928  155.7  1999  182.5  2005  184.0  1972  187.7  1924   440.1  1939   286.6  1988   374.5  1957   461.8  1976  1400.2  2017
  172.3  1906  141.6  1918  132.1  1842  101.7  1935  108.1  1997  119.4  1852  139.9  1922  162.1  1943  154.2  1892  182.2  1841  178.6  1888  185.4  1876   440.0  1894   286.4  1897   374.1  1907   461.6  2017  1399.6  1848
  171.2  1883  139.1  1945  129.6  1978  100.9  1889  107.6  1847  119.1  1936  139.8  1924  162.0  1841  153.6  2010  180.3  1928  174.7  1872  183.1  1966   436.6  1872   284.7  1882   373.7  1836   459.1  1852  1398.4  2004
  170.4  1993  138.4  1922  129.5  1986  100.6  2016  106.0  1881  118.6  1954  138.3  1872  162.0  1848  153.2  1944  180.1  1863  173.4  1977  181.9  1845   436.5  1948   284.2  1966   372.8  1845   458.8  1927  1395.1  2006
  170.1  1962  138.2  1903  127.7  1860  100.0  1983  105.8  1898  117.2  1963  137.8  1974  159.8  1852  152.0  1859  177.5  1929  171.6  1842  177.3  1985   431.4  1950   280.1  1908   371.9  2017   457.2  1928  1394.9  1920
  168.7  1932  136.4  1876  126.5  1905   98.4  1909  104.6  1907  115.2  1958  137.6  1861  157.9  1881  151.7  1891  176.7  1934  170.3  2002  176.6  2000   430.8  1943   277.2  1846   371.1  1930   453.4  1940  1393.3  1918
  168.2  1938  135.8  1916  125.3  2008   98.1  1986  102.5  2007  114.6  1977  135.4  1930  153.5  1971  149.6  1885  176.6  1907  169.1  1947  176.2  1983   430.0  1922   274.3  1859   370.2  1881   452.0  1883  1393.3  1938
  167.6  2015  134.0  1980  124.2  1983   97.3  1975  101.0  1972  112.8  1955  134.4  1855  153.2  2008  147.5  1983  172.8  1961  168.1  1979  175.7  1841   428.1  1853   272.4  1899   370.1  2009   450.8  1870  1390.4  2021
  166.9  1884  132.8  1881  123.7  1927   97.2  1905  100.6  1966  111.1  1946  133.4  1884  152.3  1954  147.0  2008  172.4  2014  166.8  1949  174.9  1897   427.8  1935   272.1  1868   369.5  1950   447.7  1982  1390.1  1986
  165.8  1994  132.6  2021  122.8  2021   97.2  1999  100.5  1923  110.2  1863  133.0  1841  149.6  1889  146.9  1975  172.2  2002  166.6  1959  174.1  1900   426.1  1899   272.0  2003   368.2  1998   442.9  1841  1388.7  1866
  164.4  1986  132.4  1967  120.8  1851   96.9  1992   99.6  2009  109.7  1866  130.9  1940  149.2  1941  145.4  1953  171.8  1855  164.8  1974  171.8  1982   424.7  1958   271.2  1924   368.0  1924   442.4  1866  1387.8  1946
  160.9  1849  131.7  1974  120.6  1980   96.3  1989   98.6  2013  109.4  2008  130.8  2008  147.6  1924  145.2  1875  171.7  1860  164.3  1991  171.6  1880   423.1  1883   270.8  1860   367.0  1846   441.3  1891  1385.1  1974
  159.5  1863  131.5  1914  120.0  1895   96.2  1931   98.4  1841  109.2  1945  129.9  1886  146.7  1929  143.3  2004  171.6  1892  164.2  1980  170.9  1922   423.0  2004   269.3  1919   365.6  2004   439.2  2022  1369.7  2014
  159.5  1875  131.3  1837  115.9  1908   96.1  1910   98.1  1916  109.1  1965  128.1  1849  146.3  1897  143.1  1861  171.3  1990  163.0  1866  170.7  2007   417.8  1903   268.9  1949   361.6  1888   438.2  2005  1369.6  1931
  159.2  1998  130.4  1877  114.6  1848   95.0  2018   97.8  1968  107.8  1855  127.7  1912  146.0  1948  142.5  1943  169.6  1900  162.5  1843  168.7  1886   416.6  1988   268.8  1985   360.3  1988   437.6  1932  1368.0  1966
  157.8  1944  129.8  1866  113.2  1886   94.5  1953   97.6  1894  107.0  1840  126.8  1914  145.8  1865  142.4  1886  169.0  1976  161.3  2022  168.1  1936   414.3  2022   268.5  1867   359.0  1943   435.7  1916  1367.0  1988
  157.8  1965  127.6  1872  112.8  1872   94.2  1977   96.2  1934  105.8  1991  126.7  1910  145.3  1878  140.1  1923  168.7  1983  160.6  2012  167.6  1980   412.4  2015   268.4  1987   357.8  2016   433.3  1968  1366.8  1982
  157.1  1946  126.8  1939  112.7  1876   93.8  1858   95.8  1902  104.0  1943  125.7  1843  145.3  1961  138.5  1962  168.7  1838  160.5  2006  167.1  2014   410.0  1999   267.3  1925   355.6  1861   432.0  1836  1360.0  1948
  153.4  1903  126.2  1941  112.5  1862   93.7  1937   94.9  1981  103.6  1862  124.7  1918  143.2  1951  138.5  1841  168.1  1891  160.2  1923  166.7  1990   409.6  1946   267.1  1906   354.4  1987   428.8  1886  1359.0  2009
  153.2  2018  125.9  1911  111.4  1846   93.5  1991   94.8  1843  102.3  1853  124.3  1915  143.1  1931  137.9  1936  167.5  1949  160.0  1914  164.2  1921   409.1  1983   266.4  2000   354.0  1980   427.6  2006  1357.0  2007
  152.1  1920  124.8  1931  111.2  1991   93.2  1925   94.5  1938  101.6  1881  123.8  1867  142.5  1988  137.0  2018  167.3  2006  159.8  1930  161.7  2021   404.6  1975   266.4  2002   353.0  1939   427.5  2020  1356.3  1886
  151.5  1961  124.5  1884  111.1  1881   93.2  1923   94.2  1973  101.2  1883  121.3  1931  142.2  2012  136.5  2011  166.7  1885  159.2  1996  161.0  1978   404.6  2012   266.2  1872   351.4  1958   427.4  1875  1355.3  1912
  150.3  1860  124.1  1970  109.6  2015   90.5  1904   94.0  1954  101.0  1857  120.9  1862  142.1  1982  136.4  1899  166.6  1886  159.1  1953  161.0  1872   402.7  1961   265.8  1877   349.0  1917   426.7  1963  1345.1  1891
  149.1  1853  123.9  1960  109.1  1940   89.7  1965   93.9  1931  100.7  1897  120.6  2017  139.8  2014  135.9  1932  166.4  2022  158.8  1881  160.7  1910   399.8  1931   265.4  1889   343.3  1920   426.0  1987  1340.5  1924
  149.0  1936  123.4  1926  106.5  1972   89.1  2002   92.6  1877  100.0  1880  120.2  1873  139.8  1840  135.3  1874  165.9  1877  156.8  1880  159.9  1954   398.2  2013   264.8  1841   340.7  1903   425.3  1847  1340.4  1965
  146.4  1915  122.8  1900  106.2  1839   88.5  1836   92.3  1860   99.8  1890  119.6  1926  139.4  1861  134.7  1876  165.4  2001  155.4  1840  158.5  1974   397.7  1952   263.9  1934   338.2  1892   425.0  2004  1339.8  1957
  146.3  1869  121.2  1861  105.3  1844   88.3  1916   91.5  1869   99.7  1875  118.8  1908  138.2  1846  133.9  1840  160.8  1984  152.5  1910  158.2  1896   397.7  1852   263.9  1907   337.0  1953   423.5  1885  1332.7  2011
  144.6  2002  119.7  1951  105.2  1957   88.1  1871   90.8  1964   99.2  1985  118.6  1967  137.7  1890  133.2  1858  160.3  1996  152.3  1981  158.1  2018   394.8  1967   262.4  2014   336.3  1853   421.9  1992  1331.7  1979
  143.9  1840  117.4  1933  103.8  1999   87.7  1876   90.3  1899   99.0  1911  118.2  1958  137.2  1905  132.6  1864  158.6  1847  152.1  1911  157.8  1997   390.9  1884   262.3  1905   335.3  1855   418.0  1926  1325.6  1992
  143.7  1957  117.3  2001  103.2  1882   85.9  1898   90.1  1903   98.6  1990  117.3  1973  135.0  1873  131.0  1897  157.2  1968  151.1  2005  157.7  1836   390.0  1965   260.8  1942   333.0  1900   417.7  1977  1318.7  1990
  143.1  1886  117.2  1904  102.6  1995   85.4  1969   90.0  1840   97.9  1845  117.1  1842  134.1  1866  131.0  1852  154.7  2019  149.8  1978  155.4  1942   388.6  1912   259.7  1881   328.7  1890   417.2  1892  1308.4  1958
  142.9  1942  115.4  1883  101.2  1884   84.9  1897   90.0  1908   97.4  1999  116.8  1903  134.0  1980  130.3  1951  154.5  1925  149.4  1927  154.1  1955   388.2  1957   259.3  1970   328.4  1866   416.4  1843  1308.0  1970
  142.8  1926  114.7  1920  100.5  1901   84.5  2008   89.9  1962   96.8  2000  116.3  1942  132.8  1850  130.2  1908  153.5  1989  148.0  1869  154.0  1912   385.7  1837   255.3  1965   327.9  1936   415.8  1917  1304.0  1910
  142.8  1968  112.5  1996  100.2  1841   84.5  1973   89.6  1999   96.7  1864  116.0  1961  132.7  1906  130.0  1836  152.9  1837  147.8  1837  152.4  1901   385.7  1892   254.6  1836   327.1  1895   411.6  1861  1300.2  1987
  141.2  1978  111.7  2017   98.2  1857   83.9  1853   88.5  1926   96.6  1854  114.8  1850  130.9  1986  128.6  1978  152.4  1970  147.7  2017  150.6  1854   383.1  1866   253.6  1927   325.7  1843   411.0  1946  1299.6  1943
  138.5  2009  111.3  1868   97.4  1906   83.2  1934   88.0  1965   95.2  2002  114.1  1875  130.7  1934  128.3  1878  152.3  1957  147.5  1850  149.3  1898   383.1  1873   253.4  2001   325.6  1960   409.5  1839  1299.2  1977
  138.0  1900  109.3  1850   96.6  1864   83.0  1951   86.7  1947   94.7  1900  114.1  1987  129.9  1979  126.5  1887  152.3  1848  147.0  1935  148.1  1884   381.1  1926   253.3  1916   325.0  1966   405.2  2021  1299.2  2016
  137.4  2005  107.3  1871   96.4  1909   83.0  1857   86.6  1838   94.4  1971  113.6  2019  129.9  1839  125.5  1847  151.8  1986  145.8  1936  147.5  1930   380.3  1898   252.7  2005   324.6  1851   403.5  2010  1297.8  1983
  135.9  1976  105.4  1961   95.9  1874   82.6  1960   85.5  1889   94.3  1892  112.6  1927  127.1  1859  125.4  1856  151.1  1945  145.1  1897  147.2  2019   378.2  1998   250.8  1912   323.9  1862   402.2  1957  1292.6  1860
  134.8  1867  104.5  1898   94.0  1907   82.0  1911   84.7  1852   94.2  1856  112.1  1985  126.5  1973  124.5  1994  150.2  1896  144.8  1883  147.2  1893   377.5  1885   250.7  1962   323.4  1880   401.4  2001  1292.4  1944
  134.7  1927  103.8  1957   93.7  1877   80.9  1952   83.0  1858   93.8  1839  111.4  1848  126.1  1894  123.3  1948  150.1  1873  144.5  1838  147.0  2003   376.4  1987   247.5  1914   322.3  1922   401.1  1837  1288.5  1935
  134.6  1934  102.3  1954   92.8  1941   80.8  1996   82.1  1949   93.2  1843  110.8  1881  126.0  1904  121.2  1925  149.8  1871  143.4  1950  145.8  1960   374.9  2018   246.8  1857   320.5  1965   400.8  1951  1285.4  1862
  134.0  1952  102.2  2004   92.6  1954   80.7  1979   81.5  2000   92.1  1878  110.4  1946  125.9  2009  121.2  2001  149.6  1944  142.6  1874  144.6  1946   374.3  1919   246.3  1964   319.9  1923   394.0  1849  1284.6  1869
  132.3  2000  101.8  1880   92.5  1977   80.2  1901   81.4  1963   92.0  1944  110.3  1975  125.7  1953  118.4  1988  149.5  1849  141.2  1847  144.1  1869   371.6  2001   246.2  1909   319.0  1971   392.0  1936  1282.9  1900
  132.2  1937  100.7  1906   91.7  2020   80.0  2006   80.7  1941   89.0  1939  109.6  2015  125.7  1942  117.7  1987  149.3  1883  141.1  1901  143.9  2017   369.6  1991   244.9  1878   319.0  1926   390.8  1931  1276.6  1916
  131.4  1910   99.1  1879   91.3  1928   79.6  1877   79.9  1913   87.9  1846  109.4  1838  125.0  1952  117.7  1963  147.2  1941  140.1  1913  142.9  1948   368.2  1867   244.6  2008   318.6  1929   389.5  2002  1276.5  1961
  130.6  1913   98.8  1882   91.3  1970   78.9  1838   79.4  1917   87.8  1913  109.0  1965  124.5  1895  117.2  1849  144.4  2017  140.0  1894  141.7  1907   367.7  1962   244.3  1923   317.8  1961   387.5  1890  1271.8  1932
  130.5  1919   98.5  2007   90.3  2014   77.6  1872   78.3  1842   87.5  1968  108.8  1923  123.7  2006  117.2  1934  144.3  1943  139.9  2020  141.5  1856   367.1  1977   243.1  1921   314.6  1908   386.1  1999  1271.1  1839
  130.3  2020   97.2  1897   90.2  1873   77.0  1964   77.9  1918   86.9  1952  108.5  1993  123.5  1863  115.4  1960  144.0  1875  139.1  2010  140.6  1956   365.5  1945   242.1  1904   314.2  1850   383.3  1943  1269.6  1863
  130.0  1868   96.4  1992   89.4  1890   76.9  1922   77.5  2012   86.6  1959  108.4  1929  123.3  1907  115.3  1926  143.1  1959  138.9  1895  140.6  2002   364.4  1981   240.9  1894   314.1  1873   382.0  2015  1269.2  1936
  128.6  1874   94.5  1991   89.3  2018   76.8  1845   77.3  1891   86.0  1842  107.5  2016  123.2  2016  114.4  1992  142.8  1977  138.1  1875  140.3  1866   362.5  1970   240.8  1955   309.3  1909   381.1  1882  1268.2  1968
  127.8  1904   94.0  1839   88.0  1930   76.2  1869   76.2  1996   85.9  2004  107.5  1950  122.9  1960  114.4  1879  142.8  1867  137.5  1863  138.8  1862   361.9  1846   240.7  1858   308.2  1857   380.6  1994  1267.8  1883
  127.7  1894   93.9  1943   88.0  1894   75.7  1930   75.9  1872   85.1  1896  104.5  1959  122.7  1908  113.6  1940  142.7  1942  133.8  1994  136.5  1989   361.1  1851   239.1  2016   307.5  1982   380.5  1949  1266.7  1874
  127.6  1931   93.8  1844   87.6  1939   75.7  2019   74.7  1985   84.8  1969  103.7  1998  121.8  1963  112.9  1942  142.1  1895  133.8  1905  136.5  1882   354.6  1863   239.1  1838   307.0  1963   380.0  1961  1265.2  1914
  127.4  1922   93.6  1988   86.7  1932   75.2  1927   74.2  1884   84.2  2011  101.7  2003  121.5  1967  112.4  1893  142.0  1868  133.0  2003  136.1  1923   352.7  1868   237.7  2012   303.8  1967   379.7  1996  1259.7  1929
  125.8  2011   93.5  1856   85.7  1942   74.4  1968   74.1  1890   84.1  1841  101.7  1968  120.2  1849  112.0  1952  141.7  1940  132.0  1916  136.0  1972   351.4  1978   237.2  1945   303.1  1875   377.3  1983  1255.1  1894
  125.4  2012   93.1  1867   85.4  1985   74.3  1895   74.1  1904   83.1  1981  101.3  1970  120.2  1856  111.8  1880  140.7  2012  131.3  1971  132.6  2004   351.2  1849   236.7  2017   301.3  1856   377.0  1880  1253.3  1939
  125.1  1982   92.1  1908   84.5  2016   74.2  1908   74.0  1929   82.5  1989  100.1  1851  120.1  1926  111.8  1970  140.6  1858  129.5  1998  131.0  1848   350.7  1986   234.7  1898   301.3  1894   376.8  1924  1252.2  1985
  123.7  1972   90.7  1994   84.5  1934   74.2  1924   73.9  1854   82.1  1978   99.8  1947  118.6  1925  111.6  2022  140.5  1878  127.3  1917  130.7  1837   349.7  1913   234.7  1977   300.9  1974   376.2  1911  1246.6  1993
  123.2  1956   89.4  1948   83.8  1922   73.6  1940   73.8  2005   81.8  1847   99.7  1845  118.0  1958  111.5  2016  140.2  1865  127.3  1849  130.6  1938   346.7  1900   233.9  1902   299.8  1992   373.5  1896  1241.3  1926
  122.9  1958   88.3  1999   83.2  1866   73.3  1919   73.6  1910   81.5  1898   99.7  1896  116.5  1857  111.2  1911  139.9  1952  126.7  2019  129.7  1881   345.2  1908   233.8  1940   296.8  1897   373.3  1859  1241.0  1897
  120.0  1951   88.0  1978   83.1  2010   73.1  1868   73.1  1856   81.4  1947   98.9  1964  116.1  1978  110.9  1982  138.7  1889  126.1  1997  126.3  1992   344.9  2005   231.8  1982   296.5  1962   369.8  1953  1238.1  1843
  119.9  1947   87.8  1899   81.9  1971   72.1  2004   72.6  1992   81.3  1910   97.7  1852  115.4  2001  110.4  1922  137.2  1894  125.3  1966  126.2  1902   343.5  1904   231.8  1973   293.2  1978   369.7  2018  1237.2  1876
  119.8  1843   87.1  1962   81.5  1888   71.8  1886   72.0  1849   81.2  1891   97.5  1893  115.2  2017  109.1  1844  136.7  1898  123.6  2016  126.2  1973   340.9  1933   231.6  2018   292.4  2011   367.5  1991  1236.2  1861
  119.2  1846   86.3  1865   81.4  2007   70.6  1856   71.9  1944   80.5  1924   96.9  1928  115.1  1922  109.0  1961  135.8  1918  123.0  1912  125.7  1877   339.4  1989   230.8  1976   289.7  2000   366.1  1838  1235.2  1909
  118.6  1969   86.0  1859   81.2  1966   70.3  1849   70.7  1988   80.3  1894   95.7  1972  114.9  2011  107.9  1995  135.5  1912  122.9  1839  125.0  1952   339.0  1911   228.2  1847   288.4  2010   363.4  1878  1234.2  1859
  116.6  1981   83.9  1969   81.0  1885   70.1  1885   70.5  2022   79.8  1837   95.1  1978  114.7  1970  107.8  1871  134.5  1933  122.7  1864  124.2  2009   335.6  1882   227.8  1848   284.6  1849   361.2  1979  1231.2  1906
  115.8  1878   83.8  1987   80.9  1933   69.8  1955   70.4  1863   79.3  1926   94.9  1894  113.9  1882  107.3  1966  134.2  1982  122.3  1841  123.8  1969   330.3  1870   226.4  2009   284.3  2002   361.1  1840  1228.7  1881
  115.7  1933   82.8  2019   79.0  1845   68.8  1848   70.2  1995   78.7  1920   94.3  2013  113.9  1868  106.5  1930  132.7  1991  121.8  1900  123.5  1944   330.3  1951   225.8  1959   283.4  1871   359.9  2013  1222.9  1868
  114.9  1980   82.8  1982   79.0  1889   68.8  1900   69.9  1870   78.6  1861   94.0  1844  113.7  1844  106.5  1998  132.5  1924  121.5  1891  123.0  1957   326.7  1881   224.6  1991   282.2  1854   358.0  1876  1218.5  1978
  114.9  1916   82.7  1836   78.5  1964   68.1  1847   69.5  1952   78.5  1877   93.4  1837  112.6  1989  106.3  1956  130.9  1853  120.0  1985  122.2  1977   325.6  1914   223.3  1917   282.1  1973   357.1  1966  1214.0  1845
  114.6  1970   82.4  1840   77.6  1965   67.9  1917   69.4  1914   78.3  1916   93.2  2011  112.4  1876  105.0  1980  130.6  1851  119.8  1886  122.0  1858   325.3  2011   223.2  1865   282.1  1883   356.0  1986  1213.2  1925
  113.6  1862   81.0  1971   77.6  1904   67.8  1915   68.2  1875   77.5  1876   92.8  1943  111.9  1888  104.6  2005  129.5  2011  119.0  1876  121.5  1987   321.6  1906   222.7  1842   281.2  1970   355.7  1965  1211.7  1846
  112.9  1918   80.7  1984   77.5  1902   67.5  1987   67.9  1953   76.4  1909   92.0  1944  111.3  1901  103.7  1985  128.1  1927  118.9  2018  121.2  1894   320.0  1918   222.7  1950   280.1  1898   354.5  1925  1206.0  2005
  112.4  1959   80.2  2008   77.3  1936   67.2  1945   67.1  1921   76.2  2003   91.6  1891  110.8  1893  102.3  2007  124.8  1893  118.4  1865  119.8  1940   318.8  1860   222.6  1876   278.8  1972   354.4  1900  1205.2  1907
  111.5  1908   80.2  1874   77.1  1976   67.0  2003   66.8  1900   74.5  1933   91.3  1966  110.5  1919  101.6  1977  124.6  1966  114.9  2001  118.3  1859   318.3  1842   222.6  1910   278.8  1874   354.0  1990  1202.4  1847
  110.4  1977   80.1  1981   76.4  1855   66.9  1939   66.8  1951   73.1  1908   91.2  1890  110.5  1966  101.2  1867  123.2  1992  112.2  1859  117.7  1906   318.3  1840   222.1  1941   277.3  1914   353.0  1848  1202.3  1972
  110.0  2013   79.7  1870   76.1  1917   66.6  1943   66.3  1957   72.3  1974   90.8  1857  109.4  1915  100.5  1837  123.0  1988  110.6  1870  116.7  1998   317.7  1993   220.8  1954   276.7  1944   352.2  2011  1198.6  2013
  109.5  1924   79.3  1857   76.0  2000   66.2  1841   66.3  1885   71.5  1917   90.6  2002  108.7  1872  100.4  1884  122.3  1994  109.4  1999  115.7  1967   317.4  1859   220.5  1952   276.3  1863   348.4  1934  1197.7  1934
  109.3  1859   78.0  1949   75.7  1967   66.0  1863   66.2  1850   71.0  1950   86.9  1856  107.0  2000  100.0  1973  121.8  1958  109.1  1903  114.9  1925   316.3  1955   220.3  1930   276.3  1918   347.4  1958  1197.3  1962
  108.9  1925   77.8  2018   74.8  1948   66.0  1891   65.9  1864   70.9  1871   86.7  1883  106.8  1843   99.8  2006  121.6  1852  109.0  1845  114.9  1984   315.2  1857   220.0  1896   274.5  1997   347.1  1909  1196.0  1984
  108.5  1836   77.7  2015   74.1  2004   65.7  1944   65.6  1857   70.3  2022   86.2  1889  105.9  1987   99.5  2021  121.0  1999  108.2  1965  111.5  1867   314.8  1875   219.5  2013   274.0  1952   346.8  1899  1194.2  1908
  108.4  1991   77.6  1864   73.6  1838   65.3  1907   62.4  1867   70.1  1956   85.8  2000  104.8  1851   99.0  1877  118.6  1901  107.2  1885  111.5  1988   314.6  1936   218.2  1851   272.9  1859   343.2  1862  1193.9  1880
  108.0  1954   77.4  1851   73.5  1950   65.1  1942   61.7  1882   70.0  1993   85.5  1933  103.7  1854   98.8  1845  118.6  1960  106.5  1906  110.7  1871   314.5  1938   218.2  1884   272.3  1986   342.7  1897  1185.7  1911
  107.6  1923   77.1  1927   72.0  1870   63.5  1880   61.7  1879   69.1  1901   84.6  1866  103.6  1938   96.4  1993  116.7  1971  105.7  1899  110.5  1961   313.7  2019   217.7  1997   271.1  1905   338.7  1864  1185.4  1922
  107.0  1882   77.0  1847   71.6  2003   62.2  1948   61.4  1873   68.6  1964   84.5  2021  103.4  1998   95.7  1848  116.5  1902  105.6  1975  110.0  1962   312.9  1887   217.4  1885   270.9  1893   336.3  1952  1184.8  1949
  106.8  1912   76.4  1973   70.7  1959   61.2  1888   60.9  2017   68.5  1905   83.5  1859  102.3  1965   95.1  1945  115.8  1882  105.5  1976  109.9  1904   312.2  1949   216.5  2007   270.6  1876   332.7  1906  1180.4  1892
  106.5  1870   76.4  2006   70.1  1879   60.5  1902   59.8  1961   67.8  1858   83.2  1992  102.0  1911   93.5  1919  113.8  2018  105.4  1898  109.8  1874   311.7  1921   216.4  1943   269.6  1837   329.7  1959  1179.5  2018
  105.1  1854   76.0  1972   70.1  1952   60.2  1926   58.9  1880   67.5  1888   82.8  1986  101.5  1999   93.5  1920  112.8  1911  104.9  1848  109.4  1958   310.1  1968   215.8  1895   268.4  1915   329.7  1846  1179.5  1837
  103.0  1945   75.0  2005   69.7  1997   59.1  1988   58.9  1887   67.3  1922   82.4  1907  100.5  2013   93.4  1862  110.8  2010  104.2  1908  109.3  1895   306.8  1890   215.8  1901   267.4  1896   328.3  1978  1175.8  2001
  102.0  2003   74.3  1940   69.3  2009   58.1  1990   58.1  1937   67.1  2005   82.0  2004   99.9  1964   93.3  1909  110.0  1926  103.3  1854  109.2  1888   305.6  1941   215.6  1937   267.3  1964   326.6  1858  1175.6  1913
  101.4  1892   73.7  1936   69.1  2001   57.5  2009   57.9  1982   67.1  1994   82.0  1854   99.8  2015   93.3  1947  109.1  1859  103.1  2014  108.7  1991   302.8  1878   214.8  1931   267.1  1878   325.1  1895  1173.0  1838
  101.2  1839   72.1  1912   69.0  1969   56.8  2014   57.7  1912   66.6  1850   81.7  1858   99.4  1862   92.2  1873  108.3  1880  102.9  1973  107.8  1932   302.5  1956   213.4  1869   266.1  1844   324.2  1873  1171.7  1989
  100.9  1898   71.6  1889   68.8  1899   56.6  1879   57.6  1893   65.4  1953   80.7  1876   99.0  1994   90.9  1979  108.3  1844  101.9  2008  107.4  1889   302.1  1979   212.1  1864   264.4  1993   323.6  1893  1170.4  1849
  100.8  1914   71.2  1976   66.8  1916   56.4  1878   57.1  2019   65.2  1970   80.0  1902   98.6  2002   89.8  1931  108.2  1936  101.4  1907  106.6  1920   301.9  1947   211.3  1961   262.6  1942   319.4  1913  1168.2  1898
   99.4  1971   69.0  2012   66.5  1880   56.4  1874   57.1  1987   64.9  1885   79.7  1899   98.6  2018   89.5  2003  108.0  1845  101.4  1967  105.5  1887   301.4  1901   210.7  1861   259.5  1889   319.4  1969  1165.9  1956
   97.4  1979   68.1  1907   66.4  1867   55.5  1870   56.9  1933   64.5  1919   79.5  1892   96.4  1837   89.2  1870  106.9  2009  101.3  1987  104.1  1945   298.7  2003   209.7  1922   259.3  1842   318.5  1939  1161.9  1899
   96.8  1837   67.0  1841   66.3  2013   55.3  1894   56.6  2001   64.3  1984   78.4  1945   95.4  1918   89.0  1990  106.8  1836   99.1  1932  102.8  1908   298.5  1897   208.8  1953   259.2  2015   315.9  1845  1161.7  1917
   96.0  1845   65.5  1854   66.2  1974   54.9  1903   56.5  1930   63.8  2009   77.4  1916   94.3  1883   88.9  1917  106.7  1974   98.5  1964  102.4  1928   292.2  1976   208.1  1850   258.6  1968   315.3  1842  1161.2  1942
   94.6  1865   65.1  1913   65.2  1871   54.6  2013   56.3  1960   63.7  1967   76.9  1995   93.9  1914   88.9  1857  105.3  1964   98.2  1961  100.2  2008   289.9  1973   206.8  1890   257.0  1945   315.2  1901  1160.8  1940
   94.4  1857   65.0  1905   63.9  1937   54.4  1971   55.7  1911   63.7  1937   76.8  1997   93.3  1996   88.2  1916  104.7  1899   97.9  2007   99.6  1864   289.6  1982   206.8  1978   256.3  2013   314.6  1860  1158.5  1875
   94.0  1856   64.3  2013   63.8  1858   53.9  1887   55.6  1971   63.5  1929   76.6  1874   93.1  1855   83.1  2020  104.5  1950   96.9  1948   99.4  1883   289.6  1850   206.8  1995   255.2  1951   314.5  1888  1155.5  1997
   93.9  1887   64.0  1953   63.7  2002   51.8  1851   55.4  1974   63.1  1934   76.5  2001   92.7  1944   83.0  1890  104.4  1876   96.4  1943   99.4  1860   288.2  1997   206.2  1845   254.7  2014   314.3  1975  1154.7  1969
   93.4  1895   63.6  1955   63.3  2005   51.6  1981   54.7  1927   62.6  1893   76.4  1991   91.0  1902   82.2  1955  102.5  1963   96.2  1989   98.7  1863   283.9  1944   204.1  1996   250.4  1921   313.9  1948  1151.5  1991
   92.8  1955   63.3  1892   63.1  1975   50.9  1837   54.0  2016   62.2  1859   76.1  1948   90.7  1974   81.5  1853  102.2  1979   96.2  2013   98.5  1903   283.2  1902   202.6  1874   247.9  1991   313.8  1881  1148.3  1890
   91.3  1949   61.3  1878   62.3  1949   50.8  1860   53.6  1868   61.5  2013   75.8  1981   89.5  1969   80.9  1937  101.5  1995   94.6  1878   96.0  1849   280.5  1865   200.1  1975   247.5  1865   313.5  1988  1146.0  1840
   89.0  1844   61.2  1998   61.3  1878   50.3  1896   53.1  2004   60.0  1930   74.7  1951   89.2  1875   80.8  1889  101.5  1913   93.7  1990   96.0  1842   278.2  1969   199.7  1891   247.2  2001   311.2  1871  1145.8  1963
   87.9  1902   60.7  1846   60.3  1945   50.1  1956   52.6  1915   58.9  1873   72.7  1980   88.2  1909   80.0  1914   99.6  1869   92.3  1846   95.6  1916   277.7  1876   199.2  2004   246.6  1886   310.6  1850  1141.9  1915
   86.3  1842   60.6  1944   59.4  1955   49.6  1864   52.0  1855   58.6  1986   72.6  1937   87.3  1858   79.2  1997   98.7  1854   91.4  1892   94.9  1947   277.1  1893   198.9  1926   245.7  1904   309.0  1912  1136.0  1896
   86.0  1841   59.3  1849   57.4  1911   49.3  2015   51.9  1946   58.4  1844   71.1  1971   87.1  1853   78.5  2013   97.8  1850   90.2  2004   93.3  1913   273.2  1839   198.6  1958   245.0  1977   308.7  1905  1135.5  1959
   85.0  1891   58.8  1909   57.4  1938   49.1  2022   51.4  1909   58.0  1902   71.1  1949   86.7  1836   77.9  1913   97.8  1905   89.5  1868   92.9  1850   273.0  1924   197.5  2011   244.1  1934   300.4  1907  1133.7  1919
   85.0  1909   56.9  2010   57.2  1865   49.1  1967   51.1  1940   57.9  1960   71.0  1865   85.9  1993   77.5  1882   96.1  1956   88.5  2021   92.1  1937   272.7  1954   197.3  1870   243.5  1901   300.2  1868  1132.4  1952
   84.3  1850   56.3  1863   56.4  1891   48.6  1941   50.4  1845   56.7  1983   69.1  2014   85.7  1916   77.1  1905   94.8  1888   88.3  1904   91.9  1839   270.0  1871   195.1  1911   241.4  1916   299.5  1985  1130.0  1878
   81.4  1885   56.2  1842   55.2  1984   45.8  1883   50.3  1874   56.6  1914   68.0  1963   83.3  1977   74.2  1964   93.7  1948   87.6  1919   91.9  1935   269.8  1861   193.4  1871   240.7  1906   298.9  1894  1129.6  1851
   81.2  1901   56.1  2003   55.0  1887   45.4  1976   49.9  1897   56.5  1961   67.7  1994   83.1  2005   70.9  1854   91.9  1910   87.5  1941   90.6  1931   269.4  1942   192.4  1957   240.4  1999   298.7  1898  1129.6  1884
   80.7  1864   54.3  1938   53.4  1956   45.1  1928   49.9  1956   56.2  1918   67.7  1887   83.1  2010   70.5  1842   90.1  1881   86.4  1893   90.5  1950   269.1  1992   191.9  1971   237.9  1932   297.6  1853  1129.4  1885
   80.1  1989   54.0  1896   53.1  1883   44.0  1978   49.0  1922   55.6  1899   66.8  1925   82.8  1847   70.5  1860   88.9  1973   86.2  2011   89.9  2005   266.8  2017   188.9  1880   236.8  1858   294.3  1995  1127.8  1947
   79.3  1967   51.6  1968   53.1  1973   43.6  1933   48.8  1883   55.2  2001   66.8  1904   82.6  1896   70.4  1991   87.4  1921   86.0  1918   88.1  1857   266.1  2009   188.4  1879   235.1  1935   293.2  2003  1123.2  1867
   77.7  2001   51.2  1942   52.9  1910   43.4  1890   48.8  1948   54.6  1906   66.4  1921   80.6  2021   68.9  1969   86.5  1839   85.1  1853   87.9  1861   265.7  1874   186.9  1888   233.8  1994   293.2  1908  1119.4  1850
   77.5  1973   50.3  1860   52.6  1915   42.9  1884   48.0  1977   53.9  1962   65.5  1905   79.9  1984   68.7  1868   86.3  1890   85.0  1924   87.5  1976   263.5  1932   186.8  1892   232.3  1867   292.6  1914  1112.1  1879
   77.2  1871   50.2  1887   52.5  1918   42.7  1844   47.3  2018   53.2  1957   63.3  1962   79.2  1975   65.3  1850   84.9  1919   84.9  1995   86.2  1939   257.7  1843   186.2  1939   231.8  1989   292.4  1971  1100.7  1945
   76.3  2010   49.7  1983   52.5  1847   42.6  1881   47.1  1837   53.0  1904   63.0  1901   78.5  1949   64.9  1881   84.0  1937   84.3  1952   85.9  1899   257.5  2010   185.8  1960   229.3  1941   291.9  2014  1098.0  1953
   74.4  2017   46.1  1901   51.9  1837   42.0  1906   47.0  1866   52.5  1886   62.6  2005   78.5  2007   64.5  1851   83.4  1864   82.3  1902   85.5  1870   257.0  1864   185.7  1948   229.1  1990   291.7  1973  1095.0  1873
   74.1  1940   45.5  1875   51.7  1962   42.0  1921   45.6  1851   49.8  2015   62.1  1952   78.2  1997   63.9  1938   81.5  1887   81.8  1873   85.1  1975   251.1  1927   181.4  1933   229.1  1902   288.9  1887  1086.4  1995
   73.3  1847   44.6  1919   50.6  1923   42.0  1936   44.3  1848   49.0  1903   61.8  2022   77.6  1920   63.0  1900   80.9  1955   80.8  1887   81.7  1879   251.0  1959   178.9  1863   226.4  1911   288.3  1942  1085.9  1895
   72.8  2019   43.7  1979   50.3  1946   41.0  1892   44.2  1888   48.9  1870   60.6  1996   75.6  1885   61.6  1904   79.4  1884   80.2  1915   81.7  1981   246.6  1909   177.7  1873   223.7  1919   286.8  1844  1085.7  1973
   72.7  1985   42.9  1902   50.2  1926   40.6  2011   43.9  1990   48.5  1996   60.4  1900   73.2  1990   60.1  1996   79.1  1931   78.8  1925   80.7  2016   245.8  1856   175.5  1849   222.4  1864   286.4  1889  1083.2  1871
   71.0  1848   42.7  1952   50.1  1854   39.9  1866   42.3  1959   48.2  1992   60.1  1885   72.6  1864   60.0  1929   78.4  1856   78.6  1921   78.8  2001   245.5  1972   173.9  1935   221.1  1969   286.3  1865  1081.6  1964
   69.8  2006   41.9  1843   48.8  1853   39.9  1958   42.2  1998   47.2  1895   58.5  1860   71.0  1867   59.6  1928   77.3  1965   78.2  1962   78.0  1838   244.9  1953   173.0  1915   221.1  1975   286.3  1989  1081.2  1976
   69.4  1950   41.1  1845   47.1  1996   39.9  1997   41.6  1994   45.8  2014   58.2  1941   70.7  1871   59.1  2009   76.6  1861   77.2  1993   77.4  1878   242.8  1907   172.7  1928   221.0  1979   285.9  1947  1076.8  1921
   69.0  1917   39.8  1886   46.9  1960   39.0  1875   41.3  1846   45.2  1979   57.5  2018   69.4  1945   56.6  1898   75.8  1985   77.2  1968   77.1  1875   241.5  1886   170.1  1866   220.6  1933   283.1  1867  1070.4  2003
   66.4  1966   39.2  1838   46.4  1953   38.9  1929   41.3  1950   40.9  2006   57.3  1990   69.4  1968   55.5  1901   75.6  1939   75.9  1884   75.7  1865   241.5  1971   169.0  1918   216.8  1981   282.9  1962  1067.5  1870
   64.2  1876   39.1  1917   46.4  1925   38.9  1946   40.2  1871   40.3  1932   53.4  1906   68.7  1939   54.2  1902   74.5  1997   72.4  1860   75.6  1968   241.0  1889   167.7  1887   216.1  1884   279.9  1997  1066.7  1975
   64.0  1992   38.4  1975   45.8  1869   38.5  1918   40.2  1919   40.2  2010   53.1  1864   68.3  1913   53.0  1846   73.2  1842   72.1  1988   75.3  1941   237.1  1905   165.9  1938   214.9  1959   278.0  1964  1065.1  1856
   63.9  1935   37.4  1947   43.4  1990   37.9  1914   39.8  1975   39.0  1869   50.3  1934   67.5  1887   53.0  2015   72.3  1857   71.7  1920   73.5  1892   236.1  2006   165.5  1856   212.9  2005   276.0  2016  1062.4  1893
   62.9  1896   34.8  1853   43.3  1924   37.7  1839   39.1  1936   38.3  1973   49.8  1917   65.7  1991   52.9  1838   71.8  1840   70.5  1922   65.5  1943   234.6  1940   164.9  1980   210.4  2006   272.9  1854  1059.0  1888
   62.7  2022   34.5  1873   43.0  1898   34.5  2010   38.6  1905   37.5  1867   49.8  1897   65.2  1936   50.5  1912   70.7  2003   69.4  1844   65.5  1917   229.8  1895   164.6  1853   205.4  1940   269.3  1856  1058.2  1904
   62.2  1905   34.0  1855   42.9  2011   34.2  1954   38.1  2010   37.2  1951   48.7  1919   64.8  1869   48.1  1921   69.0  1866   67.9  1851   62.5  1953   229.0  1996   164.3  1839   204.2  1847   269.1  1941  1054.2  1901
   61.5  1858   31.7  1888   42.4  1863   33.9  1995   37.7  1984   37.1  1995   47.7  1976   64.2  1886   47.0  2002   68.1  2015   66.9  1889   62.4  1996   228.5  1862   161.2  1855   202.4  1996   267.3  1972  1050.6  1889
   60.1  1889   31.4  1929   41.9  1958   33.7  1865   36.6  1989   37.0  1988   47.1  1977   63.6  1935   46.2  1949   66.8  1920   65.5  1856   61.1  1970   226.2  1896   161.1  2022   200.5  1885   266.0  1919  1041.5  1857
   59.7  1941   31.3  1985   41.4  2022   32.8  1855   36.3  1928   36.2  1849   46.9  1969   63.0  1870   44.5  1971   66.5  1897   63.6  1857   58.6  1885   221.7  1844   161.0  1944   200.1  2003   262.9  1851  1035.9  1842
   59.2  1996   30.1  1964   40.5  1943   32.6  2007   35.8  1980   35.5  1923   46.4  1935   60.6  1933   44.1  1895   66.2  1962   61.6  1955   58.3  1855   221.5  1879   160.6  1900   198.9  1955   261.9  2007  1031.1  1864
   57.0  1907   29.2  1959   40.2  1843   31.0  1861   35.0  1901   35.5  1884   45.9  1979   59.4  1983   42.3  1906   65.6  1904   61.1  1983   58.0  1846   218.9  1985   158.4  1936   195.2  1937   260.5  1910  1029.5  1971
   56.9  1893   27.4  1924   40.2  1893   29.8  1840   34.8  2008   34.7  1915   45.8  2006   59.0  1937   41.1  1888   65.3  1953   60.9  1957   57.3  1995   214.7  1880   155.7  2010   194.3  1913   260.3  1945  1025.7  2010
   55.9  1953   27.3  2009   39.5  1850   28.8  1982   33.4  1935   33.1  2018   44.5  1982   58.9  1972   39.9  1939   63.7  1879   59.8  1909   57.0  1873   208.3  1847   153.4  1956   193.3  2021   258.9  1855  1024.8  1854
   55.2  1888   27.1  1862   39.2  1961   26.1  1873   33.2  1978   32.6  1976   42.6  1863   57.9  1981   39.3  1855   61.8  1975   58.2  1958   55.7  1851   205.4  1854   153.2  1844   191.5  1947   257.7  1956  1023.9  1937
   52.4  1911   26.4  1890   38.9  1935   26.0  2017   32.2  1861   31.6  1975   42.0  1983   56.9  2022   37.0  1972   61.8  2007   57.7  1862   48.6  1905   204.3  1855   149.9  1837   190.4  1925   255.6  1884  1020.3  1996
   51.6  1929   25.2  1956   38.8  1875   25.1  2020   31.8  1853   31.3  1874   41.5  1999   56.2  1842   36.5  1989   58.7  1908   55.3  1956   46.2  1927   203.8  1917   148.4  1854   189.1  2018   253.0  1902  1018.0  1905
   49.2  1861   23.1  1963   37.2  1993   24.4  1854   31.6  1939   30.7  1865   39.6  1869   55.0  1880   34.8  1915   55.2  1993   54.6  1934   45.8  1971   194.4  1838   147.7  1883   188.9  2022   232.0  1920  1017.3  1853
   46.6  1964   21.1  1993   36.9  1892   21.0  1912   24.9  1970   29.4  1940   39.6  1847   48.0  1932   34.4  1941   54.4  1915   53.5  1871   44.9  2010   192.4  1888   146.0  1875   180.0  1899   228.8  1993  1013.7  1865
   46.2  1987   18.9  1965   33.2  1849   20.8  1957   22.2  1876   28.2  2021   39.5  1955   47.2  1884   34.3  1933   52.7  1914   52.8  1858   39.3  1926   185.5  1929   145.4  1990   174.9  1984   224.7  1857  1006.0  1858
   45.0  1879   18.4  1858   31.8  2012   19.7  1852   21.6  1895   25.2  1949   38.2  1913   46.6  1955   27.7  1865   49.9  1978   52.5  1933   38.9  1843   175.1  1841   141.1  1946   174.8  1949   224.7  1955   981.6  1941
   43.1  1897   15.5  1930   25.0  1900   19.3  1893   20.5  1839   24.0  1887   36.7  1989   45.0  1940   22.5  1907   46.5  1969   49.3  1937   34.9  1963   174.5  1934   137.6  1929   159.2  1887   221.2  1933   974.8  1955
   31.2  1880   15.1  1895   24.7  1929   17.8  1984   19.9  1991   23.7  1889   35.8  1870   44.7  1899   21.7  1894   46.3  1972   47.8  1855   34.9  1853   168.1  1858   135.8  2020   158.1  1983   216.7  1922   973.0  1902
   26.1  1963   12.3  1921   24.6  1931   15.1  2021   19.1  2020   21.8  1941   30.8  1898   23.8  1959   21.2  1843   40.9  2016   44.6  1896   29.8  1933   159.2  1963   131.7  1840   153.1  1868   215.9  1879   904.8  1844
   24.5  1838   10.2  1934   23.5  1944   14.1  1938   16.2  1859   20.6  1942   30.7  1984   22.2  2003   20.0  1959   35.8  1922   39.1  1867   26.0  1890   153.1  1845   131.5  1974   147.7  1870   215.5  1904   886.1  1933
   22.4  1881    9.5  1891   21.9  1856   12.3  1842   13.4  1896   17.5  1868   29.7  1878   18.2  1995   18.9  1986   34.0  1951   37.8  1879   22.1  1840   120.5  1891   120.2  1852   143.5  1869   214.2  1937   867.4  1855
   19.8  1855    9.0  1986   15.9  1852    9.9  1974    5.2  1844   13.0  1921   25.5  1911   13.6  1976   16.4  2014   30.8  1946   32.6  1942   15.9  1844   111.7  1964   117.0  1893   132.3  1995   214.2  1921   865.4  1887
   12.0  1997    4.2  1932   11.8  1840    8.5  1980    4.6  1836    5.0  1925   21.7  1868   10.2  1947   16.2  1910   23.5  1947   14.2  1945    ---  2022     ---  1836   110.7  1984    94.0  1976   169.3  1915     ---  2022
