Areal values from HadUK-Grid 1km gridded climate data from land surface network
Source: Met Office National Climate Information Centre
Monthly, seasonal and annual total precipitation amount for England and Wales
Areal series, starting in 1836
Last updated 01-Dec-2022 10:42
    jan  year    feb  year    mar  year    apr  year    may  year    jun  year    jul  year    aug  year    sep  year    oct  year    nov  year    dec  year     win  year     spr  year     sum  year     aut  year     ann  year
  173.7  1948  179.3  2020  160.6  1947  141.0  2012  136.0  1967  157.7  2012  149.5  1888  180.5  1912  181.4  1918  209.8  1903  195.3  1929  187.4  1868   445.4  2014   306.5  1979   396.7  1912   484.0  2000  1270.8  1872
  173.4  2014  150.1  1923  158.9  1981  134.8  2000  127.7  2021  150.9  1860  143.9  1880  172.5  1917  164.7  1866  182.9  2000  191.9  1852  186.1  1914   415.9  1915   305.9  1981   392.5  1879   427.1  1960  1215.0  2000
  159.4  1995  143.6  1990  125.2  1979  123.8  1998  121.3  1932  148.9  2007  142.0  2009  150.5  1956  151.0  1976  175.9  1967  191.0  2009  182.5  1929   413.1  1995   295.7  1947   372.6  2012   410.6  1852  1204.6  2012
  157.7  1928  140.8  2002  120.7  1912  119.8  1920  120.9  1878  133.3  1879  136.2  1839  148.6  2004  150.7  1896  167.6  1987  183.7  1940  182.2  1876   412.0  1990   283.0  1983   351.6  1860   408.8  1935  1154.1  1960
  155.5  1988  139.6  2014  117.6  1919  106.2  1882  119.8  1924  126.5  1998  135.6  2007  147.8  1891  146.1  1974  166.7  1960  178.2  1951  177.7  1915   402.9  1877   282.1  1920   341.3  2007   390.8  2019  1148.6  1852
  150.9  1939  138.8  1950  116.8  1836  103.9  1983  117.5  1886  126.2  1997  135.2  1936  144.3  1878  144.1  1968  163.7  1998  177.5  2000  176.3  1934   391.9  1869   274.3  1913   328.0  1927   389.8  1954  1141.2  1903
  146.5  1943  136.7  1977  114.6  1914  103.7  1846  115.6  1979  121.6  1848  133.1  1939  143.5  1879  143.6  1981  162.8  1891  170.2  1970  171.9  1911   384.4  2016   263.9  1862   324.6  1839   388.9  1872  1109.4  1882
  145.7  1877  132.3  1937  114.6  1903  102.6  1966  112.3  1983  121.0  1912  132.8  1920  141.0  1860  140.1  1927  161.9  1865  167.8  1954  167.7  1965   380.9  2021   262.3  1932   320.3  1848   385.4  1976  1105.8  1877
  145.2  2008  126.3  1915  110.2  1951   99.6  1913  111.9  1969  119.7  1980  131.1  1875  136.9  1881  137.8  1869  157.4  1870  159.6  1926  165.9  1959   379.5  2020   259.7  1951   318.9  1956   383.4  1841  1093.0  2020
  144.9  1984  125.0  1848  109.5  1897   98.3  2001  110.2  2007  119.3  1982  131.0  1988  136.0  1946  134.9  1935  154.6  2020  158.7  1963  165.5  1993   374.5  1960   258.4  2000   317.5  1931   376.1  1903  1092.4  1954
  143.2  1872  124.9  1916  108.8  1913   97.7  1935  109.5  2006  117.0  1852  121.5  1915  134.0  1927  133.8  1965  152.8  1932  157.5  1946  164.8  2012   368.8  1994   255.1  1886   312.9  1852   374.1  1875  1091.2  2002
  140.6  2016  124.3  1900  108.3  2018   97.4  1961  108.3  1869  112.7  2019  118.9  1922  130.9  1992  131.9  1950  152.5  1907  154.7  1939  164.1  1978   360.8  1916   254.7  1998   300.0  1917   371.0  1944  1078.5  1848
  139.9  2021  123.6  1966  107.5  1862   93.6  1993  106.3  1843  106.2  1958  116.2  2012  129.4  1852  131.7  1883  151.6  1949  154.2  2002  161.9  1979   353.0  1937   251.4  1986   299.2  1872   362.5  1974  1078.0  1912
  139.9  1852  120.5  1925  103.9  1963   92.7  1871  100.8  1955  106.1  1987  115.7  1879  128.1  1877  130.4  1876  151.2  1976  153.2  1842  161.1  2015   347.3  1966   250.0  1903   298.4  1882   362.4  1984  1074.7  2008
  136.6  1999  118.9  1997  103.4  1988   89.0  1931  100.4  2014  105.5  1882  114.5  1861  127.9  1951  130.1  1871  149.9  1843  151.9  1960  154.2  2020   341.2  2007   249.2  2006   297.9  1954   352.5  1885  1068.6  1998
  133.7  1990  116.4  1958  103.3  1851   88.0  1867   99.2  1942  105.2  1839  114.1  1872  124.2  2020  128.7  1841  148.7  2013  151.5  1944  154.0  1999   335.1  1912   240.6  1969   297.0  1958   351.4  1967  1064.5  2019
  131.2  1974  113.1  1995  102.5  1982   87.9  1843   98.9  1925  105.1  1872  113.9  1895  123.7  1950  127.3  1839  148.1  2004  148.7  1888  144.1  1986   335.1  1930   238.8  2018   296.6  1888   347.6  1882  1064.0  1927
  130.0  1906  110.5  2022  100.7  1980   87.6  1970   93.7  2002  102.4  1838  113.1  1871  121.2  1903  126.1  1946  146.9  1882  145.3  1984  142.4  1919   331.0  1980   236.4  1963   296.0  2020   345.4  1929  1063.9  1951
  128.7  1930  108.8  1951  100.2  2019   85.1  1877   89.4  1981  102.3  1863  113.0  1882  120.2  1865  125.6  1957  145.1  1875  143.7  1836  140.6  1994   328.7  1910   236.3  1967   294.8  1946   345.0  1880  1060.9  2014
  125.7  1937  106.6  1893   99.9  1905   84.7  1850   88.1  1993  100.3  2016  112.6  1855  120.2  1954  124.4  2019  145.1  1872  143.1  1935  139.1  2000   328.1  1923   234.7  1937   288.7  2008   342.7  1940  1054.5  1841
  125.4  1975  106.4  1974   99.4  2008   84.6  1986   87.2  2015   99.0  1927  112.2  1960  119.7  1848  123.7  2000  144.8  1906  142.9  2022  137.1  1910   323.7  1883   234.3  1867   288.0  1903   342.5  1981  1040.3  1924
  125.1  1960  105.9  1883   98.8  1848   83.8  1989   87.0  1860   98.6  1928  109.2  1924  118.9  1986  120.7  1999  141.6  1880  141.8  1950  135.8  1872   323.3  1977   233.3  1889   287.3  1985   342.5  1998  1040.0  1946
  123.9  2004  105.7  1910   98.7  1896   83.4  2018   87.0  1847   98.0  2020  108.9  1918  118.8  1985  120.7  1885  141.4  1928  141.7  1872  134.7  1989   321.0  1925   233.2  1877   284.1  1891   339.6  1839  1038.9  1860
  122.2  1994  104.3  1904   98.0  1909   82.4  1932   86.9  1986   97.9  1971  108.8  1853  117.4  2008  120.2  1958  141.3  1841  139.7  1877  134.6  1909   319.7  1935   232.1  2001   282.5  1875   336.3  1836  1031.7  1999
  121.8  1986  103.2  1881   97.8  1998   81.5  1859   86.7  1898   95.3  1985  107.9  1930  117.3  1941  116.8  1984  141.1  1909  138.5  1992  133.9  1891   318.5  1939   229.6  1994   279.2  1877   336.3  1883  1025.6  1966
  120.5  1936  101.5  1866   95.6  1916   81.5  1899   86.6  1862   95.2  1935  107.7  1940  115.8  1845  111.9  1993  141.0  1916  136.0  1931  132.6  1886   315.3  1984   229.0  2008   278.3  1881   334.5  2012  1021.7  1930
  119.8  1851  100.9  2007   95.0  1994   80.7  1959   85.7  1931   94.4  1991  107.6  1931  115.6  1931  111.1  1995  140.6  1855  135.7  1875  132.5  2013   312.0  1928   227.8  1924   276.0  1980   333.3  2022  1014.5  1974
  119.8  1899  100.6  1935   94.5  1876   80.1  1963   85.1  2000   94.4  1931  107.4  1957  113.8  1948  110.8  1924  140.6  2021  135.1  2015  131.4  1901   309.5  2001   226.3  1843   275.5  2004   329.1  1930  1014.4  1958
  118.3  1913   97.9  2000   93.6  2006   79.1  1947   84.7  1907   93.2  1936  107.3  2008  113.2  1962  109.2  1880  140.4  1846  133.0  1840  129.9  2006   308.2  1974   225.2  2012   273.5  2019   327.1  1982  1013.7  1928
  118.1  1998   97.5  1879   92.3  1989   79.0  1889   84.5  1865   92.8  1907  103.6  1877  113.0  1900  109.1  1859  138.9  2019  132.6  1969  129.9  1896   307.2  2000   224.3  1878   270.6  1853   322.2  2002  1012.2  1994
  117.6  1875   96.6  1885   91.4  2001   79.0  1848   82.3  1958   92.7  1948  100.1  1956  112.3  2014  108.5  1960  137.9  1885  130.5  1861  129.7  1852   306.2  1979   224.0  1972   269.9  1924   320.7  1946  1010.1  1876
  115.9  1866   96.3  2001   90.7  1987   78.7  2004   82.1  1903   89.1  1954   99.5  1867  112.1  1910  108.4  1930  136.6  1923  128.2  1982  128.8  2002   305.2  1919   220.5  1908   269.4  1950   320.2  1950  1009.4  1866
  115.2  1956   95.8  1941   89.4  1908   78.4  1876   81.5  1943   88.7  2017   99.1  1968  110.3  1971  107.6  1863  133.3  2002  127.5  2019  128.3  1985   304.1  1900   215.4  1882   268.7  1910   320.1  1891  1008.8  2007
  115.2  1919   95.4  1869   89.1  1888   77.4  1937   81.2  1889   87.1  1853   98.8  1932  110.2  1897  106.5  1852  132.5  1848  127.5  2012  125.8  1900   301.3  1948   215.3  1872   268.4  1997   319.7  1918  1004.5  1839
  114.3  1961   95.0  1876   89.0  1861   77.3  1922   80.5  1856   85.1  1883   98.1  1950  107.5  1930  104.2  1975  132.1  1892  126.0  1996  124.0  1847   299.8  1943   213.6  1897   267.9  1939   316.3  1927  1002.4  1967
  113.3  1873   93.2  1967   88.8  1964   77.3  1856   79.6  1945   85.0  1955   98.0  1965  106.5  1905  104.1  2008  131.5  2001  125.6  1882  122.4  1924   299.2  1920   212.9  1916   267.5  1845   314.8  1992   999.5  1950
  112.7  1993   93.1  1933   87.9  1920   76.7  1849   79.5  1973   84.8  1946   97.3  1953  105.6  1957  104.1  1994  130.8  1935  125.1  1974  120.2  1918   298.9  2013   212.3  1966   266.5  1960   313.5  1987   999.4  1886
  112.6  1886   93.0  1957   87.8  1842   76.6  1907   79.1  1891   84.3  1968   96.6  1886  105.0  1999  104.0  1944  130.3  1980  124.8  1839  119.1  1869   297.7  1961   211.9  1964   264.8  2009   309.4  1938   997.7  1965
  111.5  1962   92.6  1922   86.3  1937   76.4  1858   78.6  1906   84.1  1875   96.3  1903  104.6  1960  103.2  1874  130.2  1886  124.1  1986  118.4  2011   297.2  1848   210.3  2014   262.5  1841   309.4  1863   997.4  1981
  110.9  1978   92.0  1980   86.3  1927   76.1  1999   77.2  1951   83.7  1977   96.0  1894  104.5  1841  102.6  1962  130.2  1938  122.6  1959  116.4  1922   296.0  1872   209.3  1846   262.1  1936   309.1  1949   996.0  1986
  110.4  2007   91.0  1837   85.5  1941   74.4  2005   77.1  2013   83.6  1999   95.2  1912  102.1  1952  102.6  1967  128.3  1917  122.6  1930  116.3  2019   293.8  1873   207.8  1869   261.3  1957   308.9  1923   989.4  1916
  110.3  1938   89.5  1989   85.2  1992   74.1  1992   76.8  1954   83.3  1966   95.1  1958  101.8  1966  102.2  2017  128.2  1954  121.6  1938  115.8  1882   288.3  2008   207.8  1992   261.3  1880   307.7  1876   988.6  1939
  110.0  1970   88.4  1894   83.4  1978   73.9  1994   76.5  1849   82.7  1963   94.9  1927  100.7  1892  102.2  1872  126.8  1981  121.4  1895  115.3  1897   286.9  1899   207.3  1860   261.3  2017   307.5  1968   986.8  1875
  109.9  1860   88.4  1872   82.7  1872   73.7  1857   75.4  1972   82.2  1909   94.9  2017  100.3  1868  101.3  1983  126.2  1862  121.1  1928  115.0  1966   285.1  1978   207.2  1993   260.6  1966   307.2  1866   986.6  1923
  109.8  1926   87.1  1946   81.9  2016   72.8  1950   74.7  2003   81.3  1945   94.0  1914  100.1  1963   99.5  1903  123.9  1924  121.1  1838  114.2  1880   284.9  1988   206.7  1999   256.1  1988   306.9  1924   986.2  1891
  109.3  1900   87.1  1914   81.5  2017   72.7  1924   74.4  1920   81.0  1866   93.3  1909   98.7  2012   97.4  1849  123.1  1966  117.9  1910  113.5  1948   284.5  1958   205.4  1919   254.7  1922   306.0  1932   986.1  1979
  109.2  1869   86.7  2021   80.7  1860   72.4  1953   74.3  1877   79.5  1900   93.2  1884   98.6  1846   96.4  1856  123.1  1929  115.2  1997  113.0  1912   283.7  1970   205.0  1907   252.9  1992   305.0  2008   984.1  1910
  108.6  1920   86.2  1880   80.3  1886   72.2  1951   74.3  1997   79.4  1880   92.8  1850   98.4  2010   95.0  1848  121.2  2005  114.1  1890  112.8  1983   282.7  2004   204.7  1988   252.8  1890   303.5  1916   975.4  1993
  108.5  1971   85.4  1970   79.9  1986   72.0  1934   74.2  1968   78.7  1972   91.3  1893   98.2  1866   94.3  2012  119.0  1982  113.9  1911  112.3  1960   281.2  1999   204.7  1848   252.8  1948   302.2  2006   973.6  1935
  107.9  1863   85.1  2011   78.3  1844   71.1  1908   73.4  1854   78.0  1855   90.9  1851   97.6  1856   93.9  1954  118.3  1961  113.5  1841  111.3  2018   280.5  1936   204.2  1942   252.8  1878   301.6  1970   971.9  2004
  107.7  1921   83.5  1960   78.0  1972   71.0  1962   73.0  1840   77.4  1862   89.9  1846   97.3  2015   93.6  1998  117.8  1863  113.1  1894  110.8  1972   280.0  2002   203.7  2016   252.3  1930   301.6  1874   969.6  1982
  107.5  1867   83.1  1897   77.3  1881   70.7  1991   72.6  1885   77.4  1871   88.7  1883   97.2  1924   93.5  1925  117.5  1889  110.8  2014  108.1  2017   279.7  1926   203.5  1909   251.8  1971   300.3  2009   966.5  1968
  107.4  1890   82.8  2016   76.7  1864   70.7  1985   71.9  1879   77.0  1892   88.6  1954   96.9  1921   93.3  1875  117.4  2006  110.6  1949  107.8  1907   277.1  1922   203.1  1985   250.4  1855   298.6  1896   966.0  1880
  106.6  1884   82.2  1861   76.6  1867   70.7  1972   71.4  1902   76.4  1911   88.2  1841   96.5  1889   92.5  1897  115.6  1847  110.0  2006  107.5  1938   276.5  1957   202.4  1968   249.8  1968   298.5  1877   963.8  1980
  105.4  1983   82.1  1996   76.2  1940   70.4  1872   71.1  1966   76.2  1905   87.6  1973   96.2  1922   92.2  1992  115.5  1944  109.7  1914  106.8  1997   275.8  1866   201.3  1987   249.0  1894   296.9  1926   962.9  2015
  104.9  1922   81.2  1945   76.0  1954   70.3  1930   70.9  1937   75.4  2011   86.7  1938   95.8  1857   92.2  1932  114.8  1898  109.2  1883  106.6  1964   274.9  1946   200.1  1925   249.0  1866   296.8  1939   960.7  1836
  104.6  2015   81.1  1994   75.9  1975   70.2  1905   70.1  1841   74.6  1843   85.5  1978   95.7  1958   90.1  1836  114.1  1894  108.5  1916  106.4  1955   273.5  1853   199.6  1836   247.8  1987   295.6  1886   960.2  2021
  103.4  1915   81.0  1954   75.8  1928   70.1  1925   70.1  1938   73.9  1897   85.3  1840   95.2  1977   90.0  1956  113.0  2014  107.7  1881  106.4  1982   271.2  1967   196.8  2002   247.7  1928   294.9  1928   959.6  2009
  102.4  1972   80.2  1978   75.5  1991   70.1  1836   70.1  1946   73.7  1878   85.3  1836   95.0  1843   89.7  1936  112.9  2008  106.8  1977  104.8  1845   270.2  1904   196.4  2021   247.3  1909   292.0  1951   959.5  1931
  102.1  1883   80.0  1931   75.4  1859   69.7  1862   69.7  1867   73.7  1926   84.9  1890   94.7  1890   89.6  1899  112.8  2012  106.6  1878  104.7  1956   268.8  1897   196.3  1989   245.2  1838   290.6  1859   955.1  1992
  101.6  1912   79.2  1928   74.8  1977   68.8  1975   69.7  1916   73.7  1836   84.4  1910   94.1  1923   89.2  1879  112.2  1852  105.9  1965  104.1  1942   268.7  1913   195.8  1931   243.1  1965   289.2  1963   953.5  1948
  101.4  1965   76.9  1844   74.4  1895   68.4  1949   68.9  1899   73.3  1964   83.9  2015   93.8  1997   88.6  2010  112.0  1896  104.9  1972  103.2  2021   268.5  1951   194.9  1965   242.8  1953   289.1  1980   950.4  1920
  101.4  2018   76.6  1926   74.0  1868   67.9  1910   67.5  1904   73.2  1890   83.7  1992   93.8  1873   87.5  1943  111.8  1853  104.7  1905  102.8  1951   267.9  1894   194.6  1952   242.6  1920   286.9  1869   948.7  1914
  100.6  1942   75.8  1927   73.8  1877   67.8  2008   66.7  1923   73.1  1965   83.6  1908   93.1  1979   87.5  1887  110.4  1874  103.6  1876  102.3  1841   266.7  1986   194.2  1914   242.5  1843   286.4  1842   948.5  1915
  100.1  1959   75.7  1972   73.5  1933   67.6  1901   66.6  1894   72.7  1861   83.2  2002   92.9  1908   86.4  1861  110.3  1939  102.6  2016  101.4  2009   265.7  1950   193.7  1905   241.5  1861   285.8  1848   944.9  1900
   99.7  1840   75.0  1877   73.0  1889   66.8  1973   66.0  1926   72.6  1845   82.8  1993   92.8  1928   86.4  1952  110.0  2022  102.3  1936  101.4  1990   264.4  1885   192.8  1876   240.9  1892   284.7  1994   944.2  1894
   98.1  1868   73.9  1906   72.9  1873   66.6  1923   65.9  1913   72.2  1910   81.7  1849   92.4  1874   85.2  1892  106.3  1940  101.2  1906  100.4  1884   262.1  2018   190.2  1955   240.3  1982   283.7  1892   944.1  1918
   97.8  1977   72.6  1884   71.9  1999   66.5  1897   65.8  1948   72.1  1990   80.8  2021   91.9  2019   85.1  1840  105.8  1952  100.2  1927  100.2  2003   259.3  1991   190.0  1930   240.2  1846   281.4  1952   943.2  1883
   97.4  1846   72.0  1940   71.7  1952   66.2  1853   65.8  1985   71.3  1881   80.5  1891   90.5  1859   84.0  1864  105.2  1925   99.9  2018   99.6  2007   258.6  1837   188.0  1859   239.7  1865   281.1  2020   942.0  1936
   97.3  1969   71.9  2010   71.6  1901   65.9  2016   65.7  1962   70.5  1903   79.7  1865   90.5  1980   83.9  1842  104.3  1945   99.9  2003   99.3  1958   256.4  1867   187.6  1975   239.1  1900   280.5  1870   935.1  1878
   97.0  1853   71.4  1899   71.2  1965   65.7  1879   64.9  1952   70.0  1851   79.1  1845   90.2  1974   83.7  1868  103.4  1900   98.2  2010   98.5  1881   255.3  1931   187.1  2019   237.8  1998   280.3  2001   930.9  1977
   96.6  1904   71.0  1961   71.1  1969   65.7  1979   64.7  1949   69.8  1841   79.0  1848   89.8  2006   83.6  1857  103.1  1895   95.2  1913   98.0  1945   253.6  2003   187.0  1934   236.8  1895   279.3  2005   930.4  2006
   96.3  1895   70.2  1936   71.0  1934   65.6  1968   64.1  1910   69.1  1902   78.4  1873   88.1  1916   83.3  1953  102.9  1933   95.1  1843   97.8  1930   251.4  1941   187.0  1899   236.7  1963   279.1  1878   929.3  1988
   94.9  2002   70.0  1865   70.8  1957   64.7  1909   63.9  1858   68.3  1956   77.4  1974   88.0  1837   82.7  1923  102.6  1836   95.0  1991   97.0  1961   251.2  1983   185.8  1857   234.7  1871   277.6  2013   929.0  2001
   94.7  1903   69.8  1919   70.3  1839   64.6  1926   63.8  1838   68.3  1894   76.9  1889   87.7  1942   82.7  1951  102.5  1990   94.2  1880   95.8  1946   250.5  2022   185.8  1851   231.5  1974   277.1  1906   929.0  1879
   94.1  2009   69.5  2017   68.7  1922   64.6  1987   63.3  1976   67.6  1888   75.8  1842   87.4  1895   81.2  2001  101.6  1878   93.9  1885   95.7  1898   250.1  1881   185.5  2007   231.1  1938   274.6  1965   926.7  1881
   93.0  1991   67.9  1969   68.7  2013   64.3  1964   62.3  1872   67.2  2003   75.6  2003   87.0  1863   80.4  2022  100.7  1913   93.4  1865   95.0  1936   250.0  1875   185.5  1941   229.0  1907   272.5  1993   920.3  1970
   92.8  1932   66.3  1918   68.5  1884   63.7  1878   61.9  1915   66.0  1896   75.5  1966   86.9  1898   79.9  1982  100.3  1984   92.6  1979   94.8  1923   248.6  1840   185.0  1841   227.8  1915   272.2  1838   919.5  1937
   92.4  1951   64.9  1991   68.0  1959   63.4  1939   61.8  2008   65.5  1857   75.2  1942   86.3  1988   79.5  1922   98.7  1912   92.6  1971   94.5  1848   248.1  2015   183.7  1912   227.7  1851   270.5  1894   919.4  1925
   89.8  1927   64.6  1843   66.9  1983   61.9  1965   61.8  1965   64.8  1993   74.3  2010   86.2  1943   79.3  1973   98.4  1989   91.8  1980   93.9  1977   247.9  1998   183.2  1898   227.2  1873   269.1  1999   917.1  1987
   89.7  1946   64.6  1988   66.7  1985   61.8  1919   60.7  1994   64.6  1947   74.3  1923   86.1  2001   77.7  1961   98.3  1849   91.8  1886   93.8  1893   247.2  1962   182.0  1923   226.5  1857   267.8  1925   916.6  1869
   89.3  1924   64.3  1882   66.7  1995   60.9  1885   60.6  1917   64.6  1917   74.1  1946   85.8  1982   77.1  1862   98.1  1930   90.8  1900   93.6  1860   246.0  1956   181.7  1856   220.6  1883   266.6  1840   906.0  1922
   89.0  1958   64.0  1852   66.6  1971   60.1  1868   60.2  1890   63.9  2008   73.9  2001   85.8  1925   75.7  1858   96.7  1986   90.8  1864   93.4  1925   245.1  2010   181.7  1849   220.5  1862   266.3  2004   905.5  2017
   88.4  1910   63.6  1911   66.4  1857   58.9  1898   60.2  1941   63.9  1944   73.9  1987   85.5  1902   75.6  1845   95.7  1994   90.0  2005   93.3  1849   244.4  1969   181.2  1847   220.2  1941   266.1  2010   904.8  1909
   88.2  2011   63.5  1871   64.7  1866   58.3  1940   60.1  1988   63.9  1974   73.7  2020   84.8  1894   75.5  1948   95.3  1883   89.5  1923   92.6  1954   243.9  1852   181.2  1885   219.8  2015   265.7  1865   903.8  1957
   87.8  1865   63.2  1867   64.4  2010   58.0  1952   60.1  1908   63.5  1847   73.4  1926   83.7  1938   75.1  1882   95.2  1942   89.3  1952   92.5  1937   243.5  1870   180.2  2013   219.4  1863   265.6  1843   902.3  1984
   87.6  1918   63.0  1903   64.4  1841   57.6  1981   59.6  2009   63.5  1924   73.2  1985   83.6  1953   74.9  2006   94.8  1968   88.9  1850   92.4  1998   241.1  1892   179.8  1962   219.0  1905   265.5  1861   899.9  1932
   87.5  2013   61.7  1912   64.0  1917   57.5  1969   59.5  1892   63.1  1939   72.8  1843   83.2  1839   74.4  1860   94.5  1867   88.3  1891   91.7  1856   240.4  1911   179.0  1927   218.6  2011   264.4  1957   897.7  2016
   86.1  1837   60.9  1870   63.2  1921   57.3  1886   59.4  1842   62.7  1916   72.3  1854   82.8  1961   73.6  1909   94.1  1859   88.0  2008   91.3  1981   240.2  1860   178.7  2004   218.5  1897   264.2  1911   897.4  1862
   86.0  2003   60.8  1840   63.2  1970   57.1  1927   59.1  2017   62.5  1943   72.2  1970   82.0  1904   73.6  1886   93.2  1857   88.0  1874   90.2  1859   239.6  1846   178.2  1891   218.1  1926   260.8  1913   897.0  1919
   85.8  1894   60.2  1874   63.1  1942   56.6  2014   59.1  1984   61.9  1953   72.2  1862   81.8  1876   72.5  2016   93.0  1844   87.4  1859   90.2  1920   238.7  1975   178.1  1922   217.0  1986   260.7  1849   894.3  1859
   85.4  1952   60.1  1836   62.9  1930   56.5  1880   59.0  1953   61.3  1854   71.4  1858   81.0  1934   72.4  1908   91.6  1858   86.5  1844   89.8  1935   236.9  1938   177.9  1917   216.1  2016   258.0  1966   893.0  1843
   85.0  1944   60.1  1939   62.7  2007   55.8  1918   58.7  1964   61.0  1920   71.0  1944   80.8  1970   71.3  1931   91.4  1868   85.8  1866   89.6  1874   233.8  1906   177.2  1977   215.2  1908   257.8  1961   891.4  1868
   84.8  1849   59.9  1979   62.6  1968   55.5  1895   58.7  1999   60.7  1938   70.2  1941   80.0  1872   70.8  1878   91.3  1974   85.1  1998   88.7  1976   233.7  1987   176.7  1858   214.7  1945   257.5  1958   891.0  1985
   84.0  2020   59.8  1868   62.0  1846   54.8  1944   58.7  1850   60.7  1978   70.1  1881   80.0  1996   70.3  1877   90.3  1988   84.9  1994   88.5  1949   232.6  1955   175.8  1959   214.5  1859   255.7  1847   889.2  1938
   83.5  1857   59.7  1955   60.0  1936   53.8  2002   58.4  1845   59.3  1859   69.8  1925   79.9  1882   70.1  1963   90.2  1959   84.1  1898   88.3  1969   232.5  1945   175.3  1888   213.0  1999   254.7  1936   887.5  1897
   82.8  1968   59.5  1856   59.5  1984   53.4  1903   57.9  1929   58.8  1885   69.8  1866   79.5  1844   69.6  2018   89.4  1910   83.9  1863   88.2  1839   231.1  1903   174.9  1970   212.6  1914   254.5  1881   885.5  1944
   82.4  1854   59.4  1987   58.6  1932   53.4  1894   57.1  2012   58.7  1906   69.5  1904   79.5  1888   69.0  1891   89.4  1838   83.2  1976   87.7  1916   230.7  1882   174.6  1940   212.5  2014   253.4  2021   885.4  2013
   82.3  1856   59.3  1838   58.4  1890   53.3  1917   57.0  1852   58.5  2004   69.5  1991   79.3  1919   68.9  1934   89.3  1996   82.5  1869   86.2  2014   230.1  1884   174.4  1879   212.4  1978   253.0  1871   884.7  1929
   82.3  1979   58.7  2004   58.0  1939   52.7  1977   57.0  1996   57.9  1933   68.9  2019   78.9  2011   68.4  2021   88.8  1893   82.4  1887   85.7  1866   228.3  1887   174.4  1949   211.7  1973   251.3  1846   883.7  1983
   81.7  1941   58.6  1839   57.8  2020   51.8  1948   56.8  1930   57.6  2009   68.9  1947   77.7  2017   68.3  1942   88.6  1877   82.3  1966   85.4  1952   227.9  1996   173.9  2005   210.5  1836   250.7  2015   883.1  1969
   80.8  1934   58.4  1850   57.8  1882   51.6  1888   56.4  1918   57.4  2002   68.9  1837   76.5  1967   68.1  2005   88.5  1911   81.6  1995   83.8  1837   226.2  1868   173.7  1978   210.0  1840   250.5  1895   880.5  1846
   80.3  1955   57.6  1984   57.5  1911   50.9  1971   56.0  1947   57.3  1969   68.3  2004   75.8  1838   67.7  1970   88.1  1873   81.1  1947   83.6  1992   226.0  2012   173.3  1894   209.9  2010   249.4  1995   880.4  1961
   79.8  1874   57.3  2015   56.9  2021   50.5  1841   56.0  2016   56.7  1973   67.7  1961   74.7  1853   67.0  1980   88.1  1993   80.3  1987   83.4  1928   225.2  1849   172.1  1868   209.2  1902   249.3  1996   880.2  1978
   79.7  1947   57.0  1889   56.8  1855   50.3  1996   55.7  1875   56.5  2005   67.0  1838   74.2  1944   66.9  1873   87.5  1839   80.0  1845   82.8  1995   224.9  1879   171.9  1973   209.1  1944   248.5  1907   879.7  1926
   78.8  1957   56.2  2006   56.7  1906   50.3  1845   55.5  1873   56.2  1876   66.8  1975   74.0  1915   66.8  1920   86.2  1871   79.7  1837   82.7  1974   224.6  1947   171.5  1901   208.7  1837   247.8  1909   878.2  1906
   78.1  1925   55.3  1892   55.7  1967   49.8  1936   54.5  2011   55.9  1989   66.7  1844   73.9  1929   65.8  1881   86.1  1837   79.7  1941   82.6  1980   223.9  1965   170.3  1902   208.2  1951   247.8  1899   876.8  1940
   77.6  1982   54.6  1981   55.1  2015   49.4  1838   54.0  1912   55.8  1842   66.6  1852   73.7  1907   65.8  1867   86.0  1983   79.0  1899   82.3  1895   220.2  1851   169.3  2015   207.7  2002   245.1  1986   876.7  1885
   77.6  1945   54.2  1859   54.1  1955   49.4  1978   53.8  1855   55.7  1891   66.3  2005   73.1  1969   65.7  2004   85.4  1851   78.2  2017   81.5  1836   219.9  1865   169.2  1954   206.8  1856   243.6  2018   875.6  1907
   77.6  1931   54.2  1908   54.0  2004   49.3  1847   52.4  2022   55.5  1856   66.2  1959   72.0  1965   65.6  1884   85.3  1943   77.8  1860   81.5  1858   219.0  1901   168.6  1982   204.4  1943   243.5  1917   875.1  1865
   77.0  1980   54.0  1898   53.6  1870   48.6  1960   52.4  1963   55.4  1840   65.8  1980   71.8  1909   65.6  1987   85.1  1934   77.2  1985   80.4  1984   218.6  1982   167.1  1904   204.2  1977   242.3  1864   873.6  2018
   75.1  1862   53.1  2019   53.4  1894   48.5  1851   52.2  1933   55.3  1914   65.4  1929   71.8  1939   65.3  1847   84.6  1926   75.9  1907   79.6  1921   217.7  1972   165.5  1950   203.0  1850   242.1  1931   866.0  1972
   74.1  2001   52.7  2018   53.4  2014   48.5  1869   51.3  1882   55.2  1952   65.1  1857   71.4  1994   64.9  1913   84.1  1992   75.9  1912   79.3  1968   216.3  1842   164.7  1971   202.2  1916   241.7  2017   864.3  1952
   73.3  1843   52.3  1999   52.5  1902   48.0  1904   51.2  1881   55.1  1873   64.8  1967   71.0  1926   64.6  2011   84.0  1860   74.9  1847   79.2  1957   215.7  1908   164.5  1871   202.0  1993   240.8  1844   859.6  1913
   72.9  2012   50.3  1953   52.5  1891   47.9  1911   50.7  1887   54.9  1898   64.7  1859   70.9  1862   64.3  1945   83.8  1958   74.2  1975   78.9  1870   214.8  1902   163.9  1850   201.9  2001   240.5  1943   858.3  1867
   72.7  1836   50.2  2005   51.9  2005   47.7  1874   50.4  1950   53.8  1864   64.6  1945   70.9  2018   63.8  1988   83.1  1999   74.1  2020   78.2  1947   213.8  1857   163.7  1906   200.3  1918   240.2  1862   855.3  1997
   72.1  1985   50.0  1864   51.5  1904   47.6  1837   49.7  1864   52.0  1901   64.4  1969   70.4  1858   63.4  1837   82.8  1941   73.7  1953   77.6  1967   213.6  1952   163.0  1838   197.3  1889   239.0  2014   854.0  1845
   71.7  2010   49.9  2009   51.0  1869   47.6  1916   49.7  1977   51.8  1837   64.3  2011   69.7  2016   63.3  1853   80.9  1881   73.2  2007   77.2  1894   213.2  1933   162.2  1864   197.0  1970   237.7  1983   852.1  1963
   71.7  1841   49.6  1841   49.7  1838   46.6  1891   49.3  1900   51.7  1846   64.0  2000   69.3  1840   62.6  1991   79.4  2010   73.1  2013   76.2  1854   212.2  1863   161.7  1953   196.2  1867   237.3  1868   849.1  1917
   70.2  1887   49.6  1982   49.3  2002   46.4  1902   48.6  1992   49.7  1960   63.7  1937   68.8  1945   61.8  1911   79.3  1899   72.9  1967   75.2  1906   211.8  1993   161.5  1910   194.8  1991   236.8  1887   845.9  1888
   69.0  1933   49.4  1948   48.8  1960   46.3  1866   48.3  1995   48.7  2000   63.2  1892   68.3  1850   61.7  1937   78.5  1937   72.5  1993   75.2  1862   211.4  1898   161.4  1842   194.7  1969   236.3  1860   841.9  1990
   67.9  1882   49.2  1943   48.6  1923   46.1  2006   47.6  2005   48.6  2022   63.0  1917   67.9  1987   61.7  1838   77.9  1957   72.3  1902   75.2  1927   210.8  2011   161.0  1933   192.4  1854   235.9  1853   840.8  1863
   67.6  1878   49.0  1947   48.4  1845   45.6  2003   47.5  1883   48.3  1957   62.5  1907   67.6  2000   61.3  1844   77.6  1991   72.2  1924   74.9  1888   210.5  1959   160.3  1991   192.1  1952   235.1  1991   839.9  1849
   67.6  1940   48.3  1920   47.7  1885   44.8  2009   47.3  1921   47.9  1981   62.1  1901   67.5  1973   58.7  1850   77.3  1902   72.2  1981   74.7  1908   208.1  2019   159.6  1881   191.3  1893   229.5  1888   839.4  1956
   67.5  2005   47.9  1847   47.5  1976   44.7  1967   47.3  1971   47.9  2014   60.2  1933   67.3  1906   58.2  1893   76.3  1979   71.9  1915   74.1  1877   208.0  1924   159.5  1890   191.1  1962   229.2  1837   838.7  1871
   67.4  1885   47.4  1878   46.7  1880   44.3  1884   47.1  2018   47.6  1950   60.0  1998   67.3  1875   57.7  1938   76.1  2009   71.7  1870   74.1  1904   207.9  1861   159.2  2017   189.3  1923   227.7  1857   835.8  1943
   67.0  1845   47.3  1992   46.6  1874   44.2  1946   47.1  1914   47.5  1877   59.7  1860   67.1  2002   56.4  1978   76.0  1927   71.0  1919   74.0  1940   207.8  1893   159.1  2003   188.9  1961   227.4  1898   833.7  1911
   66.7  1842   47.3  1842   46.2  1887   43.9  2019   46.3  1957   47.3  2021   59.1  1919   66.8  1851   56.1  1905   75.1  1948   69.6  1893   73.6  1944   207.3  2009   157.9  1945   187.2  1844   226.8  1900   833.6  1874
   66.0  1891   46.8  1853   45.6  1974   43.3  1945   46.0  1987   46.7  1929   57.8  1962   66.4  1968   55.8  2013   75.0  1971   69.4  1854   73.4  1902   207.1  1921   157.0  1845   186.1  1929   226.5  1953   832.5  1856
   65.6  2017   46.7  2013   44.9  1847   42.0  1900   46.0  2004   45.4  1959   56.3  1928   66.3  1901   55.2  1889   74.6  1854   69.3  1962   72.2  1962   206.0  1850   157.0  1948   185.0  1858   223.5  1845   831.5  1934
   63.6  1870   46.3  1907   44.7  2009   41.9  1942   45.7  1857   44.0  1970   56.1  1972   66.2  1978   54.6  1917   74.0  2018   69.1  1925   70.5  1973   205.1  1968   155.3  1958   185.0  1842   222.7  1910   831.3  1853
   63.3  1879   45.8  1849   44.3  1865   41.7  1883   45.1  1893   43.3  1984   56.1  2013   65.6  2013   54.0  1916   73.7  1876   68.7  1968   70.5  1899   201.1  1871   155.1  1935   184.8  1904   222.4  1905   827.4  1861
   63.0  1967   44.8  1873   43.7  1907   41.2  1988   44.1  1934   43.3  1858   55.7  1943   65.3  2009   53.8  1919   71.5  1918   68.0  1897   69.3  1903   201.1  1973   155.1  1926   184.1  1876   222.3  1990   825.3  1838
   63.0  1996   44.7  1968   43.7  1958   40.9  1890   43.6  1846   43.1  1937   55.3  1986   63.4  1914   53.7  2015   71.5  2011   67.7  1943   69.0  2004   200.1  1949   153.5  1865   182.8  1896   222.1  1873   823.8  1895
   62.4  1976   43.9  1973   43.2  2022   39.7  1941   43.1  1982   42.8  1986   54.7  1902   62.6  1896   53.2  1933   71.0  1955   67.6  2001   68.6  2005   199.4  1940   153.0  1939   182.3  2005   221.3  1912   822.9  1942
   62.3  1844   43.6  2008   43.1  1962   39.5  1860   43.0  2019   42.7  1884   54.2  1896   61.6  1893   53.1  1990   70.9  1977   67.1  1873   68.3  1867   197.0  1971   152.2  1873   181.0  1942   221.1  1977   821.9  2005
   62.0  1954   43.1  1855   42.6  1996   39.3  1863   42.9  1975   42.6  1934   53.8  1963   60.0  1918   52.8  1926   70.5  1901   66.8  1990   68.0  1887   196.9  1981   151.7  1946   180.8  1967   221.1  1959   821.6  1899
   61.6  1923   42.9  1875   42.5  1871   38.9  1990   42.8  1853   41.9  1850   53.7  1964   59.8  1855   52.6  1966   70.5  1856   66.8  1918   67.2  1950   195.3  1918   151.4  1961   180.6  2021   218.5  1914   820.2  1989
   60.3  1839   42.8  1976   42.3  1950   38.7  1956   42.5  1863   41.9  2001   53.7  1856   59.6  2005   52.6  1940   69.4  1953   66.8  1903   64.9  1987   194.2  1890   151.3  1884   180.5  1964   217.4  1997   819.6  1995
   59.6  1981   42.2  1949   41.3  1949   38.7  1928   42.5  2001   41.6  1913   53.5  1981   59.3  1849   52.4  2020   68.7  1915   66.4  1892   64.4  1871   192.4  1859   150.9  1928   180.5  1901   216.6  1893   819.1  1959
   59.1  1847   40.8  1944   39.7  1878   38.0  1839   42.2  1960   41.2  1899   52.7  1949   58.9  1867   52.0  1904   67.9  1845   65.7  1901   64.1  1878   192.0  1876   150.2  1866   180.4  1884   214.5  1975   818.8  1941
   58.7  1871   40.1  1860   39.4  1948   37.4  1875   41.1  1974   41.0  1844   52.3  2014   58.8  1854   51.3  1870   67.6  1864   65.3  1999   63.6  1850   191.8  1843   150.1  1918   180.3  2000   214.1  1889   817.1  1847
   58.2  1916   40.1  1901   38.8  2003   37.0  1915   41.1  1870   39.8  1865   51.4  1916   58.7  1911   51.1  1955   67.2  1997   65.0  1849   63.3  2008   190.4  1914   149.9  1996   179.3  1932   212.7  1855   815.9  1945
   56.8  1859   39.4  1983   38.6  1966   37.0  1943   40.9  1978   39.6  1922   48.9  1899   58.5  1989   50.6  2007   67.0  1887   64.3  1921   62.1  1864   189.1  1878   149.1  2009   178.0  1886   212.6  2016   812.0  1837
   56.7  1917   38.8  2003   38.5  1853   36.8  1887   40.7  1909   39.6  1967   48.4  1997   58.2  1984   50.3  1947   66.9  1920   63.3  1978   60.4  1889   188.8  1927   147.5  1853   176.3  1935   212.2  1979   809.2  1896
   56.0  1966   38.8  1962   38.5  2000   35.8  1864   40.1  1940   39.3  2013   48.0  1951   57.3  1935   49.5  1901   66.6  1869   62.3  1868   59.8  1939   188.3  1856   147.1  1895   175.5  1919   211.4  1858   803.0  1962
   55.8  1897   38.6  1857   38.3  1883   35.4  1955   39.2  1866   38.7  1908   46.6  1900   56.8  2007   49.3  1846   64.0  1919   61.7  1961   59.7  1861   186.7  2005   147.0  1980   173.5  1849   210.6  1890   802.5  1892
   55.3  2000   38.4  1902   37.9  1918   35.3  1933   39.2  1911   38.7  1988   46.3  1994   55.9  1885   46.9  1949   63.7  1970   61.6  1846   58.6  1838   185.1  1997   146.4  1861   172.9  1874   210.4  1856   800.6  1842
   54.3  1850   37.5  1846   37.6  1898   34.5  2013   39.1  1880   38.6  2015   46.3  1948   54.5  1993   46.8  1914   62.8  1964   61.1  1932   58.4  1865   184.3  1895   144.5  1911   172.6  1972   210.2  1934   799.6  1947
   54.2  1893   37.4  1913   37.4  1946   34.3  1892   38.8  1944   38.5  1961   46.1  2016   54.3  1861   46.7  1912   62.8  1936   61.0  1989   58.4  1863   183.0  1942   144.2  1943   167.2  1898   210.2  1850   798.7  1889
   53.7  1908   37.1  1971   36.8  1879   32.5  1914   38.6  1884   38.3  1893   46.1  1876   53.7  1870   45.6  1985   62.6  1850   60.8  1957   53.9  1842   182.3  1989   142.7  1921   165.6  1934   209.6  1962   797.9  1991
   53.1  1901   36.7  1851   36.6  1899   32.2  1921   38.3  1961   38.3  1992   45.6  1874   53.5  1949   43.4  1902   62.0  1914   60.8  1955   53.5  1941   181.4  1985   142.3  1880   163.3  1979   207.0  1948   796.9  1857
   51.9  1892   34.9  1905   36.4  1858   31.1  1881   38.0  1868   37.8  1867   43.6  1971   53.4  1964   43.4  1977   61.9  2015   60.8  1853   53.1  1913   177.8  1954   141.8  1995   160.9  2013   204.1  1942   794.9  1971
   50.1  1914   34.6  2012   35.3  1924   30.4  2020   37.6  1897   37.2  2010   42.6  2006   53.3  1842   43.3  1894   61.6  1905   60.6  1964   52.3  1996   177.5  1839   139.5  1960   160.2  2003   202.5  1988   792.7  1908
   48.7  1992   34.5  1888   35.0  1945   29.9  1929   36.4  1928   37.1  1919   42.0  1934   53.0  1887   43.3  1979   61.3  2017   60.6  1917   51.4  1970   177.1  2017   139.4  1936   159.6  1925   201.1  1897   791.4  2011
   48.3  1876   34.5  1854   34.9  1863   29.3  1958   35.6  1927   36.8  1930   41.5  1996   52.4  2021   43.1  1890   60.4  1963   58.3  1848   51.1  1932   176.8  1944   138.6  1896   158.3  1906   200.6  1933   788.2  1890
   48.2  1848   34.1  1938   34.4  1915   29.0  1896   35.3  1874   36.8  1979   40.1  1995   52.2  1975   42.0  1969   57.1  2003   58.1  1904   51.0  1943   176.7  1886   133.7  1887   158.0  2006   200.4  1989   786.7  1873
   47.5  1864   34.1  1845   33.0  1956   28.5  1906   34.6  1888   36.3  1983   40.1  1887   51.5  1836   41.0  1989   56.7  1995   56.4  1948   50.9  1883   174.0  1917   133.3  1915   154.2  1990   194.4  1969   785.6  1976
   46.9  1989   32.5  1963   32.1  1843   27.7  2022   34.0  1851   36.3  1994   39.6  2018   51.3  1847   40.1  1972   56.7  1866   56.2  1934   50.3  1975   170.1  1838   133.2  1839   154.0  1994   193.4  2003   784.0  1949
   46.4  1973   31.4  1964   31.9  1837   27.1  2010   33.7  1837   35.5  1895   38.0  1989   51.3  1998   39.3  1915   56.5  1956   55.4  2011   49.7  1991   168.5  1889   131.3  1976   152.4  1989   193.2  1971   781.4  2010
   45.6  1929   30.7  1975   31.3  1997   27.0  2015   33.1  1998   34.9  1874   36.2  1905   50.0  1886   38.1  1921   53.9  1973   54.6  1973   48.7  1875   168.1  1953   130.0  1997   151.1  1996   193.0  1902   779.3  1904
   45.0  1902   29.5  1917   31.1  1925   26.8  1995   32.8  2010   33.9  1932   36.1  1870   48.8  1920   36.4  2003   53.4  1890   53.5  1958   47.0  1892   167.1  1874   129.6  1874   149.8  1933   191.4  2011   777.8  1884
   44.4  1949   29.2  1863   30.3  1953   25.9  1861   32.3  1901   33.2  1904   35.2  1983   46.9  1990   36.3  1854   50.5  1921   52.5  2004   46.5  1931   160.4  1907   129.1  1984   149.7  1911   189.5  1937   774.0  1851
   44.0  1909   28.9  1985   29.9  1892   24.7  1865   32.2  1935   32.9  1869   35.2  1982   46.9  1883   35.7  1964   50.5  1908   51.5  1908   46.5  1855   160.1  1844   129.0  1855   149.2  1847   188.8  1867   769.5  1898
   43.7  2019   28.9  1942   29.6  1910   24.4  1997   32.0  1922   32.6  1941   35.2  1990   46.6  1932   35.4  1851   49.6  1884   51.2  1884   45.9  1988   159.7  2006   127.5  1883   146.0  1940   188.8  1919   762.4  1901
   42.8  1935   27.6  1909   28.4  1849   23.8  1873   31.5  1939   32.5  1849   34.8  1952   44.5  1884   35.1  1997   49.3  1842   50.8  1857   44.8  1846   157.4  1862   127.1  1957   146.0  1947   187.9  1973   758.7  1955
   42.1  1898   27.0  1929   28.4  1900   23.2  1870   31.5  1861   32.3  1951   34.7  1878   44.1  1871   34.7  2002   48.6  1861   50.4  1983   44.3  2001   156.1  1929   124.3  2010   145.2  1959   186.4  1945   756.6  1840
   39.7  1911   26.5  1890   28.1  1875   23.0  1982   31.1  1859   32.3  1915   34.3  1847   42.4  1869   34.6  1888   48.5  1985   49.2  1937   42.0  2016   155.8  1864   123.7  1892   144.8  1937   185.7  1901   753.4  1850
   38.9  1907   26.2  1858   27.1  2012   20.5  1976   29.7  1936   31.5  1886   34.3  1897   42.1  1913   34.1  1996   48.4  1840   48.4  1988   41.9  1879   155.5  1976   123.3  2022   143.5  1981   182.9  1955   748.6  1953
   38.3  1950   25.5  1952   25.8  1943   19.6  1852   29.4  1980   31.5  1918   33.4  1979   42.0  1981   33.2  2009   47.2  2007   46.9  1922   41.4  1917   151.7  1847   121.2  1875   140.3  1885   182.2  1941   747.7  1996
   36.7  2022   25.5  1887   25.7  1973   18.7  2017   29.3  1871   30.8  1870   32.3  1906   38.4  1864   32.6  1900   46.4  1950   44.9  1920   40.0  1851   150.4  1854   119.7  1900   139.2  1955   180.5  1972   747.6  1975
   36.7  1889   25.4  1886   25.5  1993   18.6  1844   27.1  1959   29.6  1996   32.0  1913   38.1  1937   32.4  1928   46.2  1888   44.4  1933   39.6  1971   147.5  1932   117.8  1870   139.1  1975   180.3  1854   737.7  2003
   35.5  1905   24.4  1956   25.3  1935   18.5  1840   26.9  1848   25.5  2006   31.1  1976   38.0  1880   31.9  1855   42.5  1904   44.4  2021   38.6  1885   146.3  1909   116.6  1863   138.3  1921   180.0  1956   735.3  1905
   35.1  1888   24.2  1896   24.5  1926   18.3  1855   26.0  1919   23.9  1889   31.0  1921   37.8  1972   31.8  1939   40.7  1897   44.1  1858   37.5  2010   145.6  1992   113.2  1837   136.6  1868   180.0  1915   734.3  1893
   35.0  1896   24.0  1924   24.0  1856   16.9  1980   24.9  1839   22.8  1995   30.1  1863   35.6  2022   31.0  1906   38.2  1879   43.6  1856   34.9  1953   145.1  1880   112.3  1854   127.9  1984   178.6  1920   732.3  1973
   34.9  2006   23.9  1930   23.2  1854   16.4  1954   24.7  1990   20.9  1940   27.1  2022   35.1  1899   28.4  1898   37.7  1962   43.2  1851   34.8  1857   144.4  1905   105.9  1944   125.9  2018   174.4  1908   729.3  1902
   32.6  1881   23.0  1998   23.1  1990   15.7  1854   24.4  1956   20.9  1923   26.6  1955   33.8  1983   27.0  1929   37.5  2016   41.5  1889   33.6  1853   141.5  1896   104.6  1844   125.3  1949   171.3  1985   722.2  1870
   32.4  1953   22.5  1862   21.1  1931   14.2  1842   24.1  1970   20.1  1975   26.4  1984   33.7  1936   26.0  1895   37.1  1946   40.6  1942   31.4  1890   140.2  1841   100.6  1840   125.2  1899   171.0  2007   716.7  1964
   32.0  1861   16.6  1986   20.9  2011   14.2  2011   23.6  1905   20.1  1962   25.9  1864   33.7  1959   25.6  1971   36.1  1975   40.1  1855   29.9  1905   137.7  1888   100.2  1974   120.6  1870   166.4  1884   712.0  1858
   31.2  1858   16.0  1965   20.6  1850   13.4  1974   20.2  1989   20.0  1887   25.6  1885   31.7  1933   24.4  1986   35.5  1972   37.0  1862   28.9  1963   135.9  1855    98.5  2020   118.1  1864   163.9  1851   698.2  1855
   30.2  1987   15.5  1993   19.5  1938   12.6  2007   19.9  1876   19.1  1949   25.5  1898   30.9  1991   20.7  1843   34.9  1931   36.7  1871   27.1  1873   133.1  1963    98.2  1929   115.7  1913   159.4  1879   698.0  1933
   28.4  1963   11.5  1934   17.6  1893   11.9  2021   17.2  1895   18.3  1976   25.3  1977   27.6  1955   20.0  1907   34.9  1965   35.9  1896   24.5  1933   120.2  1845    96.8  1938   113.0  1887   159.3  1922   691.0  1844
   27.3  1964   11.0  1959   15.6  1961   10.6  1984   14.1  1991   18.2  1942   24.4  1999   25.5  1976   19.7  1941   32.9  1922   33.5  1956   23.2  1926   116.9  1934    96.2  1956   111.2  2022   159.1  1964   682.2  1864
   27.0  1838   10.7  1895   14.9  1852   10.0  1957   12.7  1836   15.7  1868   23.8  1935   17.4  2003   15.4  1910   31.2  1951   33.1  1909   20.8  1843   101.4  1891    91.5  1852   105.4  1983   152.9  1921   678.1  1854
   17.0  1880    9.2  1921   12.4  1944    9.2  1893   10.9  1896   15.4  2018   22.9  1869   17.4  1940   15.2  2014   19.8  1969   32.0  1879   19.1  1844    92.2  1858    89.6  2011    98.2  1869   152.5  1904   647.2  1887
   16.6  1855    8.2  1932   10.4  1929    9.0  1912   10.2  2020   10.5  1921   20.6  1868   12.5  1947   10.4  1865   19.6  1947   28.5  1867   18.9  1840    87.6  1964    86.7  1990    75.0  1976   151.0  1947   630.5  1921
   13.9  1997    3.9  1891    9.2  1840    7.2  1938    7.7  1844    4.0  1925   14.6  1911   10.3  1995    8.3  1959   19.2  1978   17.7  1945    ---  2022     ---  1836    71.8  1893    73.2  1995   138.9  1978     ---  2022
