Areal values from HadUK-Grid 1km gridded climate data from land surface network
Source: Met Office National Climate Information Centre
Monthly, seasonal and annual total precipitation amount for England S
Areal series, starting in 1836
Last updated 01-Dec-2022 10:43
    jan  year    feb  year    mar  year    apr  year    may  year    jun  year    jul  year    aug  year    sep  year    oct  year    nov  year    dec  year     win  year     spr  year     sum  year     aut  year     ann  year
  167.8  2014  136.6  2020  151.4  1947  137.1  2012  120.6  1878  147.3  1860  138.0  1875  180.6  1912  152.1  1918  176.7  1903  185.6  1940  179.3  1914   413.6  2014   275.4  1979   366.1  1879   418.2  2000  1064.9  1872
  142.3  1988  131.9  1923  126.2  1981  134.8  2000  119.5  2007  137.9  2012  136.2  1888  143.4  1917  150.0  1866  174.2  1960  184.6  1929  169.3  1876   381.8  1915   269.5  1981   363.0  1912   407.2  1960  1046.5  2012
  142.1  1995  126.3  1990  112.8  1914  119.2  1998  119.3  1967  129.8  1879  133.6  1936  134.5  1879  144.4  1896  166.8  1891  183.8  1852  168.9  1934   369.2  1990   253.7  1947   327.7  2012   394.5  1852  1044.0  1960
  140.8  1939  125.9  2014  109.9  1979  104.6  1920  118.3  1932  123.6  2007  131.6  1880  133.0  1878  137.5  1974  163.1  1865  163.5  1970  161.5  1929   354.1  1877   253.3  1983   325.5  1860   363.2  1841  1038.2  2000
  137.5  1943  124.2  1950  109.2  2018  101.6  1983  112.9  1843  119.9  1997  121.1  2007  128.8  1891  132.4  1976  162.9  2000  154.0  1951  161.1  1911   344.0  1995   246.9  2000   298.0  1852   354.3  1976  1031.0  1852
  135.4  1948  122.0  1916  106.6  1919   97.9  1966  111.0  1869  117.5  1852  117.6  1915  125.7  1881  130.3  1871  159.8  1987  152.9  2009  158.1  1915   325.4  1869   244.5  1862   297.9  2007   348.6  1935   986.7  1903
  129.6  1877  121.4  1977  105.1  1912   97.3  1882  110.9  1924  110.1  1998  116.0  1839  123.8  1860  130.1  1876  157.2  1882  151.3  1926  156.6  1868   321.5  2020   243.9  1951   285.5  1848   346.4  1875   965.3  1882
  128.3  1872  120.4  1937  104.9  2001   95.4  1935  110.6  2021  107.7  1848  115.3  2009  123.5  1852  129.8  1841  154.2  1949  150.9  2002  148.4  1959   319.0  1916   240.2  1932   283.8  1917   339.8  2019   964.3  1912
  125.7  1984  119.9  1900  103.8  1862   90.7  1871  108.2  1969  107.4  1982  114.2  1920  123.1  1946  129.5  1927  149.6  1880  149.5  1842  147.4  1978   314.9  1912   236.3  1937   282.1  1903   339.1  1974   959.3  2014
  123.8  1852  112.4  1915  103.6  1836   89.8  1961  106.5  1886  105.2  1980  112.2  1855  122.2  2004  127.4  1968  146.1  2020  147.9  2000  142.6  2012   314.9  1937   236.1  2018   278.6  1839   338.1  1882   956.5  1848
  121.5  1937  111.5  1951  102.4  1851   87.3  1846  105.7  1983  104.9  1971  111.9  2012  114.9  1951  124.4  1981  145.6  1875  146.0  1954  142.2  1965   314.5  1994   233.1  2001   275.0  1958   333.1  1885   950.6  1924
  120.3  1928  104.6  1966  100.8  1916   87.2  2001  104.9  1979  104.6  1958  107.1  1939  114.9  1992  118.8  1883  140.4  1967  142.4  2022  138.8  1989   314.4  1960   230.0  1913   274.4  1931   325.5  1880   947.6  2002
  120.2  1906  102.8  1883  100.2  1951   84.2  1931  101.2  1955  104.2  1912  105.9  1922  111.5  1941  115.5  1995  139.4  1932  139.9  1939  138.0  2020   313.8  2021   228.5  2008   273.8  1927   310.4  1940   947.2  1951
  114.0  2021  100.6  1974   94.7  1963   84.1  1848   97.2  2006  104.1  2019  105.9  1988  111.4  1865  115.3  1885  139.1  1907  138.7  1950  134.9  1979   298.8  1977   223.0  1903   268.3  1888   310.0  1903   939.7  1927
  113.4  2016  100.4  2007   94.6  1905   83.4  1907   95.3  1942  101.5  1863  103.8  1861  109.6  2010  114.4  1965  136.9  2013  138.4  1935  134.7  1993   297.0  1966   221.9  1878   267.8  1875   310.0  1929   932.2  1841
  113.1  1999  100.3  1904   93.9  1897   83.4  1913   90.2  2014   99.0  1985  103.7  1918  109.4  1956  112.0  1960  136.5  1976  138.2  1963  134.5  1910   289.9  1930   218.8  1924   263.5  1853   309.5  1944   930.3  1860
  112.6  1971   99.6  2002   92.4  1937   81.4  1989   89.8  1981   96.6  1839  102.8  1871  109.1  1999  111.4  1999  134.7  1998  136.1  1946  130.0  1999   288.3  1979   218.0  1889   258.9  1954   304.5  1836   917.7  1877
  110.3  1913   96.8  1925   91.4  1909   81.0  1877   88.3  2000   96.1  2016  102.6  1853  108.7  1931  110.5  1993  132.6  1855  131.7  1888  124.9  1919   286.2  2001   217.0  1998   257.9  1946   302.8  1839   913.2  2020
  109.4  1936   95.6  1879   91.4  2008   79.7  1850   87.7  1860   95.9  1991  101.8  1879  108.5  1848  110.2  1869  131.9  1909  128.5  1944  123.9  2000   278.6  1883   216.9  1886   254.4  1872   301.9  2022   912.4  1946
  108.8  1919   95.4  1848   90.3  1903   79.5  1922   87.1  1898   94.5  1987  100.3  1872  107.1  1977  108.0  1935  127.5  1846  126.3  1992  122.5  2002   277.1  1935   216.6  1867   253.5  1956   301.6  1872   909.4  1875
  106.0  1956   94.1  1866   88.8  1982   79.4  1993   86.6  1925   92.5  1838   98.7  1931  106.8  1986  107.4  2000  127.4  1843  126.3  1877  122.3  1872   276.8  1923   215.5  1969   253.4  1891   299.0  2002   905.8  1958
  105.6  1986   93.0  1995   88.0  1980   76.2  1924   85.6  2002   89.8  1927   97.8  1894  104.9  1903  107.2  1958  127.2  2019  123.5  1875  122.0  1886   276.3  2007   213.8  1967   251.6  1997   299.0  1998   901.5  1876
  105.5  1974   91.2  1893   87.7  1964   76.1  1858   82.7  1931   89.6  1882   97.7  1950  103.8  2020  106.7  1839  126.3  2004  121.6  1984  121.3  1901   276.0  1900   212.4  1920   249.7  1960   297.7  1984   899.0  1998
  104.1  1990   91.1  1910   87.6  1913   75.6  2018   81.4  1862   88.4  1872   97.6  1965  101.9  2014  103.7  1880  126.2  1923  121.2  1836  119.8  2013   274.7  1910   212.3  1963   246.8  1968   294.0  1883   895.7  1974
  103.8  2004   90.7  1957   87.4  1848   75.6  1876   81.3  1889   87.9  1905   96.8  1924  101.7  1877  103.6  1946  125.5  1928  121.0  1960  113.7  1985   274.2  1919   210.5  1877   243.9  1882   292.2  1954   892.9  2019
  103.8  1994   90.6  1958   86.1  1988   75.0  2004   81.0  1849   87.0  1909   95.9  1960  100.6  1927  103.5  1930  124.8  1841  120.0  1872  113.5  1896   271.7  1939   210.4  2012   243.4  1985   291.4  1939   889.4  1839
  103.7  1930   88.6  1881   85.9  1876   74.3  1849   79.9  1891   86.5  1935   95.1  1968  100.0  1960  101.5  1852  124.7  1885  119.7  1974  112.5  1909   268.5  1936   206.9  1986   243.0  1865   291.3  1982   888.0  1966
  103.4  1975   84.6  2001   85.7  1888   74.2  1856   79.7  2008   85.6  1903   94.6  1867   99.1  1843  101.3  1957  124.1  1939  119.5  1840  112.1  2019   268.3  1980   206.2  1843   243.0  1881   291.0  1949   887.6  2007
  103.2  2008   84.5  1997   84.2  1975   74.1  1932   78.9  1903   84.9  1853   92.4  1957   98.2  1948   99.3  1975  123.4  1906  119.1  1838  111.0  1900   266.8  2016   204.8  1964   239.1  1980   289.3  1924   887.3  1915
  102.6  1970   83.9  1885   82.2  1896   73.3  1963   78.6  1856   84.3  1954   92.1  1882   97.9  1868   99.2  1874  123.3  1966  118.8  1895  108.9  1994   265.4  1925   199.3  1994   236.7  1924   288.4  2012   886.7  1939
  101.9  1875   83.4  2000   81.6  1941   72.4  1926   78.0  1946   83.2  1968   91.6  1903   97.5  1954   99.1  1950  122.7  2021  118.1  1894  105.5  2017   262.4  1943   198.3  1869   236.2  1880   284.3  1891   885.2  1999
  101.1  1866   83.4  1927   79.9  1867   72.1  1951   75.3  1854   83.1  1936   91.4  1893   97.3  1897   97.8  2019  121.5  1872  117.0  1839  105.2  1869   262.1  1873   196.7  2006   234.9  1936   284.2  1992   884.6  2008
  101.0  1851   80.4  1880   79.7  2016   71.6  1937   75.2  1948   79.7  1875   90.6  2008   96.7  2015   97.5  1994  120.2  1848  116.5  1996  104.7  1986   261.9  2013   195.1  1908   234.3  1992   282.0  1876   882.1  1916
   99.5  1998   80.1  1837   76.5  1908   71.4  1879   75.1  1973   79.2  2020   90.3  1895   96.7  1952   96.6  1924  120.0  1924  114.9  2012  103.7  1972   260.9  1961   190.6  1872   233.6  1950   282.0  1967   881.9  1954
   99.3  1960   79.4  1897   76.2  1927   71.0  1908   74.2  1879   79.2  1999   90.1  1877   96.6  1997   95.6  1998  119.4  1982  114.8  2019  102.9  1891   259.7  1928   189.9  2016   233.2  1966   279.4  1930   874.5  1910
   98.7  1886   78.8  1876   73.9  1952   70.6  1889   72.9  1885   77.1  1964   88.7  1890   94.9  1974   95.4  1984  118.7  2001  113.5  1930  101.7  1924   258.0  1974   189.8  1848   232.2  2020   279.2  1993   874.2  1866
   97.7  1961   78.1  1919   73.7  1998   70.4  1986   72.7  1907   76.5  1946   88.6  1850   94.7  1950   94.4  1849  116.0  2002  112.0  2014  100.8  1948   255.7  1978   189.4  1916   231.1  1878   277.2  1842   872.9  1879
   97.6  1900   77.6  2010   73.0  1864   69.9  1859   72.4  1937   75.2  1871   88.4  1851   94.4  2008   93.3  1848  114.6  1892  109.3  1997  100.4  1945   255.6  1984   189.4  1836   230.0  1939   277.2  1946   872.9  1937
   97.4  1912   77.4  1933   72.8  1842   69.7  1836   71.7  1951   75.2  1977   87.6  2017   93.2  1905   91.9  1859  113.9  1870  108.7  1861  100.3  1912   252.0  1951   188.5  1952   229.6  2008   277.0  1987   867.3  1993
   97.2  1959   76.6  1967   72.6  1933   69.2  1899   71.4  1986   75.1  1902   85.3  1940   93.1  1837   87.3  1842  112.2  1916  108.6  1841  100.1  1960   251.9  1970   188.2  1919   226.6  2004   271.4  1927   865.4  1891
   97.0  1926   76.3  1935   72.6  1954   68.9  1959   70.8  1984   75.0  1883   85.2  1865   91.9  1958   86.5  1962  111.3  1857  108.5  1910   99.2  1847   250.7  1897   188.2  1942   226.5  1890   268.2  1932   864.4  1994
   96.8  1978   76.3  1941   72.1  1861   67.8  1970   70.6  1994   74.4  1955   83.5  1927   91.7  1916   86.1  1879  111.1  1886  105.5  1986   99.1  1882   250.0  1904   188.2  1860   226.5  1894   267.9  1894   863.2  1880
   96.7  1922   76.0  1994   71.3  1989   67.7  1878   70.5  1993   73.2  1880   83.4  1956   91.6  1846   85.9  1925  110.5  1917  105.4  1969   98.8  1922   249.6  1866   187.1  1897   225.7  1909   265.4  1981   859.1  1930
   96.2  1867   75.8  1914   70.8  1978   67.0  1999   69.8  1867   71.6  2011   83.1  1932   91.5  1966   85.5  1863  109.2  1852  104.8  1982   97.6  1981   245.4  1872   186.5  2014   225.2  1971   264.9  1896   858.4  1935
   95.6  1962   75.3  2022   70.1  1959   66.9  1867   69.4  1943   71.3  1866   82.9  1953   89.7  1985   83.6  1967  109.1  1929  104.2  1931   96.9  2018   242.1  1957   186.0  1975   225.2  1877   264.9  2006   853.7  1965
   94.9  1899   74.8  1980   70.0  1844   66.7  1918   69.2  1847   71.0  1900   82.8  1930   89.3  1962   83.4  1956  108.5  1853  104.1  1916   96.1  1907   241.8  2000   184.7  1931   224.0  1941   264.6  1918   849.2  1968
   94.7  1869   74.6  1922   69.7  2013   66.7  1853   69.1  1945   69.7  1966   81.6  1992   88.5  1902   83.1  1992  108.3  1862  104.0  1882   95.6  1956   241.6  1926   184.4  1972   223.9  1922   264.5  1952   848.0  1886
   92.3  1860   74.2  1869   68.7  1987   65.7  1939   68.8  1915   68.7  1945   81.1  1914   88.2  1963   82.5  1857  107.8  2012  102.5  1883   95.5  1897   241.5  1920   183.6  1882   223.4  1965   263.6  1950   847.0  1950
   91.9  1920   74.0  1844   68.4  2019   65.3  1857   67.2  1958   68.6  1861   80.7  1883   87.6  1922   82.5  1983  105.4  1889  100.9  1878   95.0  1938   240.3  1948   183.5  2007   222.6  1910   263.3  1874   841.1  1979
   91.2  1873   73.5  1978   68.2  1965   64.4  1901   67.1  1877   67.8  1928   80.0  1978   87.4  1910   82.2  1856  105.4  1980   99.8  1938   94.7  1961   238.8  1999   182.6  1907   222.5  1841   261.6  1859   840.0  1981
   90.8  1993   72.6  1970   67.5  1872   64.3  1992   66.0  2015   67.3  1926   79.0  1886   87.3  1971   82.1  2008  104.7  1944   99.7  1959   93.6  2006   238.5  1899   182.1  1966   220.9  2019   258.8  1916   839.0  1914
   90.5  1865   71.9  1954   67.4  1940   64.3  1930   65.3  1968   67.2  1917   78.4  1958   86.5  1841   81.0  1868  102.9  2006   99.6  1906   93.3  1880   238.4  1946   181.5  1914   220.5  1957   258.2  1848   838.6  2001
   90.2  1915   71.5  1972   67.4  1994   64.2  1843   65.1  1865   66.9  1931   78.1  1912   85.9  1908   80.9  1836  102.4  1836   98.4  2003   92.8  1966   238.0  1913   180.1  1856   220.3  1843   257.7  1951   838.6  1878
   90.1  1868   71.4  1946   66.9  1977   64.2  1991   64.8  1954   66.8  1910   78.1  1925   84.8  1866   80.2  1932  102.3  1847   96.5  1911   92.5  1935   236.4  2010   179.2  1849   219.7  1855   257.4  1926   836.9  1986
   90.1  1938   70.3  1940   66.8  1873   63.8  1953   64.8  2013   66.7  1843   77.9  1909   83.4  1930   79.1  2017  102.1  1935   96.4  1876   91.8  2009   236.0  1848   179.1  1876   215.7  2017   257.2  1968   834.0  1982
   89.8  1846   70.3  1989   66.4  1969   62.8  1964   64.7  1902   66.6  1948   77.2  2021   83.2  1892   78.7  1897  101.7  1993   96.2  1844   91.6  1958   235.8  1988   178.5  1851   214.1  1987   257.1  1866   832.2  1894
   89.3  1972   68.3  1996   66.1  1889   62.0  1919   63.6  1904   66.0  1963   77.0  1954   82.6  1900   78.1  1903  101.3  1913   95.5  2016   90.0  1976   235.5  2003   177.9  1846   212.7  2009   253.5  1970   830.0  1992
   87.3  1904   67.8  1899   65.8  1972   61.9  1968   63.4  1840   65.9  1973   76.6  2002   82.4  1845   77.4  1875   99.6  2005   95.4  2006   89.8  2011   234.4  1958   177.4  1930   212.3  1866   253.3  2013   829.5  1865
   87.3  1977   67.7  1872   65.3  1928   61.6  1934   63.3  1952   65.8  1862   74.3  1884   81.7  1957   77.0  1882   98.9  1898   94.0  1952   89.7  1942   233.1  1986   175.7  2002   211.8  1871   253.1  1906   826.3  1967
   86.3  1895   67.2  1906   65.1  1986   61.3  1994   62.2  1872   65.7  1888   74.3  2001   80.6  1856   76.6  1936   98.8  2014   93.1  1885   89.7  2015   229.3  2018   175.3  1909   211.2  1974   251.4  1994   823.4  1836
   86.0  2015   67.2  1865   64.1  1860   60.9  1872   62.2  2017   65.2  1897   74.2  1993   80.0  1924   76.3  1860   97.9  1844   91.7  1914   89.6  1995   228.4  2004   174.3  1988   211.1  1915   251.2  1865   819.4  1936
   85.5  1942   66.7  1960   63.7  2006   60.5  1979   62.1  1949   64.9  1890   73.6  1891   78.5  1873   76.2  1944   96.5  1981   91.6  2018   89.6  1852   226.0  1967   174.0  1993   210.1  1920   251.0  1838   818.7  1928
   85.1  1863   66.6  1936   62.4  1877   60.1  1923   62.0  1930   64.1  1906   73.5  1969   77.9  2012   75.3  1951   95.6  1961   91.4  1965   88.5  1997   225.9  1879   173.8  1941   208.4  1982   249.0  1923   808.5  1925
   84.9  1991   65.3  1843   61.4  1922   60.0  1897   61.7  1972   64.1  1881   73.4  1889   76.3  1938   75.1  1952   95.6  1894   90.3  1881   87.7  1881   223.9  1885   172.7  1987   208.3  1892   245.5  1892   807.8  1919
   84.9  1969   64.5  1979   61.2  1920   59.7  1987   61.6  1997   64.0  1993   73.2  1917   76.0  1853   74.2  1899   95.4  1952   89.3  1905   87.6  1839   222.8  1840   171.0  1992   208.0  1988   244.6  2008   806.0  1883
   83.7  1890   64.3  1861   61.0  1992   59.3  1862   61.5  1910   63.9  1892   73.1  1841   75.9  1859   71.7  1973   93.6  1863   87.6  1936   87.3  1918   221.2  1969   170.4  1905   207.5  1845   244.4  1963   805.7  2021
   83.2  1840   63.8  1931   60.8  1934   59.1  1950   61.4  1850   63.5  1855   73.1  2015   75.2  1996   71.2  1862   92.9  1874   87.0  1928   87.2  1849   220.8  1922   170.1  1985   207.1  1999   244.1  2020   805.5  2009
   83.2  1924   63.8  2016   60.8  1991   58.9  1925   60.3  1985   63.5  1974   72.7  1904   75.1  1857   70.4  1887   91.4  1859   86.8  2015   86.2  1848   220.0  1996   169.0  1879   206.6  1905   244.0  1886   805.4  1923
   82.8  1951   63.2  1838   60.4  1901   57.9  1975   60.3  1841   63.2  1907   72.1  1941   74.8  1942   70.2  1892   90.6  2022   86.7  1949   86.0  1916   219.6  1881   168.9  1965   206.3  1953   243.5  1863   801.7  2004
   82.6  1941   63.1  1961   60.3  1917   57.4  2008   59.8  1858   63.2  1878   72.0  1966   74.3  1979   69.4  1954   90.1  1940   86.1  2008   85.7  1998   219.5  1875   168.7  1989   206.0  1902   243.4  1938   798.9  1948
   82.3  2007   62.2  1926   60.3  1886   57.1  1973   59.3  1845   63.0  1841   71.6  1991   74.2  1889   68.9  1840   89.9  1896   85.4  1976   85.6  1937   216.7  1867   168.2  1955   202.6  1948   241.2  1844   796.7  1977
   82.2  2018   61.8  2021   59.5  1971   57.1  1947   59.2  1966   62.5  1965   69.4  1973   73.8  1895   68.9  2022   89.4  1925   84.7  1927   85.6  1982   216.2  1837   167.8  1925   202.6  1963   241.2  1878   796.2  1922
   82.2  1965   59.4  1969   59.4  1881   56.9  1972   59.1  1913   62.2  2021   69.3  1848   73.6  2006   68.6  1909   89.3  1994   82.7  1865   85.5  1860   215.7  1941   167.7  1922   202.1  2015   240.2  1928   795.3  1931
   80.5  1918   59.3  2009   58.1  1942   56.7  1910   59.0  1926   61.4  2017   68.6  1846   72.9  1890   68.2  1864   88.9  1910   81.2  1972   85.4  1977   212.7  1906   167.5  2004   201.2  1977   239.9  2009   792.0  1843
   79.9  2009   57.9  2011   57.8  1957   56.4  1885   57.1  1906   60.7  1956   68.6  1908   72.8  1925   68.2  1845   88.6  1878   80.9  1971   85.2  1955   211.2  1911   165.1  1885   200.1  1873   239.9  1913   791.6  1918
   79.7  1955   57.5  1945   57.8  2007   56.2  2005   56.3  1894   60.1  1911   68.4  1910   72.2  1876   68.1  1961   88.5  1938   80.7  1913   84.8  2003   211.1  1962   164.8  2013   197.6  1861   239.7  1925   791.3  1881
   79.4  2002   56.5  1928   57.5  1984   55.8  1905   56.1  1916   59.9  1924   67.8  2003   72.1  1970   67.5  1953   87.7  1945   80.5  1887   83.6  2021   208.7  2002   164.7  1999   196.3  1846   239.6  1877   791.3  1900
   79.4  1958   56.5  1912   56.5  1995   55.7  2014   56.0  2016   59.0  1896   67.3  1849   71.6  2001   67.2  1982   87.6  1895   80.1  1886   82.8  1927   208.3  1853   164.6  1978   195.1  2014   239.5  1857   790.7  1980
   79.4  2011   55.7  1955   56.3  1895   54.9  1962   56.0  1855   59.0  1845   66.4  1980   71.6  1939   66.5  2006   85.3  1912   79.2  1890   82.6  1923   208.2  2008   164.5  1888   194.3  1863   238.8  1958   790.3  1984
   79.2  2003   55.6  1894   56.3  1985   54.1  2016   55.7  1941   58.9  1953   66.2  1845   70.7  1919   65.6  2012   84.8  1942   78.3  1859   82.4  1925   206.8  1956   163.5  1858   193.8  1851   234.8  2001   787.5  1970
   79.0  1837   55.1  1877   56.2  1911   53.9  1903   55.6  1938   58.5  1990   66.1  1858   70.3  1894   65.1  1838   82.6  1893   78.2  1899   81.9  1930   203.8  1955   162.9  1959   193.7  1859   230.3  1999   786.0  1885
   78.5  2013   53.6  1867   55.7  1884   53.6  1981   54.9  1917   58.4  1894   64.1  1873   70.1  1969   64.3  2001   81.9  1974   78.1  1864   81.8  1983   203.6  1865   162.8  1891   192.7  1986   229.9  1995   784.6  1909
   78.1  1857   53.5  1874   55.5  2017   53.5  1868   54.4  1962   58.4  1972   63.1  1938   69.9  1863   63.9  1861   81.7  1867   77.8  1977   81.1  1946   203.5  1860   162.1  1898   192.1  1838   229.1  1840   782.9  1869
   77.7  1983   53.4  1884   55.1  1839   53.5  1985   54.3  1964   57.8  1920   63.0  1987   69.5  1844   63.8  1923   80.7  1984   76.1  1900   80.8  1884   203.5  1887   161.4  1859   191.9  1930   228.5  1869   782.0  1859
   77.7  1853   53.4  1889   54.8  1866   53.4  1940   54.2  2003   57.7  2003   62.2  1944   68.5  1968   63.7  1922   80.4  1911   75.5  1845   79.2  1928   203.5  1931   161.1  1917   191.9  1900   227.5  1846   779.6  2013
   77.7  2001   53.2  2015   54.4  1970   52.1  1894   54.2  1953   57.5  1873   62.1  1919   67.5  1980   63.6  1943   80.0  1990   75.3  1891   78.9  1841   202.3  1870   160.1  1968   189.5  1837   227.1  1895   776.4  1952
   76.8  1884   52.9  1836   53.9  1936   51.9  1880   54.1  1875   57.4  1859   61.4  2004   66.7  2017   62.1  2010   79.8  1986   75.1  1843   78.2  1845   201.8  1894   159.9  1940   189.5  1945   226.2  1907   775.1  1932
   76.7  1883   51.9  1840   53.3  1868   51.3  1952   53.0  1890   57.1  1847   61.4  1854   66.4  1888   61.1  1991   79.1  1849   74.7  1898   78.1  1859   201.0  1846   159.2  1923   189.4  1895   225.6  1980   774.6  1987
   76.7  1856   51.8  1988   52.6  1841   50.3  1895   52.8  1899   56.5  1916   61.3  1945   66.0  1839   60.2  1920   79.1  1839   73.3  1860   76.8  1968   200.9  1991   158.3  1946   189.3  1897   225.3  1909   774.1  1853
   76.5  1927   51.8  2017   52.0  1999   50.1  1886   52.5  1852   55.9  1947   61.1  1892   65.9  1934   60.1  1872   78.1  1989   72.7  1924   76.7  1969   199.8  1998   158.3  2021   188.2  1991   225.1  1966   773.0  1862
   76.3  1979   50.9  1882   51.5  2010   50.0  1936   52.5  1929   55.5  1857   60.6  1836   65.7  1982   60.0  1933   77.9  1915   72.5  1850   76.3  1920   199.2  1938   158.0  1857   187.0  2011   225.0  1965   772.1  1940
   75.0  1879   50.8  1839   51.1  1857   49.3  1965   52.0  1950   55.5  1978   60.4  1859   65.6  1872   59.8  1873   77.8  1851   72.3  1880   75.9  1874   198.9  2015   157.7  1841   187.0  1916   224.2  2014   771.3  1920
   73.8  1921   49.8  1870   51.1  1930   49.1  1978   51.6  1988   53.8  1960   60.3  1901   65.4  1944   59.1  1970   77.1  1988   72.3  1941   75.8  1898   198.7  1852   157.4  1912   186.2  1998   223.5  1843   770.6  1868
   72.9  2020   49.2  2006   50.2  1859   49.0  1927   51.3  1965   53.6  1944   60.3  1840   64.8  2011   59.0  2016   76.8  1954   72.2  1995   75.4  1893   197.5  1950   155.9  1850   185.7  1857   221.5  1899   766.0  2006
   72.4  1903   48.6  1873   50.1  1869   48.8  1949   51.2  2018   52.9  2005   60.1  2005   64.7  2019   59.0  1931   76.6  1937   71.3  2010   74.5  2007   196.3  1972   154.6  1901   185.7  1883   220.0  1911   762.5  1867
   71.2  1910   48.6  1987   49.9  1855   48.4  1909   50.8  1923   52.6  1836   59.5  1842   64.5  1953   58.7  1937   76.3  1933   71.3  1991   74.0  1952   196.0  1983   153.1  1977   185.6  2010   219.5  1871   761.9  1988
   70.7  1894   48.1  1984   49.6  1967   47.6  1946   50.5  1842   52.4  1933   58.7  1942   64.1  1904   58.7  1948   76.3  2008   71.2  1874   72.9  1936   194.0  1982   152.6  1933   185.5  1908   219.3  2005   761.4  1969
   67.7  1854   47.7  1892   49.4  1891   47.2  1866   49.3  1873   52.0  1885   58.3  1946   64.0  1923   58.0  2021   76.0  1868   71.0  1987   72.6  1895   194.0  1959   152.3  1982   185.1  1951   218.8  1849   760.4  1846
   67.6  2017   46.9  1842   48.3  1923   46.9  1944   48.2  1933   52.0  2009   58.3  1923   63.5  1988   57.9  1980   74.7  1992   69.6  1902   71.9  1990   190.0  1849   151.8  1927   182.9  1969   218.0  1881   760.0  1929
   67.4  1952   46.6  1859   47.8  1932   46.4  1971   48.0  1977   51.3  1939   58.1  1947   63.5  2018   57.9  1913   73.8  1958   69.3  1915   71.9  1984   188.2  1882   151.3  1847   182.7  1978   216.7  1853   756.7  1897
   66.9  1925   46.0  1871   47.6  2005   46.3  1888   47.6  1908   51.0  1891   57.9  2000   63.4  1874   57.6  1850   73.2  1968   68.7  1998   71.1  1870   188.0  1868   151.0  1871   182.4  1914   215.7  1961   753.9  1888
   66.9  2010   45.8  1849   47.5  1846   46.2  1948   47.4  1912   50.7  1851   57.5  1970   63.3  1994   57.5  1881   72.9  1959   68.1  1907   71.0  1858   187.7  1902   150.1  1973   181.6  1867   214.8  1957   752.0  2018
   66.7  1932   45.5  2019   47.4  1960   45.9  1917   47.3  1882   50.0  1884   57.2  1937   63.2  1965   57.3  1884   72.8  1926   67.0  2007   70.9  1964   187.4  2009   150.0  1962   181.4  2021   213.6  1910   751.0  1957
   66.6  1946   44.0  1991   47.3  2020   45.5  1851   47.1  1887   49.9  1914   57.1  1852   62.2  1858   57.0  1963   72.7  1883   67.0  1993   70.5  1947   187.1  1947   150.0  1934   181.3  1944   213.3  1986   750.3  1906
   66.4  1841   43.9  1856   47.1  1890   45.4  1890   47.1  1918   47.7  1943   56.2  1866   62.2  1882   56.3  1853   72.4  1854   66.6  1975   69.3  1856   186.8  2022   149.2  1902   180.1  1862   212.6  1861   749.9  2015
   65.9  1968   43.9  1911   46.4  1870   44.9  1967   46.8  2022   47.5  1842   56.0  1907   62.0  1928   55.1  1938   72.2  1948   66.5  1966   68.3  1954   186.7  1924   149.0  1864   180.0  1928   212.1  2004   749.4  1907
   65.1  1985   43.8  1868   46.4  2004   44.8  1841   46.6  1920   46.5  1865   55.4  1962   61.6  1915   55.0  2015   71.9  1953   66.3  1962   67.7  1967   186.6  1901   148.9  1948   179.6  1973   211.4  1887   746.9  1926
   64.7  1940   43.5  1841   45.9  1983   44.3  2002   46.6  1883   46.4  2014   55.2  1862   60.8  1909   54.8  1934   71.2  1955   66.1  2013   67.1  1992   186.4  1893   148.7  1935   178.8  2001   210.4  1936   746.6  2016
   63.8  1862   43.0  1878   45.8  2002   44.1  1874   46.5  2012   46.4  1957   55.1  1857   59.5  1945   54.8  1945   70.8  1943   65.3  2005   66.9  1908   185.9  1892   148.7  1971   176.9  1889   210.1  1862   744.6  1985
   63.8  1845   42.3  1968   45.4  1902   42.9  1898   46.4  1996   46.4  1901   54.9  1844   59.4  1921   54.4  1877   70.7  1873   64.5  1994   66.9  1866   184.7  1940   147.9  1954   176.3  1918   209.7  1847   744.5  1941
   63.7  1947   42.3  1947   44.9  1955   42.8  1837   46.1  2004   45.9  1876   54.8  1985   59.1  1862   54.4  2005   70.2  1881   64.4  1863   66.2  1951   184.5  1975   147.9  1894   176.3  1993   209.3  1870   743.6  1917
   63.6  1887   41.9  1953   43.1  1939   41.5  1884   46.1  1853   45.8  2002   54.8  1959   58.8  1961   54.1  1894   69.6  1900   64.4  1925   64.4  1957   183.7  1851   147.6  1970   175.8  1907   208.2  1868   742.8  1913
   63.0  1836   41.7  1875   42.5  1904   41.2  1847   45.7  1838   45.6  1898   54.5  1843   57.5  1898   54.1  1867   69.6  1999   64.1  1873   64.2  1904   180.6  1842   147.2  1853   175.2  1850   207.4  1996   741.9  2017
   62.6  1934   41.6  2018   42.1  2022   40.8  1969   45.7  1999   45.6  1854   54.4  1860   57.0  1896   53.2  1908   69.1  1899   63.2  1869   63.6  1894   180.0  1971   146.4  1949   171.5  2002   206.6  2021   739.1  1978
   62.2  1874   41.3  1981   41.8  1906   40.4  2009   45.6  1992   44.5  1989   53.9  1926   56.5  1987   53.2  1837   69.0  2010   62.4  1918   62.7  1962   178.7  2019   145.8  1926   170.5  1938   205.7  1860   737.4  1963
   62.1  1996   41.2  1982   41.5  1996   40.2  1928   45.1  1947   44.5  2008   53.5  1837   56.5  1907   52.8  1886   67.4  1856   62.4  1980   62.7  2005   176.4  1927   145.6  1890   167.9  1926   203.4  1855   736.5  1997
   61.0  1843   41.1  1853   41.1  1887   39.2  1902   44.7  1978   43.0  2022   53.2  1881   56.2  1943   52.1  1858   67.1  1858   60.8  1985   62.4  1903   175.9  1968   145.1  1899   167.5  1970   202.3  2010   736.1  1972
   60.1  1891   40.9  1850   40.8  1847   38.9  1839   44.4  1864   43.0  2004   52.8  1974   55.9  1935   51.6  1878   67.1  1997   60.7  1979   61.4  1906   174.2  1861   144.0  2005   166.8  2016   197.6  1888   733.7  1961
   59.4  1944   40.7  2013   40.7  1962   38.9  1845   44.3  1963   42.9  1837   52.1  2019   55.6  1842   51.4  1847   66.8  1838   60.6  1893   60.8  1888   173.8  1987   143.9  1918   166.4  1884   197.3  2015   732.3  1871
   59.2  1885   40.1  1999   40.7  2014   38.5  1996   44.3  1987   42.4  1952   50.7  1838   54.7  1851   51.1  1942   66.0  1996   60.6  1892   60.3  1837   172.6  1973   142.6  1866   164.9  1856   197.0  1917   731.1  1995
   58.6  1980   39.9  2004   40.1  1921   38.1  1977   43.8  1975   41.4  1856   50.5  2011   54.5  2000   50.5  1889   65.2  1837   60.1  1837   59.7  2014   172.3  1857   142.5  1950   164.1  2005   196.4  1997   724.0  1849
   58.0  1849   39.8  1855   39.7  1865   37.6  2003   43.3  2009   41.2  1950   50.2  1928   53.6  1967   50.4  2013   63.9  1971   59.7  1957   59.1  1850   171.7  1871   142.4  1928   163.9  1893   194.9  2018   722.7  1856
   57.8  1931   39.5  1852   39.5  1894   37.5  1990   43.2  1846   40.5  1941   50.0  1933   53.1  2007   50.1  1949   63.8  1979   59.1  1923   58.4  1899   170.5  2011   141.6  1910   162.7  1842   194.7  1873   719.7  1842
   57.8  1897   39.3  1908   39.0  1882   37.3  1911   42.8  1971   39.9  1929   49.8  1929   53.0  1850   49.8  1904   63.1  2009   58.8  1866   57.7  1950   170.2  1908   139.3  1868   161.8  1904   194.5  1898   718.6  1959
   56.5  1967   39.1  1847   38.7  1958   37.2  1869   42.4  1900   39.7  1864   49.7  1961   51.4  1914   49.2  1846   62.4  1930   58.7  1912   57.6  1877   170.2  1945   138.9  1939   161.3  1858   192.9  1864   718.0  1983
   56.5  1945   39.0  1918   38.3  1838   37.0  1883   42.3  1982   39.3  1969   49.5  1986   51.1  2005   48.0  1917   62.4  1914   58.3  1919   57.2  1862   170.1  1993   138.9  1953   161.2  1952   192.3  1975   715.0  1989
   56.2  1844   38.6  1864   38.2  2009   36.9  1875   41.5  1857   38.8  1840   49.1  2020   50.9  1867   47.6  1905   61.0  1871   58.0  1967   57.2  1836   168.9  1985   138.6  1873   160.9  1932   191.4  1889   714.3  1889
   55.8  1957   38.4  1898   37.5  2021   36.7  2020   41.3  1859   38.7  1981   49.1  1975   50.2  2013   47.3  1901   60.4  1887   57.8  1958   56.9  1940   168.5  1850   138.4  2019   160.9  1919   190.4  1914   714.2  1944
   55.2  1982   37.2  1907   36.5  1976   36.6  1988   41.0  2001   38.7  1988   48.4  1963   50.1  1929   47.1  1844   60.4  1920   57.6  1955   56.7  1838   167.2  2012   138.0  1904   160.3  1935   190.1  1915   712.4  1942
   54.8  1842   36.7  1903   36.4  1974   36.6  1941   40.8  1921   38.0  1970   47.8  1981   50.0  1875   46.2  1987   59.8  1902   57.5  1990   56.2  1944   167.0  1843   137.5  1842   157.1  1844   189.7  1912   710.2  1971
   54.6  1871   36.2  2005   36.1  1871   36.5  1838   40.6  1866   37.8  1992   46.8  2014   49.8  1870   45.7  1988   59.6  1983   57.3  1921   56.1  1980   165.2  1965   137.3  1991   156.5  1836   188.4  1983   705.7  1857
   54.4  2012   36.0  1939   35.8  1885   36.4  1860   40.3  1957   37.6  1874   45.9  1943   49.2  1901   45.7  1912   58.9  1877   57.2  2020   55.4  1878   163.9  1949   136.4  1980   156.0  1901   188.3  1845   703.7  1956
   54.2  1893   35.6  1902   35.5  1949   35.8  2006   40.2  2005   36.9  1899   45.8  1972   49.1  2002   44.5  2018   58.8  2018   56.6  1968   54.4  1865   162.6  1933   136.0  1984   154.9  1925   188.0  1943   703.3  1895
   52.8  1933   35.2  1943   35.5  2015   35.1  1960   39.2  1995   36.8  1937   43.8  1949   49.0  1838   44.4  1989   57.2  1927   56.0  1847   54.0  1867   162.6  1884   133.7  2017   154.1  1854   187.8  1856   702.8  1838
   51.4  1847   34.9  1888   35.4  1880   34.9  1942   39.1  1940   36.5  1984   42.9  2006   48.8  1984   44.4  1955   56.8  1901   55.1  1903   53.8  1974   161.7  1863   132.1  1845   153.4  1962   187.6  1991   700.9  1845
   50.3  1966   34.7  1901   34.4  1853   34.6  1956   38.5  1960   36.3  1986   42.8  1856   47.5  1840   43.6  1919   56.1  1860   54.3  2017   53.5  1887   160.9  1856   130.4  1958   152.6  1896   186.6  2016   695.2  1911
   49.5  1882   34.5  1948   33.9  1845   33.8  2019   37.9  1976   36.1  1867   42.8  2013   47.2  1978   43.2  2004   55.5  1876   53.6  1943   51.9  1973   160.4  1903   128.4  1911   149.8  1943   186.3  1893   694.2  1899
   48.3  1839   34.2  1976   33.6  1878   33.5  1891   37.4  1892   36.1  1846   42.8  1967   47.1  1854   43.1  1893   55.5  2015   53.6  1934   51.9  2004   159.4  1921   127.3  1861   148.9  1876   185.8  1962   692.8  1938
   47.3  1870   33.9  2003   32.9  1968   33.3  1887   37.2  1914   35.4  1979   42.5  1998   47.0  2016   43.0  1911   55.2  1991   53.4  1870   51.7  1854   158.8  1876   127.3  1945   148.2  1964   185.2  1953   690.8  1873
   46.1  1923   33.1  1860   32.7  1946   32.5  1916   37.0  1928   34.4  1934   42.4  1902   46.9  1918   42.8  1915   55.1  1869   51.9  1961   51.3  1902   158.3  1859   126.3  1996   147.4  1886   184.7  1905   690.4  1945
   46.0  1878   33.0  1846   32.0  1898   32.4  1900   36.6  1974   34.0  2010   42.0  2010   46.8  1887   42.5  1916   53.8  1957   51.9  1853   49.7  1939   156.4  1898   125.4  1915   146.8  1942   183.0  1931   687.3  1874
   43.5  1981   32.7  1983   31.7  1924   31.9  1904   36.2  2019   33.6  1850   40.2  1951   46.6  1926   42.3  1891   53.6  2003   51.8  2001   49.5  1921   156.1  1895   125.2  1936   146.5  1840   182.7  1942   686.1  1934
   43.3  1876   32.4  1973   31.5  1950   31.8  1933   35.6  1893   33.4  1877   38.7  1916   46.5  1885   42.1  1870   53.2  1964   51.5  1854   49.4  1871   156.0  1917   123.8  1961   140.2  2003   182.7  1937   684.1  1896
   43.2  1917   31.9  1985   30.8  1883   31.7  1864   35.5  1909   33.3  1967   38.3  1900   45.8  1932   42.1  2011   52.6  1934   51.4  1989   48.3  2008   155.8  1839   123.3  1865   139.8  1929   179.4  1990   683.5  1904
   42.6  1954   31.5  1992   30.1  1918   31.5  1914   34.9  1911   33.0  1858   38.1  1989   45.4  2009   41.9  1990   51.8  1941   51.2  1868   48.0  1889   155.5  1890   123.2  1906   139.3  1979   179.1  1850   683.2  1837
   42.2  2005   31.4  1949   29.5  1863   30.4  1863   34.3  1863   32.9  2001   37.8  1948   44.7  1893   40.9  1902   50.1  1918   50.9  1846   47.9  1949   154.5  1952   123.2  1884   138.9  2006   178.5  1837   681.7  1955
   41.9  1992   31.0  1845   29.1  1843   30.4  1892   34.1  1935   32.7  1844   37.6  1870   44.2  1973   40.8  2020   49.2  1963   50.6  1964   47.8  1941   152.8  1942   121.9  2009   138.7  1961   176.7  1948   681.2  1863
   41.3  1848   30.8  1858   28.5  1900   30.3  2013   33.8  2011   32.3  2015   37.2  1899   44.0  1886   40.0  1972   48.9  1850   49.3  1999   47.6  1861   151.2  1918   121.7  2015   137.3  2000   176.4  1959   680.1  1847
   40.8  1901   30.5  1964   28.0  1945   30.1  1945   33.3  1897   32.0  1932   36.6  1896   43.9  1855   36.9  1947   48.2  1866   49.2  1947   47.4  1943   150.8  1886   121.7  1895   136.5  1923   173.9  1989   675.0  1943
   40.7  1859   30.5  2008   27.6  1858   29.5  1921   33.0  1861   31.9  1915   36.0  1964   43.3  1836   36.3  1914   48.0  1956   48.6  1932   45.9  1864   146.6  1878   121.5  1887   135.3  1934   173.2  1955   673.9  1861
   40.5  1850   29.7  1963   27.5  1948   29.2  1915   32.6  1881   31.4  1959   35.3  1994   42.8  1989   35.4  1966   47.8  1905   47.3  1937   44.8  1863   146.1  1914   121.4  1839   135.3  1874   171.8  2003   673.3  2010
   39.9  1929   29.3  1944   27.4  1915   26.8  1929   32.5  1868   31.1  1938   35.3  1982   42.3  1959   34.9  2007   47.1  2007   46.8  1942   43.7  1970   145.9  1844   121.0  1960   135.0  1849   170.2  1902   672.3  1976
   38.9  1916   27.4  1913   27.3  2003   26.6  1943   32.5  1888   31.1  1908   35.1  1997   42.1  1884   34.7  1921   46.7  2011   46.3  1983   41.8  1987   145.7  2017   120.6  1838   134.0  1972   169.5  1933   672.2  1892
   37.7  1989   27.3  1975   27.2  1856   24.5  1958   32.3  2010   30.8  1869   35.1  1934   42.0  2021   34.6  1940   46.6  1908   45.7  1953   41.0  1892   143.9  1929   119.2  1855   132.5  1868   167.5  1900   670.5  1990
   37.7  1881   26.7  1917   26.8  2012   24.4  1881   31.2  1870   30.4  1922   34.9  1878   40.7  1949   34.3  1855   46.5  1864   45.7  1948   40.6  1842   142.7  1838   119.2  2003   132.3  1996   167.5  2017   669.3  1991
   36.5  1973   25.8  1854   26.6  1892   24.3  1906   30.6  1851   30.3  1849   34.8  1996   40.5  1975   33.4  1926   46.2  1936   45.7  1857   40.6  1913   141.3  1953   119.1  1995   129.6  1967   164.5  1971   668.5  2005
   36.4  1864   24.8  1857   26.4  1907   23.9  2010   30.2  1939   30.1  1961   34.3  1874   40.4  1847   32.1  2002   46.0  1977   45.4  2011   40.3  1855   141.0  1981   117.1  1943   129.4  1847   161.0  1934   668.3  1962
   36.3  2019   24.8  1929   25.0  1966   23.3  1995   29.7  1901   30.0  1951   34.1  1983   38.2  1911   31.8  1888   44.9  1919   45.3  1849   37.0  1996   141.0  1889   116.4  1881   128.4  1959   160.5  1867   668.0  1851
   35.4  1892   24.7  1930   24.9  1874   22.5  1873   29.7  1837   29.4  2013   33.9  1913   38.2  1993   30.8  1978   44.7  1845   44.8  1848   36.7  1975   139.0  1954   115.1  1875   127.7  1933   159.2  1945   659.6  1947
   34.8  1908   24.7  1920   24.8  1956   22.3  1861   28.1  1874   29.2  1889   33.0  1971   38.1  1920   30.0  1906   44.0  1973   44.5  1981   36.6  1875   136.3  1997   114.4  1883   127.6  1947   159.0  1988   659.2  1890
   33.2  1976   24.2  1905   24.1  1993   22.0  1955   27.9  1961   28.8  1983   31.9  1847   37.9  1906   28.9  1890   42.1  1995   43.8  1904   35.8  1846   136.0  1944   114.2  1880   126.4  1937   157.9  1973   655.2  1908
   32.8  1911   23.8  1890   24.1  1875   21.9  1896   27.7  1980   28.0  1919   31.5  1995   37.4  1849   28.1  1986   40.8  1840   43.3  1884   35.5  1971   134.6  2006   112.5  1896   125.5  1989   157.1  1956   650.6  1850
   31.9  1935   23.7  1971   23.9  1849   21.2  1982   27.6  1934   27.8  1893   30.7  1876   37.0  1990   27.7  1928   40.4  1842   42.6  2004   35.3  1851   134.5  1989   110.4  1921   125.2  1898   155.9  1920   650.4  1975
   31.6  1907   23.6  1851   23.9  2000   20.8  1980   27.4  1839   26.5  1994   30.0  2018   36.0  1981   27.3  1939   40.2  1890   42.2  1973   33.1  2010   133.2  1874   107.9  2022   125.1  1906   155.8  1858   649.2  1949
   31.6  1949   23.5  1938   23.4  1879   20.3  2015   26.8  1880   25.8  1913   29.5  1979   35.2  1964   27.0  1969   40.0  1861   42.0  1922   33.1  1885   130.3  1907   107.7  2010   125.1  1994   153.2  1972   643.1  1902
   31.0  1909   23.0  2012   23.3  1910   19.7  1997   26.8  1922   25.7  1918   27.7  1887   35.0  1913   26.1  1979   39.0  1884   39.7  1897   32.4  1883   130.2  2005   104.8  1957   122.5  1981   150.6  1979   640.1  1884
   30.8  1902   21.0  1924   23.3  1837   19.1  2022   26.5  1927   25.7  1930   26.7  1897   33.8  1869   24.9  1996   38.2  1904   38.5  1917   32.4  1932   128.6  1862   103.3  1900   122.4  2013   149.1  2007   639.9  1901
   29.7  1914   20.8  1952   23.1  1899   18.5  1865   26.0  1884   25.3  1895   26.7  1976   33.8  1871   24.5  1977   37.4  1946   38.2  1856   31.7  1917   126.3  1847   102.7  1854   122.0  1990   148.3  1890   639.7  1905
   28.6  1905   20.7  1962   22.4  1925   18.3  1852   25.5  1970   25.0  1904   26.6  1990   33.6  1998   24.0  2009   36.4  1921   37.9  1851   31.5  1931   124.8  1841   100.6  1997   119.7  1955   148.3  1977   638.6  1844
   28.3  2000   19.5  1942   21.1  1943   16.0  2017   24.2  1871   25.0  2000   25.7  1984   32.4  1937   24.0  1854   36.3  1985   36.5  1858   31.2  1890   121.5  1854    97.1  1874   111.7  1885   147.8  1854   635.9  1855
   27.9  2022   19.4  1863   20.9  1953   14.7  1870   24.1  1998   24.4  1886   25.5  1905   32.3  1899   23.7  1964   34.1  2017   36.5  1855   29.7  2001   120.7  1880    95.8  1837   111.0  1984   147.7  1897   633.3  1996
   27.8  1888   19.0  1886   19.3  1997   14.2  1842   23.9  1959   23.9  1887   23.7  2016   31.8  1976   23.4  1985   34.0  1888   36.1  1988   28.0  1853   119.7  1864    94.4  1892   109.9  1940   146.9  1919   628.9  2003
   26.8  1889   17.9  1887   19.3  1935   13.2  1855   23.7  1944   22.4  2006   23.1  1906   31.4  1880   21.9  1900   33.0  1962   35.4  1889   27.2  1991   117.0  1905    94.1  1863   109.2  1911   142.1  1969   622.1  1893
   26.1  1896   17.2  1862   18.0  1973   13.2  1854   21.4  1936   22.3  1996   23.0  1863   31.1  2022   21.0  1843   32.1  2016   35.3  1920   26.6  1988   116.4  1963    92.3  1870   106.4  1899   140.7  1879   622.1  1953
   25.4  1950   15.5  1956   17.8  1931   12.5  1974   20.0  1905   18.6  1870   22.1  1898   30.0  1883   20.9  1898   32.0  1972   34.9  1978   26.6  1879   116.1  1888    89.6  2020   106.1  1870   139.9  1941   618.5  1898
   25.3  1953   14.8  1909   15.0  1990   12.4  1840   19.5  1919   18.4  1940   22.1  1952   29.8  1972   20.7  1895   30.9  1970   33.7  1908   26.3  2016   115.5  1845    89.3  1844   104.8  1975   139.5  1884   609.4  1840
   24.5  1861   14.4  1896   14.8  1850   11.9  1976   18.3  1848   17.7  1995   22.1  1955   26.8  1864   20.1  1851   30.3  1879   33.1  1933   25.2  1905   113.2  1896    86.3  1976   100.8  1949   135.8  1851   608.3  1973
   24.0  1963   13.8  1986   14.7  1852   11.1  1844   17.7  1876   16.3  1949   19.4  1868   25.3  1933   20.0  1997   29.2  1897   30.7  1862   24.5  1953   112.8  1909    85.6  1852   100.3  2018   134.4  1922   604.6  1858
   22.7  2006   12.2  1993   14.4  1926   10.5  1954   16.6  1956   15.8  1976   18.9  1977   25.1  1861   19.7  1971   28.8  1922   30.6  1896   24.4  1963   104.9  1855    85.5  1974    98.3  1887   134.2  2011   602.6  2011
   22.5  1898   12.1  1965   14.2  1854   10.2  2021   16.1  1836   15.3  1975   18.8  1999   23.2  1955   19.7  2003   28.3  1951   28.4  1901   20.8  1844   104.9  1932    84.2  1929    94.7  1913   133.5  1908   602.5  1964
   22.1  1858   11.8  1998   13.9  2011    7.6  1984   16.1  1989   15.2  1868   18.0  1935   21.2  1983   19.0  1907   26.4  1975   28.1  1871   20.3  1933   104.0  1976    83.5  1840    84.5  2022   132.5  1901   600.3  1933
   20.6  1964    9.3  1921   10.5  1893    6.7  1957   15.1  1895   14.3  1923   17.6  1869   20.6  1991   16.3  1929   25.8  1950   25.9  2021   19.6  1857   100.7  1992    78.6  1944    84.1  1983   131.8  1904   575.9  1870
   20.6  1987    8.4  1934    9.4  1938    6.5  2011   14.2  1990   13.4  1942   17.2  1864   18.2  1936   16.2  1910   19.8  1931   25.8  1956   17.5  1873    93.2  1891    75.9  1956    83.7  1864   128.4  1921   566.2  1887
   19.2  1838    6.8  1932    8.0  1944    6.1  2007   12.3  1991    9.4  1921   14.3  1921   14.8  2003   15.8  1941   19.1  1965   24.8  1909   16.5  1926    91.2  1934    70.3  1938    83.1  1921   127.5  1964   549.7  1854
   14.8  1997    6.3  1895    7.8  1840    5.3  1938    8.4  1896    8.7  1962   13.2  1885   13.6  1947   13.4  2014   15.8  1947   24.7  1867   15.7  1843    75.5  1964    66.8  1990    82.2  1869   120.5  1985   546.5  1864
   13.7  1880    5.2  1959    6.2  1961    5.0  1893    8.3  1844    6.8  2018   10.9  1911    8.2  1995    5.3  1865    9.6  1969   24.3  1879   15.0  1840    72.5  1858    54.2  2011    74.3  1976   101.9  1947   454.5  1921
   13.5  1855    1.9  1891    4.9  1929    4.8  1912    5.5  2020    4.1  1925   10.5  2022    6.1  1940    3.9  1959    8.5  1978   16.8  1945    ---  2022     ---  1836    51.1  1893    57.4  1995    74.2  1978     ---  2022
