Areal values from HadUK-Grid 1km gridded climate data from land surface network
Source: Met Office National Climate Information Centre
Monthly, seasonal and annual total precipitation amount for England
Areal series, starting in 1836
Last updated 01-Dec-2022 10:42
    jan  year    feb  year    mar  year    apr  year    may  year    jun  year    jul  year    aug  year    sep  year    oct  year    nov  year    dec  year     win  year     spr  year     sum  year     aut  year     ann  year
  160.0  2014  160.9  2020  146.7  1947  136.5  2012  128.3  1967  148.1  2012  142.0  1888  169.8  1912  166.1  1918  191.3  1903  173.2  1929  173.7  1914   401.3  2014   288.8  1979   375.0  1912   443.7  2000  1156.8  1872
  154.0  1948  132.2  1923  138.5  1981  131.9  2000  119.1  1932  145.8  2007  135.2  1880  156.1  1917  150.2  1866  166.8  2000  172.2  1852  172.9  1876   382.8  1915   281.1  1981   363.9  1879   395.3  1960  1125.9  2012
  144.9  1995  130.2  1990  117.0  1979  117.7  1998  115.6  1878  141.2  1860  129.0  1875  147.3  2004  142.0  1976  164.5  1960  170.8  2009  170.0  1868   370.4  1877   269.2  1947   351.1  2012   381.2  1852  1109.1  2000
  140.7  1939  124.9  1950  106.8  1919  107.8  1920  115.6  1924  125.1  1879  128.6  2009  143.6  1956  140.0  1896  160.5  1865  168.2  1940  163.4  1929   368.2  1990   269.0  1983   324.4  2007   376.0  1935  1062.4  1960
  140.5  1988  123.4  2014  106.7  1836  101.9  1983  114.0  2021  122.9  1997  126.5  1936  138.2  1891  139.6  1968  154.1  1967  166.2  1951  162.7  1915   365.6  1995   249.0  2000   322.5  1860   361.1  2019  1052.7  1852
  140.2  1928  122.9  1977  106.0  1912  100.6  1882  111.4  1886  118.8  1848  124.7  2007  137.8  1878  134.8  1927  153.1  1987  160.1  2000  158.9  1934   349.5  1869   249.0  1932   304.7  1956   360.8  1976  1042.2  1903
  134.3  1943  120.8  2002  104.4  1914   98.9  1846  109.5  1979  117.0  1982  123.6  1839  132.6  1881  131.3  1974  147.8  1891  155.8  1970  156.8  1911   340.7  2021   248.1  1862   304.1  1931   354.9  1841  1015.5  1882
  133.0  1877  120.3  1937  103.2  1862   96.2  1966  107.2  1983  116.8  1980  123.2  1988  129.1  1879  128.8  1981  145.4  1998  150.2  1954  155.7  1978   340.6  2020   247.5  1920   302.7  1848   349.9  1875  1008.3  1877
  131.8  1984  119.0  1900  103.1  2018   91.4  2001  107.2  2007  116.1  1998  122.6  1920  127.1  1946  128.5  1965  144.3  2020  145.2  1926  148.9  2012   334.1  1960   245.5  1913   301.1  1927   345.4  1872  1007.6  1848
  129.2  2008  118.0  1916  101.4  1951   90.6  1935  107.1  1869  115.3  1912  118.9  1915  124.1  1860  128.4  1871  142.4  1882  144.7  1946  148.9  1959   330.6  1916   244.9  1951   298.9  1839   341.5  1954  1006.4  2002
  128.4  2021  116.2  1848  100.2  1897   90.0  1993  106.5  1843  113.1  1852  114.8  1939  120.0  1951  124.2  1883  141.7  1976  144.2  1963  144.8  1993   330.4  2016   234.7  1998   293.5  1852   340.3  1903  1003.6  1912
  128.2  1872  114.8  1966   98.3  1903   88.7  1961  104.6  1969  107.3  2019  113.6  1922  119.8  1927  123.6  1876  140.9  1907  142.0  2002  143.9  1979   328.0  1994   233.9  1886   283.7  1958   340.1  1944   989.6  2020
  125.3  1852  113.5  1915   97.9  1916   88.1  1871  100.8  2006  104.4  1958  113.5  2012  119.0  1877  122.8  1869  139.9  1949  139.0  1944  143.8  1965   316.6  1937   232.7  1937   282.4  1872   334.4  1974   987.7  1951
  124.2  2016  104.6  1925   96.0  1913   88.0  1913   95.7  2014  102.4  1987  109.7  1879  117.0  1852  122.4  1935  139.6  1932  136.9  1939  137.2  1999   310.3  1912   232.6  1986   279.4  1917   331.4  1880   984.9  1954
  118.5  1999  103.4  1951   94.9  1851   85.5  1931   94.6  1955   99.8  1882  109.6  1872  115.5  1954  119.1  1841  139.4  1870  136.7  1888  137.1  2020   310.1  1966   229.4  1903   278.6  1954   327.0  1984   983.5  1927
  118.2  1906  103.0  1958   94.6  1909   82.3  1877   93.0  1925   99.8  1863  108.9  1855  115.1  1992  116.8  2000  138.9  1880  136.2  1950  133.6  2015   300.7  1930   227.9  1969   277.6  1946   325.7  1885   983.4  2014
  116.3  1937  102.3  1997   94.4  1848   80.8  1989   90.5  1942   99.1  1839  108.7  1895  114.7  2020  115.0  1946  138.4  1875  134.7  1935  127.3  1919   299.3  1977   226.3  2018   276.8  1903   325.3  1882   981.4  2008
  114.5  1990  100.6  1995   92.6  1963   80.2  1986   85.2  1847   96.4  1872  107.1  1960  113.3  1865  114.8  1839  136.7  2013  134.0  1842  123.9  1986   299.1  2007   224.3  1967   275.1  1888   315.1  2012   979.2  2019
  113.3  1960   97.3  1893   92.2  1980   80.2  1843   84.9  2002   95.4  2016  105.7  1861  112.2  1986  113.9  1950  134.2  1841  133.9  2022  123.5  1989   298.6  1910   224.2  2006   272.2  2020   311.5  1967   966.5  1998
  112.9  2004   96.7  2022   91.9  1982   79.2  1867   84.7  1860   95.3  1838  105.1  1871  111.1  1941  113.5  2019  134.1  1906  133.3  1984  123.2  1910   296.3  1980   221.2  1889   271.4  1882   311.4  1940   964.8  1841
  112.6  1930   96.3  1904   91.8  2008   79.0  1970   84.4  1981   93.2  1971  104.8  1940  110.6  1931  110.8  1885  133.7  1855  130.8  1836  123.0  1909   291.4  1923   220.5  1877   270.0  2004   310.3  1836   962.3  1860
  111.5  1936   95.8  1883   91.6  1988   78.3  2018   83.1  2000   91.9  1927  104.6  1918  109.7  1848  110.6  1993  133.6  1843  129.5  1960  122.5  1886   291.2  1883   218.8  2001   268.0  1875   308.9  1883   956.2  1924
  110.6  1994   95.6  1910   90.1  1876   78.2  2004   83.0  1907   91.2  2020  104.6  1931  109.3  1903  109.9  1880  133.2  1846  127.6  1875  122.1  1901   290.9  1939   218.0  2008   267.4  1891   308.7  2022   955.2  1946
  110.1  1986   95.2  1974   89.6  1896   77.3  1850   83.0  1862   90.7  1991  103.7  1930  108.9  1950  109.2  1957  131.5  1872  125.0  1877  121.8  2002   289.3  1935   217.3  1867   266.6  1881   308.4  1998   949.3  1966
  109.8  1974   95.1  1881   88.5  1964   75.8  1932   82.1  1856   88.9  1931  103.3  1853  107.4  2014  108.9  1995  130.9  2004  124.8  1992  121.5  1872   288.8  1979   216.9  2012   265.6  2008   307.0  1839   941.9  1866
  109.4  1975   94.0  1866   88.4  1905   75.3  1876   81.1  1986   88.5  1928  101.9  1882  107.3  1845  107.6  1999  129.7  1885  124.3  1872  120.7  2000   288.0  1900   216.6  1843   265.4  1980   306.1  1929   937.8  1958
  108.7  1919   93.8  2007   88.1  2019   75.3  1859   80.6  1898   87.8  1936  101.1  1924  106.8  1948  107.1  1984  129.0  2021  123.2  1969  120.0  1994   285.5  1984   214.6  1924   261.5  2019   302.0  1981   936.6  1876
  108.2  1913   90.7  2001   87.5  2001   74.6  1922   79.9  1993   87.4  1985  100.5  2008  106.0  2008  102.6  1958  128.6  1892  121.5  1861  117.9  2013   281.9  1925   213.6  1878   259.6  1985   299.3  2002   935.5  1999
  107.8  1956   90.0  1879   86.2  1888   74.0  1848   79.8  1903   87.4  1935   97.5  1957  104.5  1900  102.1  1852  128.2  1928  119.6  2019  117.2  1896   281.5  1928   212.9  1963   257.0  1877   295.9  1930   933.9  1930
  105.5  1961   89.7  1935   85.3  1937   73.6  1907   79.6  2015   85.4  1948   97.0  1968  104.2  1962  101.4  1930  127.9  2019  119.5  2012  116.6  1891   281.3  2001   206.9  1908   256.4  1997   294.8  1946   933.3  2007
  105.1  1875   89.4  1941   83.8  1998   73.6  1937   79.5  1931   83.9  1907   96.6  1867  103.9  1985  101.3  1960  127.1  1909  118.0  1996  114.5  1985   279.2  1919   205.7  1964   255.4  1853   292.9  1927   927.5  1916
  104.8  1886   87.3  1933   83.5  1861   73.3  1899   79.2  1889   83.5  1999   96.3  1877  103.0  1971   99.1  1994  126.7  1848  117.5  2015  114.2  1852   271.4  1961   204.1  1994   253.5  1960   292.8  1992   919.8  1974
  104.0  1998   86.4  1957   82.9  1941   72.7  1963   77.1  1865   83.2  1909   95.5  1965  102.1  1897   98.5  1975  122.9  2002  116.8  1974  113.6  1900   270.0  2013   203.0  1872   252.1  1966   292.6  1982   919.5  1839
  103.5  1978   85.1  2000   82.6  1908   72.5  1856   76.8  1951   82.1  1853   94.6  1903  100.9  1966   98.3  1924  121.9  1916  116.8  1840  110.7  1869   269.7  1848   202.9  1916   249.3  1845   289.4  1968   918.8  1965
  103.0  1851   84.4  1869   81.8  1987   72.5  1959   76.3  1958   82.1  2017   94.3  1956  100.6  1910   97.9  1944  121.3  1923  115.0  1931  109.7  1847   268.7  2000   201.5  1972   247.7  1880   288.3  1918   915.3  1875
  103.0  1899   84.3  1876   80.9  2006   72.4  1849   75.9  1891   81.8  1954   93.8  1950  100.3  1930   97.2  1859  120.7  1980  114.2  1930  109.5  2006   267.4  1948   200.4  1882   247.5  1950   288.1  1891   913.9  1994
  102.7  1900   84.0  1885   78.9  1989   72.0  1889   75.3  1945   80.6  1883   93.3  1850   99.8  1999   96.4  1863  119.5  2001  114.0  1839  107.1  1924   267.0  1936   200.1  1869   246.5  1924   287.8  1950   913.7  1939
  102.4  1866   82.6  1837   78.6  1994   71.9  1947   74.1  1943   80.3  1875   92.1  1894   99.5  1960   96.1  2008  118.9  1935  112.8  1982  106.1  1882   266.3  1974   197.9  2014   246.2  1936   285.6  1949   912.6  1886
  100.9  1860   82.2  1967   78.3  2016   69.6  1992   73.9  1973   80.2  1977   91.7  1932   97.6  1963   95.7  1874  117.3  1924  112.0  1882  105.8  1922   264.4  1943   196.6  1907   245.2  2017   283.9  1924   912.2  1928
  100.3  1863   81.8  1980   78.2  1842   69.1  1908   73.7  1937   79.9  1968   91.2  1886   97.2  2010   92.6  1962  117.1  1886  111.8  1895  105.5  2019   264.2  1920   195.8  1846   244.7  1909   283.6  1987   911.8  1981
  100.2  1970   80.4  1922   77.6  1927   68.8  1999   73.3  1954   78.6  1966   90.8  2017   96.9  1957   92.2  1849  116.3  1938  108.2  1910  103.8  2011   263.8  1978   195.1  1897   244.6  1841   282.5  1939   909.5  1950
   99.7  1962   79.7  1894   76.6  1992   68.7  1934   73.1  1849   78.1  1871   90.5  1893   96.4  1905   91.3  2017  115.9  1917  107.2  1959  103.5  1918   262.5  1872   194.3  1966   244.4  1922   282.3  1866   908.9  1967
   98.8  1926   79.1  1880   75.8  1978   68.1  2005   72.2  1854   77.5  1946   90.0  1912   96.3  1868   90.0  1848  115.5  1862  107.1  1938  102.2  1983   262.2  1873   193.9  1860   243.6  1939   280.2  1938   906.1  1880
   98.2  1993   77.9  1897   75.1  1975   67.9  1872   72.1  1906   77.0  1963   89.9  1851   95.0  1892   90.0  1856  115.5  1966  107.0  1838  101.6  1938   257.5  1958   193.8  1993   243.0  1987   280.1  1876   905.7  1979
   97.6  1971   77.9  2011   74.3  1872   67.6  1858   71.3  2013   76.9  1900   89.5  1909   94.5  1952   89.6  1872  113.8  1939  105.8  1986  101.3  1880   256.2  1926   192.0  2016   243.0  2009   278.5  1932   905.5  1986
   97.3  1912   77.7  1989   74.2  1864   67.2  1953   70.9  1885   76.9  1892   89.4  1927   94.1  1841   89.5  1903  112.6  1889  104.8  1916  101.3  1960   254.8  1970   191.4  1848   242.8  1890   278.3  1896   903.8  1993
   97.3  1873   76.4  1872   73.5  1844   67.1  1924   70.3  1840   75.4  1866   89.0  1953   93.7  1866   88.9  1967  111.2  1982  104.4  2014  100.5  1912   253.2  2008   191.4  1909   242.7  1910   276.7  1874   903.6  1935
   97.1  1922   75.5  1914   73.1  1860   66.9  1925   70.0  1879   75.3  1880   88.2  1884   93.7  1856   88.7  1925  110.1  1929  102.7  1878  100.3  1907   252.3  2004   191.0  1999   241.8  1957   275.9  2006   903.3  1968
   97.0  1867   75.5  1970   72.7  1920   66.7  1951   69.6  1968   75.3  1905   88.0  1958   93.7  1857   88.5  2012  109.8  1981  102.6  1911   99.9  1897   251.1  1988   190.8  1992   241.5  1968   275.8  1923   901.2  1891
   96.7  1920   75.3  1946   71.9  1867   66.3  1930   69.2  1877   74.6  1955   86.0  1914   93.5  1977   88.4  1983  107.3  1954  102.5  1997   98.9  2018   249.6  1897   190.1  1919   241.5  1866   274.2  1863   899.7  1910
   96.1  1938   75.3  2021   71.8  1940   66.3  1836   68.0  1902   74.2  1926   86.0  1883   93.4  1922   87.8  1992  107.1  2012  102.5  1894   98.8  1966   249.3  1899   188.9  1925   238.4  1894   274.0  1916   894.2  1923
   95.7  2007   74.6  1861   71.6  1881   66.1  1879   68.0  1972   74.1  1964   84.9  1973   92.4  1843   87.1  1899  106.9  1852  102.4  1928   98.4  1997   248.9  1866   188.3  1985   238.2  1878   273.6  1926   890.4  2004
   95.6  1915   74.4  1978   71.5  1972   66.0  1950   67.8  1946   74.0  1945   84.8  1846   92.3  2015   86.5  1998  106.2  2006  101.9  1914   98.1  2017   247.8  1853   187.9  1987   238.0  1930   272.4  2008   886.1  1915
   95.0  1869   74.2  1996   71.3  1986   65.8  1994   67.8  1997   73.1  1911   84.7  2002   91.6  1846   85.8  1932  106.0  2005  101.6  1841   97.2  1948   247.5  1957   186.6  1836   237.7  1971   269.1  1970   885.3  1980
   94.9  1921   73.6  2010   70.7  1928   65.3  1857   67.1  1920   73.0  1862   83.8  1841   91.3  1958   84.8  1936  105.6  1853  101.0  1965   96.6  1972   247.5  1922   185.7  1876   236.2  1988   269.1  1951   885.1  1836
   94.8  1972   72.7  1994   70.1  1889   64.3  2008   66.2  1867   72.9  1903   83.1  1890   90.6  1889   84.1  1897  104.2  1898  100.6  1949   95.7  1956   247.0  1951   185.4  1942   235.3  1855   268.9  1848   881.2  1931
   93.9  1884   72.5  2016   70.0  1969   63.8  1926   66.2  1904   71.6  1897   81.5  1992   89.5  2012   84.0  1954  104.1  1894  100.2  2016   95.2  1955   244.9  1999   184.6  1968   233.0  1948   268.6  2009   878.1  1982
   92.0  1890   72.4  1954   69.9  2017   63.1  1975   66.0  2003   70.4  1855   81.2  1954   89.4  1890   83.9  1875  103.9  1896   98.9  1883   95.1  1958   243.5  1904   184.2  1931   232.2  1992   267.0  1892   876.5  2021
   91.5  2015   71.9  1960   69.5  1933   63.1  1985   66.0  1938   70.3  1890   80.5  2021   88.8  1974   83.3  1836  103.7  1961   98.8  1905   93.8  1845   242.6  1986   183.2  1988   232.1  1892   266.5  1877   875.9  1937
   91.4  1977   71.0  1931   69.0  1952   63.0  1962   65.8  1841   70.1  1972   79.9  1891   87.9  2006   83.3  1952  103.6  1863   98.7  1906   93.1  2009   241.6  2002   182.0  1975   231.7  1843   266.4  1993   874.6  2009
   90.4  2018   70.6  1927   68.9  1877   62.9  1973   65.4  1899   69.9  2011   79.9  1840   86.7  1916   82.2  1887  103.3  1944   98.1  1890   92.5  1982   241.0  1913   181.5  1952   229.8  1865   266.4  1963   873.8  1992
   90.4  1942   70.4  1844   68.8  1954   62.9  1905   65.4  1966   68.9  1843   79.5  1978   86.5  1997   81.8  1857  102.8  2014   96.0  2006   91.2  1961   238.0  2003   181.1  1965   229.7  1965   265.7  1952   873.1  1900
   90.2  1840   70.0  1926   68.7  1886   62.4  2016   64.3  1948   68.7  1845   79.2  2015   86.4  1923   81.5  1956  102.1  1847   96.0  1876   91.1  1881   237.3  1894   179.4  1930   229.5  1982   264.1  1994   871.2  1878
   90.1  1846   68.9  1936   68.2  1977   62.3  1964   64.2  1985   68.7  1861   79.1  1836   85.8  1924   81.2  1868  101.1  1874   95.5  1881   90.5  2003   237.1  2018   178.9  1989   227.4  1953   262.8  1859   870.0  1883
   90.0  1895   68.6  1972   67.4  1999   62.3  1979   63.8  1916   68.5  1836   78.7  1910   85.7  1979   81.0  1879   99.6  2022   93.4  2003   90.1  2021   237.0  1967   178.1  2002   226.4  1963   262.6  1906   869.9  1914
   89.8  1959   68.2  1945   67.0  1873   62.2  1878   63.0  1926   68.4  1878   78.5  1938   85.5  1921   80.7  1842   98.2  1945   93.4  1972   89.9  1990   235.8  1946   177.9  1941   226.2  1895   262.0  1886   869.7  1936
   89.3  1883   67.0  1919   66.7  1991   62.1  1923   62.9  1910   67.8  1894   78.4  1849   84.8  1928   80.2  1840   96.6  1952   93.1  1936   89.7  1937   235.4  1941   177.2  1914   226.0  1900   261.3  1980   869.2  1894
   89.3  1965   66.8  1928   66.7  1839   62.0  1862   62.0  2008   67.0  1990   78.0  1865   84.6  1873   78.8  1892   96.2  1836   91.5  2010   89.4  1942   235.3  1950   176.2  1856   225.5  1838   259.8  1928   868.2  1881
   89.0  1868   66.6  1906   66.6  1965   61.9  1972   61.5  1923   66.9  1956   77.0  1993   84.6  1908   78.7  2001   96.0  1895   91.2  1927   88.8  1951   234.0  2010   175.4  2021   225.4  1928   258.9  1842   867.0  2015
   88.2  1983   65.0  1865   66.0  1934   61.8  1853   61.5  1913   66.8  1841   75.8  1908   84.6  1980   78.5  2010   95.7  1940   91.0  1977   88.4  1849   233.0  1867   174.0  2007   223.7  1846   258.8  1965   866.0  1879
   87.2  1853   64.6  1843   65.8  1895   61.7  1968   60.7  1872   66.6  2003   74.2  1848   83.7  2019   77.8  1861   94.6  2008   89.7  2018   87.4  1925   232.0  1991   173.9  1905   222.2  1871   256.6  1869   862.5  2001
   86.0  1904   64.6  1940   65.7  1868   61.6  1910   60.5  1962   65.9  1896   73.6  1889   83.6  1902   77.2  1943   94.2  1913   86.1  1991   87.3  1923   231.9  1837   173.3  1851   221.4  1920   256.3  1878   858.2  1918
   85.7  1969   64.5  1961   65.6  2013   61.0  1901   60.5  1858   65.9  1902   73.3  1845   83.5  1859   75.2  2022   93.5  1925   85.8  1952   87.0  1884   230.7  1885   172.6  1934   219.6  1915   256.3  2020   857.7  1948
   83.1  1951   64.4  1877   63.5  1901   60.7  1987   60.0  1984   65.6  1881   73.1  1987   83.1  1837   74.3  1923   92.9  1990   85.3  1844   87.0  1860   228.4  1881   172.1  1898   218.8  1974   256.2  2013   848.0  1925
   82.9  1991   63.2  1969   63.4  1859   60.6  1991   60.0  1894   64.9  1965   73.0  1946   81.6  1895   74.0  1864   91.4  1900   85.2  1885   86.6  1935   227.9  1956   172.1  1849   217.5  1998   255.9  2001   846.8  1977
   82.3  2009   62.7  1899   62.4  1995   59.7  1949   59.9  1845   64.5  1851   72.6  1966   80.2  1942   73.7  2006   90.7  1857   84.8  1843   86.3  1964   227.9  1840   171.7  1885   217.1  1861   253.5  1865   846.7  1987
   81.7  1958   61.8  2017   62.0  1959   59.5  1939   59.7  1915   63.4  1910   72.5  1873   79.9  1863   73.3  1953   89.9  1933   83.8  1971   86.2  2007   224.2  1962   171.4  1899   217.1  1851   250.6  1838   846.4  1909
   81.4  1903   59.2  1991   61.9  1971   58.8  1919   59.7  1994   62.7  1947   72.4  1842   79.2  1938   73.3  1922   89.8  1993   83.5  1865   86.1  1945   224.1  1875   170.9  1955   215.0  1857   249.5  1894   845.1  2006
   81.4  2002   58.5  1988   61.2  1922   58.8  1897   59.4  1952   62.6  1888   72.3  1866   78.9  1982   73.3  1951   89.5  1849   82.8  1886   86.1  1981   222.8  1969   170.8  1923   211.9  1941   247.1  1925   844.1  1920
   81.3  2003   58.2  1884   61.1  1985   58.2  1981   58.7  1949   62.2  1917   70.5  2019   78.8  2001   71.6  1862   89.1  1912   82.7  1880   85.9  1977   222.7  1931   170.7  1847   211.6  1873   244.4  1870   842.2  1988
   80.8  1865   58.1  1979   60.8  1984   58.0  1868   58.6  1976   61.9  1857   70.5  1858   78.5  1894   71.5  1860   88.9  1878   82.1  1913   85.8  1841   222.0  1998   169.5  1859   208.9  1938   243.7  2005   842.1  1922
   80.5  1924   57.5  1836   60.0  1957   57.6  1965   58.2  1838   61.4  1953   70.4  1843   78.4  1874   71.1  1973   88.9  1942   82.1  1864   85.8  1916   220.6  1870   169.1  2004   208.6  1883   243.0  2010   840.2  1869
   80.5  1918   57.2  1955   60.0  1983   57.4  1909   57.2  1890   61.2  1974   69.6  1923   78.2  2011   71.0  1882   88.3  1994   81.9  1900   85.6  1946   218.9  1860   168.8  1912   207.8  1863   241.7  1861   837.1  1919
   80.1  1910   57.2  1867   60.0  1917   56.4  1885   57.2  2017   61.0  1847   68.7  1941   78.2  1943   70.5  1961   87.7  1986   81.7  2008   85.1  1976   218.5  2015   168.4  2013   207.5  2011   240.4  1840   834.1  1984
   79.9  1837   56.6  1871   59.9  1884   55.6  1918   57.2  1892   60.9  1944   68.7  1974   78.1  1925   69.6  1845   87.1  1859   81.2  1891   84.4  1848   218.4  2022   167.7  1879   207.0  1999   239.9  1911   833.3  1843
   79.1  2013   56.2  1912   58.8  2010   55.5  1927   56.9  1965   60.3  1973   68.7  1942   77.0  1953   68.6  1982   86.5  1984   80.5  1850   83.6  1898   218.1  1846   167.5  1888   206.8  2015   239.8  1849   833.0  1970
   78.6  1941   56.0  1911   57.8  1930   54.9  1898   56.4  1850   60.0  1916   68.5  1881   76.4  1872   68.0  1931   86.3  1974   80.2  1923   83.5  1839   217.6  1983   167.3  1891   206.5  1907   239.3  1881   826.5  1862
   78.6  2011   56.0  1918   57.7  1866   54.0  1880   56.2  1941   59.9  1939   68.2  1985   76.4  1898   66.9  1909   85.8  1883   79.8  1874   83.3  1930   216.6  1911   167.2  1841   205.3  2014   238.1  1843   825.2  2017
   78.5  1927   55.6  1882   57.4  1942   53.8  1886   55.6  1953   59.6  1924   68.1  1944   76.3  1904   66.8  1948   85.6  1968   79.7  1980   83.0  1954   215.5  1955   166.2  1922   204.9  2002   237.8  1999   824.3  1932
   78.1  1857   55.5  1838   57.3  1857   53.7  1940   55.3  1930   59.3  1993   68.0  2001   76.2  1839   66.6  1858   84.6  1844   79.0  1979   82.4  1998   215.1  1938   165.8  1927   204.8  1862   237.8  1966   822.9  2016
   76.8  1849   54.2  1840   56.2  1970   53.3  1969   55.2  1917   59.2  2008   67.9  1837   75.8  1996   66.5  1881   84.3  1868   78.8  1898   82.3  1920   214.6  1852   165.8  2019   203.7  1897   236.2  1936   822.5  1868
   75.8  1894   54.0  1868   56.2  2007   53.1  1952   55.2  1842   59.0  1978   67.8  2003   75.4  1988   66.0  1963   84.3  1989   78.4  1859   81.9  1893   213.5  1892   165.2  1917   203.3  1905   235.2  1846   822.1  1846
   75.3  1955   53.9  1850   55.6  1841   53.1  2014   55.2  1908   58.9  1859   67.7  1904   75.1  1961   65.5  1908   84.2  1910   78.0  1866   81.4  1856   211.9  1906   164.4  1857   203.0  1973   234.7  1899   821.8  1865
   75.2  1932   53.8  1852   55.2  1911   52.5  1944   54.8  1964   57.7  1854   67.6  1970   74.9  1919   64.7  1877   83.8  1988   77.6  1887   80.1  1874   210.4  1996   163.7  1977   202.5  1902   234.6  1871   821.7  1969
   75.2  1856   53.5  1870   54.9  1846   51.4  1894   54.8  1999   57.3  1906   67.3  1925   74.7  1970   64.7  1838   82.7  1911   77.1  1976   80.0  1936   210.4  1879   163.6  1978   202.3  1859   234.0  1913   817.4  1978
   75.0  1979   53.1  1903   54.5  1890   51.3  1903   54.7  1912   56.0  2004   66.7  2004   73.1  1876   64.7  1878   80.4  1873   76.8  1994   80.0  1859   208.8  1887   163.2  1962   202.1  1986   233.4  1957   814.6  1859
   74.9  1854   53.0  1839   54.4  1936   50.8  1895   54.3  2009   55.8  1876   66.4  1969   72.6  1934   62.8  2005   80.4  1867   76.5  1998   79.4  1995   206.4  1975   162.9  1940   200.8  1978   231.8  1895   814.6  1944
   74.4  1946   52.7  1874   54.0  1932   50.0  1917   54.0  2012   55.8  1885   66.2  2020   72.5  1967   62.5  2016   80.3  1930   76.1  1941   79.2  1969   204.8  1945   161.4  2005   200.6  1944   230.5  2004   813.1  1926
   74.2  2020   52.6  1889   53.9  1939   49.4  1888   53.2  1988   55.1  1920   64.8  1961   72.4  2017   62.2  1886   80.2  1992   75.3  1860   78.9  1866   204.7  1868   160.7  1858   200.2  1926   230.5  1907   813.0  2013
   73.2  1952   52.6  2009   53.4  1968   49.3  1971   53.1  1852   54.9  2009   64.6  1862   72.2  1844   62.0  1970   80.0  1893   74.9  2005   78.4  1870   204.1  1947   158.6  1902   200.1  1837   230.1  1995   811.8  1957
   72.8  1944   52.5  2015   52.4  1855   48.4  1948   52.5  1873   54.6  1943   64.6  1926   72.0  1909   61.7  1934   79.6  1858   74.5  1966   77.9  1837   203.9  1987   158.4  1959   199.7  1945   229.0  1847   809.4  1940
   72.2  1945   52.5  2006   52.0  1967   47.1  1977   52.3  1918   54.5  2002   64.3  1844   71.5  1944   61.6  1873   79.0  1926   74.4  1899   77.4  1952   203.7  1849   158.3  1970   199.5  2016   228.9  1961   809.2  1985
   70.6  1980   52.1  1892   51.1  1891   46.7  1847   51.9  1933   54.4  1873   64.2  1838   70.9  1915   61.3  1853   78.9  1838   74.2  1863   76.6  1895   203.7  1865   158.0  1973   198.5  1951   228.8  2015   809.1  1897
   70.5  1947   51.7  1856   50.9  1882   46.5  2002   51.6  1875   54.0  1914   64.2  1991   70.6  1888   60.9  1980   78.1  1839   74.1  1869   74.9  1928   203.3  1882   157.6  1868   197.1  1977   228.7  2021   809.0  1907
   70.2  1925   51.6  1987   50.7  2020   46.4  1851   51.3  2016   53.6  2005   64.1  1947   70.0  1853   60.7  1942   77.4  1881   73.7  1995   74.8  1949   199.0  1903   157.2  1864   196.8  1916   227.1  1844   807.4  1906
   70.2  1934   51.5  1984   50.6  1921   46.3  1866   51.3  1929   53.4  1933   64.1  1980   69.7  1882   60.3  1867   77.0  1851   73.2  1845   74.6  1927   198.6  1972   157.0  1971   196.6  1850   225.6  1958   805.2  1885
   70.1  1968   49.7  1859   50.4  2021   46.1  1837   51.2  1855   53.3  1989   63.9  1854   69.3  1965   59.9  1884   76.8  1877   72.1  1987   74.6  2014   197.6  2012   156.7  1901   196.3  1836   222.3  1887   805.1  1938
   69.9  2001   48.9  2004   49.1  1906   46.0  1845   51.1  1950   53.2  1856   63.4  1852   68.9  1939   59.9  2021   76.4  1959   71.0  1907   73.9  1968   197.6  1901   156.6  1894   196.2  1856   222.3  2014   803.9  1961
   68.8  1985   48.8  1981   49.1  2014   45.8  1978   50.7  2022   53.0  1969   63.0  2005   68.3  1858   59.4  2018   75.2  1943   70.4  1985   72.9  1858   197.4  1902   156.4  1904   195.8  1914   222.2  1909   800.5  1983
   68.4  1931   48.7  1939   49.0  1869   45.8  1936   50.5  1947   51.1  1938   61.0  1917   67.7  1969   59.2  1891   75.0  1958   70.1  2007   72.8  1957   196.5  1884   155.8  1933   195.7  1908   221.7  1868   798.3  1845
   67.9  1874   48.7  2018   48.7  1955   45.8  1841   48.9  1882   50.8  1898   61.0  2010   67.6  1987   58.5  1991   74.9  1837   69.6  1847   72.8  1992   194.7  1908   155.3  1954   195.1  1867   221.3  1996   796.1  1929
   67.2  2010   48.2  1908   48.5  1870   44.3  1946   48.8  1864   50.3  1842   60.8  1901   67.5  1994   58.5  1987   74.5  1999   68.5  1967   70.6  1947   194.6  1982   155.2  1871   194.6  2010   221.0  1864   795.6  1867
   67.1  1841   48.0  1947   48.5  1904   44.3  1874   48.4  1977   49.7  1840   60.8  1975   67.3  1929   58.4  1945   74.0  1983   68.3  1924   70.0  1921   194.1  1959   155.1  1949   190.7  1840   220.8  1857   795.5  1952
   66.9  1982   47.7  2019   48.4  2015   44.1  1996   48.3  1887   49.7  2021   60.7  1929   67.2  1862   58.1  1920   73.8  1941   68.1  1947   69.8  1854   193.2  2009   155.0  1982   189.4  1918   220.8  1853   795.2  2018
   66.6  1862   47.3  1898   48.3  2005   43.9  1869   48.3  2011   49.6  1952   60.7  1919   66.4  2018   58.0  1937   73.6  1996   67.9  1919   69.6  1980   192.6  1850   153.8  2015   189.2  1889   220.0  1860   791.7  1963
   65.5  1957   46.9  1864   48.2  2004   43.9  1967   48.2  1996   49.2  1891   60.5  1937   66.0  1838   57.7  1913   73.3  1937   67.7  1837   69.6  1984   191.7  1965   153.2  1950   187.8  2001   219.9  1862   785.3  1917
   65.1  1836   46.4  1853   47.2  1923   43.5  1902   47.6  1963   49.1  1837   60.3  1945   65.8  2002   57.3  1847   73.2  1860   67.6  1912   69.4  1974   191.6  2011   152.2  1845   187.0  1969   218.9  1986   783.8  1956
   64.5  1843   45.8  2005   47.1  1902   43.4  1838   45.9  1971   48.1  1864   60.3  2000   65.5  1945   57.2  1844   73.2  1899   67.5  2017   69.4  1836   191.5  1924   151.3  1890   186.8  1993   218.0  1917   783.1  1997
   63.9  2012   45.2  1953   46.7  2002   43.0  1911   45.4  1987   47.4  1957   60.2  1892   65.1  1907   56.7  1938   73.2  1934   66.6  2013   69.1  1894   191.3  1863   150.6  1850   182.7  1943   214.0  2018   783.0  1849
   63.5  1887   45.2  1841   46.3  1838   42.8  1884   45.3  1883   47.3  1846   59.9  1859   64.7  1968   56.7  1837   73.1  2010   66.3  1915   67.3  1940   190.4  1857   150.3  1910   181.9  1970   213.9  1931   781.3  1853
   62.8  2017   44.1  1999   46.2  1845   42.5  2006   45.1  2005   46.9  1960   59.6  1959   64.3  2016   54.8  1988   71.6  1871   66.1  1854   67.1  1906   190.2  1861   149.0  1926   181.2  1991   212.9  1943   781.1  1888
   62.1  1940   43.8  1842   46.1  1960   42.4  1883   45.0  2018   46.7  1901   59.4  2011   62.7  1851   54.7  1850   70.4  1854   66.1  1975   66.9  1877   190.0  1851   148.6  1958   180.6  1893   212.7  2017   779.5  1972
   61.2  1879   43.8  1968   45.3  1894   41.6  1904   44.9  1921   46.3  2014   59.4  1857   62.5  1850   54.6  1911   69.5  1902   66.1  1993   66.8  1967   189.7  1933   148.0  1842   178.6  2021   211.0  1845   776.8  1871
   61.0  1878   43.4  1873   44.5  1958   41.3  1916   44.6  1992   45.0  2022   57.5  1907   62.3  1978   54.4  1933   68.5  1979   65.0  1962   66.3  1899   189.2  1893   147.8  1906   178.3  1858   209.9  1888   775.1  1856
   60.5  1845   43.0  1878   44.3  1885   40.3  1891   44.1  1900   44.8  1950   57.3  1860   61.4  2000   54.3  2011   68.4  1948   65.0  1902   66.2  1962   188.3  1842   147.8  1838   178.3  1844   209.4  1905   771.5  1913
   59.7  1885   42.8  1948   43.0  1887   40.3  2003   44.0  1881   44.4  1981   56.5  1962   61.4  1926   53.9  1905   68.2  1845   64.9  1925   66.2  1904   186.1  1921   147.4  1946   176.6  1854   209.2  1983   770.4  1863
   59.4  1933   42.4  1849   42.6  1974   40.2  1960   43.7  1975   42.8  1984   56.4  1967   61.1  1840   53.2  2004   67.7  2009   64.9  1893   65.8  1862   185.4  1871   146.1  1948   176.5  1842   209.1  1991   770.1  1941
   58.7  1891   42.4  1907   42.6  1880   39.7  2009   43.7  1995   42.4  2000   56.0  1933   59.5  2009   53.1  1893   67.7  1955   64.2  1968   64.5  1902   184.9  1993   145.2  1928   176.3  1961   207.9  1910   769.2  1895
   58.6  1842   42.3  1855   42.1  1976   39.6  1890   42.7  2004   41.8  1844   55.1  1998   59.0  1867   52.9  2013   66.8  1927   64.2  1873   64.4  1944   184.3  2019   145.2  1939   176.3  1962   206.3  1898   761.5  1911
   58.5  2005   42.0  2013   41.9  2022   39.1  1900   42.5  1982   41.7  1877   55.1  2013   58.8  2013   52.1  1978   66.7  1971   64.2  2020   64.3  1908   184.2  1952   144.7  2017   175.4  1952   206.2  1873   758.5  1934
   58.5  1844   41.9  1847   41.0  2009   38.7  1941   42.4  1957   41.3  1959   53.0  1902   58.7  1875   51.8  1889   66.6  1957   63.4  1981   62.5  1888   181.0  1898   144.5  1953   174.6  1923   205.8  1912   756.8  1838
   56.9  1996   41.6  1982   40.2  1865   38.5  1945   42.3  2019   41.3  1929   52.8  1949   58.4  1896   50.9  2015   65.8  1953   61.5  1953   61.7  1867   180.7  1968   144.3  1945   174.6  2005   205.2  1914   756.0  1899
   56.6  1882   41.0  1992   39.9  1907   38.3  1988   42.3  1914   41.0  2001   52.8  1981   58.0  2005   50.1  1917   64.9  1864   60.5  1943   61.6  2005   179.7  1940   144.0  1881   173.5  1904   203.9  1855   755.6  1892
   56.4  1870   40.7  1943   39.7  1962   37.5  1942   42.1  1846   40.8  1850   52.2  1972   57.8  1973   49.4  1926   64.8  2018   60.0  1918   61.3  1973   177.2  1971   143.7  1935   172.2  1896   201.4  1900   755.2  1990
   56.3  1917   40.2  1920   38.9  1847   37.4  1956   41.9  1978   40.8  1884   52.0  1928   57.1  1918   49.0  1912   64.4  1991   59.8  1901   61.2  1903   176.1  1918   142.8  1866   170.2  1876   200.6  1953   753.8  1861
   56.0  1967   38.9  1875   38.4  1874   37.0  1928   41.7  1857   40.8  1934   51.9  1963   57.0  1901   47.9  1919   64.3  1915   59.6  1892   60.6  1950   175.0  1973   141.5  1873   170.0  1884   200.3  1889   752.6  1942
   55.0  1976   38.5  1901   37.9  1996   36.8  1990   41.6  1893   40.7  1937   51.6  2014   56.9  1906   47.8  2020   64.1  1856   59.5  1903   59.4  1887   174.0  1843   141.1  1991   169.5  1932   199.3  1837   751.8  1995
   54.5  1897   38.4  1944   37.7  1871   36.5  1863   40.9  1853   40.2  1986   50.1  1916   56.8  1935   47.8  1966   63.3  1901   59.1  1870   59.1  1878   173.8  1949   140.4  1918   169.2  1929   199.0  2016   750.0  1896
   54.4  1981   38.1  1949   37.1  1853   36.1  1860   40.8  1960   39.7  1970   49.9  1943   56.0  1855   47.5  1940   62.8  2011   58.6  1990   58.9  2004   173.0  1859   140.3  1865   168.6  1964   198.8  1990   749.5  1943
   54.2  1954   38.0  1860   36.8  1949   35.3  2019   39.8  2001   39.6  1858   49.7  1986   55.8  1914   47.3  1916   62.6  1887   58.6  1921   58.3  2008   172.8  1981   139.8  1861   168.1  1967   197.9  1893   749.3  1889
   53.5  1923   37.8  2008   36.6  1898   34.9  1887   39.7  1863   39.5  1867   49.3  1856   55.7  1893   47.2  1904   62.4  1997   58.2  1849   57.9  1871   171.5  1876   139.8  1853   167.7  1942   195.8  1975   748.2  1874
   53.1  1839   37.6  1976   36.0  1950   34.5  1933   39.5  1909   39.2  1967   47.9  1896   54.9  1854   47.2  1990   62.2  1918   57.7  1957   57.9  1864   170.8  1878   139.0  2003   167.5  1886   195.7  1850   746.4  1837
   51.5  1966   36.9  1983   35.8  1878   34.4  1943   38.8  1866   38.7  1899   47.2  1951   54.9  1984   47.1  1955   61.4  1919   57.7  2001   54.8  1850   170.8  1927   137.4  1961   166.8  1935   194.4  1856   745.7  2005
   50.6  1847   36.7  1973   35.4  1946   34.3  1864   38.0  1934   38.5  1865   47.0  1997   53.8  1842   46.0  1846   60.8  1914   57.2  1897   54.6  1863   170.2  1890   136.5  1980   166.8  1919   194.1  1997   744.3  1945
   50.5  1893   36.7  1902   35.2  1883   34.1  1839   37.4  1940   37.6  1988   46.7  1899   53.8  2007   46.0  1870   60.6  1876   56.1  1868   53.0  1939   170.1  1895   136.1  1884   164.5  1901   192.2  1962   741.0  1847
   50.4  1859   34.9  2003   34.0  2000   33.4  1875   37.4  1928   37.4  1922   46.4  1964   52.8  1989   45.3  1947   60.4  1850   56.0  1846   53.0  1889   168.9  1917   135.0  2009   164.1  2000   191.8  1942   737.1  1857
   50.4  1871   34.8  1888   33.4  1948   32.9  1892   36.8  1911   37.2  1979   44.6  1900   52.4  1849   45.2  1949   60.3  2015   55.8  1999   52.5  1865   168.3  1997   135.0  1911   163.5  1849   191.2  1959   736.7  1989
   50.3  1850   34.1  1846   32.9  1915   32.8  1915   36.5  1870   36.5  1961   42.8  1994   51.3  1885   44.0  2007   59.7  1869   55.4  1955   52.1  1987   167.9  1856   133.6  1895   155.9  1934   189.8  1934   732.2  1959
   50.0  1916   33.3  1962   32.7  1858   31.4  2013   36.3  1974   36.4  2010   42.5  1934   50.6  1870   43.9  1901   58.7  1977   55.0  1934   52.1  1861   165.7  1914   131.9  1943   155.7  1979   188.9  1933   732.1  1971
   46.4  2000   32.3  1913   32.7  2003   30.8  1921   36.0  1897   35.9  1895   41.4  1971   50.5  1993   43.0  1894   58.3  1920   54.7  1961   51.8  1838   163.4  1985   131.8  1880   155.3  1972   187.6  1858   731.7  1976
   46.2  1908   32.2  1851   32.7  1966   30.5  1914   35.2  1880   35.6  2013   41.3  1876   49.9  1911   42.5  1914   58.3  1936   53.8  1853   51.8  1996   163.3  2005   131.1  1984   154.0  1874   185.9  1977   730.8  1962
   45.4  1901   31.7  1971   32.6  1899   29.8  1929   35.1  1944   35.6  1992   41.2  2006   49.0  1975   42.3  1985   56.7  1905   53.1  1932   48.0  1970   162.9  1942   131.0  1995   153.1  2006   184.8  1890   730.8  1842
   44.9  1892   31.5  1845   32.5  1918   28.8  2020   34.9  1961   35.3  1908   41.2  1874   48.9  1887   39.8  1890   56.2  1963   52.8  1989   47.7  1913   162.1  1886   130.1  1996   151.2  1898   184.6  1948   727.7  1947
   44.2  1992   31.1  1854   32.1  1863   28.4  1881   34.2  1874   35.3  2015   40.8  1948   48.7  1949   39.3  1969   54.2  1964   52.7  1904   47.2  1943   160.1  2017   128.4  1896   150.7  2003   184.2  1979   726.4  2010
   43.8  1848   30.8  1857   31.9  1924   27.8  1958   34.0  1868   34.5  1893   40.2  1996   48.7  1836   39.2  1902   54.2  1866   52.2  1848   45.5  1991   158.9  1838   127.1  1960   149.8  1925   183.3  1988   725.9  1890
   43.6  1929   30.7  1905   31.6  1879   27.6  1955   33.4  1884   34.4  1874   39.8  2016   48.5  2021   38.9  1972   53.9  2017   52.1  1964   44.9  1842   158.4  1954   126.9  1936   149.5  2013   178.7  1969   722.6  1873
   43.3  1876   30.2  1963   30.5  1945   27.4  1896   33.1  1998   34.3  1913   36.4  1989   48.1  1964   38.8  1915   52.5  1956   52.0  1917   44.6  1941   158.3  1944   126.4  1921   145.1  1906   178.3  1937   719.0  1991
   42.5  1914   29.9  2012   29.9  1843   26.7  1906   32.8  1927   34.0  1930   36.0  2018   47.5  1886   37.5  1989   51.6  2003   50.7  1978   44.4  1883   157.9  1839   126.2  1887   142.6  1996   178.0  1897   717.1  1908
   41.8  1973   29.4  1938   29.4  1837   25.8  1861   32.2  1901   33.6  1869   35.8  1983   46.5  1847   36.7  1979   51.3  1970   49.3  1948   44.1  1975   157.6  1989   125.4  1915   142.5  1989   178.0  2003   715.8  1904
   40.8  1864   29.2  1964   29.1  1925   25.8  2015   32.1  1851   32.7  1849   34.4  1887   46.4  1932   36.1  1977   49.8  1973   48.7  2011   43.8  1875   151.7  1953   124.1  1839   142.4  1994   177.2  1919   712.7  2011
   40.7  1935   28.0  1942   28.2  1956   24.9  1995   31.9  1888   32.6  1983   34.3  1995   46.3  1998   35.2  1921   47.4  1995   48.3  1857   43.2  1846   148.1  1889   123.0  1883   141.7  1990   174.7  1989   712.1  1949
   39.3  1989   27.6  1975   28.2  1892   24.7  2022   31.7  1939   32.1  1994   33.6  1982   43.6  1920   34.5  2002   47.2  1908   48.1  1958   43.1  1932   146.7  1844   121.2  1855   141.0  1940   173.7  1945   709.7  1851
   38.6  1902   26.8  1917   27.7  1997   24.5  2010   31.1  1837   32.1  1941   33.5  1870   43.2  1990   34.0  1851   46.8  1890   47.0  1937   41.4  1892   144.0  2006   119.9  1976   139.4  1981   173.7  1902   701.9  1850
   38.5  1949   26.6  1909   27.3  1900   22.9  1865   30.8  1859   31.4  1932   32.8  1979   42.8  1861   33.9  1888   45.7  1921   46.9  1983   41.0  1855   143.4  1929   118.2  1892   139.1  1847   173.0  1971   695.4  1955
   38.5  1909   25.4  1858   26.7  1849   22.2  1997   30.4  1861   31.3  1951   32.1  1878   42.3  1981   32.9  2003   45.0  2007   46.5  2004   40.6  1988   143.2  1874   117.7  1997   138.8  1933   170.3  1955   694.4  1898
   37.7  2019   25.2  1890   26.4  2012   22.0  1873   30.4  1922   31.2  1919   31.7  1905   42.1  1883   32.1  1964   44.5  1884   44.9  1973   39.7  1931   142.3  1864   117.3  2022   138.8  1937   169.4  1915   694.4  1884
   37.4  1911   25.2  1863   25.8  1910   20.7  1982   30.0  1935   30.6  1870   31.7  1847   41.1  1884   31.8  1939   44.3  1842   44.7  1884   39.7  1917   142.3  1907   116.9  1874   138.3  1947   168.1  1854   694.2  1901
   35.5  1950   25.0  1985   24.7  1875   20.3  1870   29.5  2010   29.8  1915   31.6  1990   39.6  1869   31.6  1854   43.4  1840   44.7  1988   39.4  2001   140.0  1862   112.8  2010   136.4  1911   167.7  1941   688.3  1975
   33.8  1898   24.9  1956   23.9  1993   19.1  1976   29.4  1871   29.6  1904   31.4  1913   39.0  1871   30.0  2009   42.3  1861   44.6  1933   35.6  2016   137.7  1854   111.9  1957   134.6  1959   167.4  1867   688.0  1840
   32.9  1889   24.9  1929   23.3  1943   17.6  2017   27.5  1980   28.8  1886   31.4  1952   38.1  1913   29.8  1855   40.3  1985   43.2  1922   35.5  1851   136.7  1976   110.4  1900   130.2  1868   166.9  1901   678.6  1953
   32.8  1907   24.7  1930   23.1  1935   17.5  1855   26.6  1936   27.7  1918   30.9  1906   37.6  1937   29.8  1906   39.3  1888   43.2  1908   35.4  1885   135.7  1847   109.6  1875   129.5  1975   165.9  1973   676.8  1996
   32.0  1881   23.7  1924   22.1  1926   17.3  1852   24.5  1919   26.7  1996   30.0  1897   37.2  1880   29.7  1996   37.7  1950   42.2  1942   35.3  1879   130.8  1992   108.3  1863   128.7  1885   165.8  2011   675.2  1905
   31.8  1896   22.8  1887   21.7  1953   16.8  1980   23.9  1959   24.9  1889   29.4  1976   34.8  2022   29.3  1928   37.5  1904   41.4  1858   35.2  1971   130.4  1896   107.0  1854   126.7  1955   163.1  1956   674.6  1902
   31.7  2022   22.2  1952   21.6  1856   15.9  1844   23.4  1839   24.0  2006   28.1  1863   34.4  1864   29.2  1997   36.7  1897   40.4  1855   35.1  2010   130.0  1841   106.6  1837   123.1  1984   162.8  1972   674.2  2003
   31.2  1888   22.0  1896   21.2  1973   15.0  1840   23.1  1848   21.8  1995   26.3  1955   33.7  1959   28.2  1900   36.4  2016   40.4  1856   31.9  1953   129.4  1909   105.3  1870   120.5  1921   159.1  2007   673.8  1893
   30.7  1905   21.9  1886   20.4  1990   14.9  1854   23.1  1970   19.7  1940   25.4  1984   32.9  1972   25.3  1986   35.1  1946   39.8  2021   31.8  1853   129.1  1880    98.4  1944   120.0  1949   156.0  1920   666.7  1973
   29.9  2006   21.3  1862   19.9  1854   14.6  1842   22.8  1990   19.7  1975   24.7  1921   32.6  1899   24.0  1895   34.6  1879   39.6  1920   29.8  1890   129.0  1855    97.6  1844   118.0  1899   155.9  1908   660.5  1855
   29.0  1953   19.5  1998   19.3  2011   13.2  1974   22.6  1905   19.3  1887   24.0  1898   31.9  1936   23.4  1898   34.5  1962   37.6  1851   27.9  1857   127.6  1905    94.8  1840   117.0  2018   153.1  1985   653.6  1964
   28.6  1861   18.0  1986   19.2  1931   13.2  1954   21.9  1956   18.8  1942   23.8  1999   29.3  1933   22.8  1929   31.7  1922   36.0  1889   27.4  1963   125.5  1888    92.2  1974   114.8  1870   149.1  1884   652.9  1870
   28.4  1987   16.1  1965   17.0  1850   11.6  2011   20.3  1876   18.6  1923   23.4  1977   26.6  1983   22.5  1971   31.2  1975   34.6  1871   27.1  1905   124.8  1963    89.0  2020   105.0  1864   148.6  1851   652.2  1858
   28.4  1963   13.9  1993   16.1  1938   11.0  2021   19.3  1989   18.5  1949   23.1  2022   26.6  1976   19.7  1843   30.8  1931   34.5  1896   22.6  1873   123.9  1932    89.0  1938   103.8  1913   148.2  1922   651.2  1933
   27.3  1858   11.1  1934   15.5  1893   10.6  2007   17.0  1895   17.4  1976   22.6  1935   26.4  1991   18.6  1907   30.5  1972   32.8  1862   21.7  1926   110.2  1845    88.9  1929   102.9  2022   147.8  1879   650.2  1844
   25.5  1964   10.9  1895   14.4  1852   10.3  1984   13.8  1991   15.7  1868   22.5  1864   25.8  1955   17.7  1941   29.6  1951   32.2  1879   21.0  1933   102.3  1934    87.6  1956   102.5  1887   139.5  1921   628.8  1864
   25.5  1838    9.2  1959   13.9  1961    9.5  1957   13.6  1836   15.6  1962   21.6  1885   16.5  1940   15.5  1910   29.2  1965   29.1  1956   18.2  1844    91.7  1891    84.8  1852    95.1  1983   138.4  1964   627.5  1854
   16.8  1855    9.0  1932   10.8  1944    8.4  1893   11.4  1896   14.6  2018   20.2  1869   16.3  2003   15.0  2014   17.7  1947   28.2  1909   17.8  1843    82.0  1964    80.0  1990    93.4  1869   137.5  1904   596.8  1887
   14.7  1880    8.8  1921    9.4  1840    8.0  1912    9.6  2020   10.2  1921   18.1  1868   11.5  1947    9.5  1865   16.6  1978   26.8  1867   17.7  1840    80.6  1858    79.1  2011    73.4  1976   131.2  1947   560.1  1921
   14.2  1997    3.3  1891    7.8  1929    6.9  1938    8.3  1844    4.3  1925   13.4  1911    9.7  1995    7.7  1959   16.2  1969   17.1  1945    ---  2022     ---  1836    65.6  1893    65.8  1995   119.5  1978     ---  2022
