Areal values from HadUK-Grid 1km gridded climate data from land surface network
Source: Met Office National Climate Information Centre
Monthly, seasonal and annual total precipitation amount for England E and NE
Areal series, starting in 1836
Last updated 01-Dec-2022 10:42
    jan  year    feb  year    mar  year    apr  year    may  year    jun  year    jul  year    aug  year    sep  year    oct  year    nov  year    dec  year     win  year     spr  year     sum  year     aut  year     ann  year
  163.0  1948  141.6  2020  125.4  1981  141.2  2012  128.7  1967  181.3  2007  154.0  1940  171.5  1956  159.1  1976  194.4  1903  151.1  2000  178.1  1978   343.5  1877   279.6  1979   366.2  1912   386.6  2000  1141.0  1872
  137.1  2008  120.4  1900  120.8  1947  138.5  2000  122.2  1847  148.0  1997  140.0  1888  169.2  1917  139.8  1918  166.3  1960  149.4  1951  177.7  1876   335.0  2021   259.6  1983   344.8  1956   369.7  1872  1043.4  2012
  132.0  2021  119.2  1848  120.0  1979  122.0  1846  114.9  1932  141.6  2012  137.8  1930  166.3  2004  135.6  1965  163.5  1865  148.3  2009  156.9  1868   321.2  2016   257.1  1981   338.4  2007   356.4  2019   999.6  2000
  124.5  1939  112.9  1966  108.2  1909  121.6  1998  112.9  1924  136.6  1848  135.7  1880  145.6  1845  130.9  1871  149.8  1892  143.5  1875  148.2  1915   312.7  1915   252.8  1920   326.1  2012   350.2  1852   956.5  1848
  123.6  1960  110.1  1923  105.3  1916  102.8  1993  110.7  1979  130.4  1982  133.6  2009  142.7  1878  128.5  1944  141.9  1870  137.4  1946  147.3  2015   303.1  1960   246.3  1998   320.9  2004   343.8  1935   951.8  2008
  120.5  2016  108.1  1941  103.8  1848  100.3  1983  104.5  2014  127.7  1912  133.1  1988  142.6  1927  123.4  1883  140.5  1976  134.5  1878  143.8  1914   297.9  1869   244.9  1947   316.7  1927   338.2  1976   945.5  1877
  118.9  2014  105.6  2002   97.1  1862   99.1  1920  101.4  2021  126.2  1980  129.3  1895  141.0  1877  123.3  1880  138.5  1880  133.2  1852  129.2  1929   289.6  1900   243.7  2000   306.3  1839   337.6  1880   939.5  1882
  117.7  1928  104.4  1950   93.7  2018   97.4  1882  101.1  1886  116.0  2019  123.2  1922  139.7  1881  121.7  1968  138.3  1848  132.7  1984  128.0  2012   288.3  1979   241.3  1937   306.2  1879   337.4  1944   937.6  1960
  113.1  1984  101.5  1977   92.2  1980   95.1  1986  101.0  1869  115.8  2017  119.4  1915  138.5  1954  120.8  1927  137.1  1906  132.6  1965  123.7  1979   287.0  1995   240.8  1986   305.3  1931   335.9  1960   934.8  1903
  107.9  1895  100.8  1958   91.5  1897   94.8  1877   98.9  1983  110.9  1839  114.2  1872  135.1  1912  119.3  1852  136.7  1907  128.5  2019  118.3  2020   285.2  1916   237.3  1951   302.9  1845   335.2  1903   925.4  2019
  107.6  1995   99.5  1990   91.3  1999   87.8  2001   97.1  1951  110.7  1860  114.1  2007  134.9  1900  118.0  1935  131.9  1896  127.8  1944  117.0  1882   277.8  2014   234.2  1932   296.4  1848   331.7  1875   922.2  1852
  107.0  1956   96.3  2001   91.2  1836   86.6  1966   96.5  1843  107.8  1998  114.0  1839  131.6  1857  115.9  1866  131.4  1846  127.2  1969  114.6  1934   274.1  1980   232.2  1877   293.1  2008   313.8  1954   920.8  1912
  106.9  2004   95.7  1916   90.2  1964   85.7  1931   96.1  2006  106.6  1948  112.2  1879  126.0  1951  114.6  1872  131.1  1841  126.8  1963  113.2  1852   271.1  1939   230.4  1969   285.2  2019   299.7  1965   909.1  1954
  105.1  1877   93.2  1933   89.7  1888   84.4  2004   95.7  1907  105.5  1928  110.7  1875  122.0  1986  114.0  1993  129.6  1872  126.6  1950  112.9  1911   270.3  1977   229.8  1886   284.6  1872   295.8  1984   904.7  1876
  104.9  1936   91.7  1881   89.7  1913   84.1  1934   95.2  1878  102.9  1879  110.3  1920  117.5  1971  112.4  2000  128.8  1885  125.4  1872  112.9  1872   267.9  1883   224.8  2012   281.0  1980   293.1  2012   904.6  1927
  104.4  1945   89.9  1915   89.3  1951   82.9  1947   89.6  1856  100.7  1882  108.1  1960  116.4  1963  110.3  2019  126.3  2004  122.5  1836  111.8  1896   267.1  1853   223.3  1913   280.1  1930   288.6  1841   902.7  1930
  103.2  1988   89.2  1925   86.7  1908   82.8  1849   88.9  1899  100.7  1931  106.7  1931  115.4  1891  107.7  2008  126.1  1889  122.0  1954  111.5  1959   267.0  1990   222.4  1916   277.1  1881   278.4  1946   902.5  2002
  102.0  1943   89.1  1894   85.9  2006   82.1  1871   88.6  1986   99.4  1911  106.1  2008  115.1  1921  105.6  1981  123.1  2000  118.7  1888  110.8  1909   266.2  1848   221.0  2006   276.8  1860   275.7  1896   891.1  1860
   99.8  1863   88.8  1937   85.3  1876   80.6  1876   87.9  1954   96.2  1892  103.9  1883  113.7  1966  105.2  1876  123.1  2002  118.6  2010  110.5  1847   263.4  1994   218.1  1889   276.3  1997   274.7  1968   889.8  1880
   99.5  1978   88.5  2022   84.7  1992   80.2  1872   87.4  1969   95.6  1987  103.3  1912  112.1  1946  104.9  1946  121.0  1967  117.5  1861  108.9  1937   261.9  1984   217.0  1846   269.9  1877   273.4  1883   889.6  1900
   98.8  1961   87.0  1997   84.2  1987   77.9  2005   87.0  1865   94.7  1852  103.2  1886  111.2  2020  103.5  1896  119.2  1875  116.4  2015  108.9  2002   261.2  1948   214.4  1967   266.9  2020   273.4  1836   885.6  1881
   98.4  1994   85.3  1893   82.7  1919   77.7  1867   86.3  1937   92.6  1958  102.7  1973  111.0  2008  103.1  1984  118.7  1882  115.5  1935  108.2  1986   260.0  1910   212.5  1909   263.3  1882   271.3  1839   885.0  1998
   98.1  1921   84.7  2021   82.6  2019   77.1  2008   86.1  1906   90.7  1926  102.7  1968  110.2  1948  102.0  1856  118.1  1954  112.1  2012  108.1  1901   257.4  1966   208.4  1872   262.5  1958   271.0  1848   881.1  1886
   97.4  1999   84.3  1991   82.5  1937   75.5  1843   85.4  1925   90.2  1936  102.3  1936  107.4  1890  101.8  1869  117.9  1998  110.7  1970  106.8  1983   254.9  1935   207.8  1908   262.1  2017   270.0  1927   880.8  1965
   96.7  1977   82.9  1935   79.2  1941   75.2  1935   83.3  1976   89.8  2020   99.7  1884  107.0  2006   99.7  1950  117.5  2019  109.8  1905  106.4  1870   254.5  1930   205.2  1862   262.0  1946   269.7  1882   877.3  1916
   96.5  1886   82.3  2011   78.7  1903   75.2  2018   82.7  2015   86.3  1894   98.9  1958  105.0  1889   98.4  1995  117.0  1894  107.2  1940  106.2  1938   253.6  1941   204.6  1999   261.1  1895   269.6  1885   875.5  1951
   96.2  1998   82.1  2014   76.4  1872   75.0  1889   81.5  1993   85.5  1927   97.7  1866  104.0  1957   98.1  1930  116.9  1939  106.9  2002  105.4  1869   252.1  2020   204.6  1869   260.7  1966   267.5  2010   873.7  2004
   95.7  1884   81.2  1995   76.4  1877   74.8  1970   79.1  1920   85.1  1907   97.6  1924  103.7  1856   95.2  1881  116.1  1987  103.7  1929  105.0  1886   250.6  1991   201.8  1993   260.6  1866   267.4  1967   871.3  1966
   94.7  1972   78.1  1910   76.4  1839   73.3  1913   79.0  1840   85.1  1838   97.2  1855  103.7  1980   94.7  1957  115.2  1855  103.3  1901  104.2  1993   249.3  1923   201.5  2018   257.9  1888   266.8  1974   856.1  1931
   94.3  1860   76.4  1978   76.3  1886   72.5  1937   78.0  1958   84.0  1999   96.9  1846  103.4  1950   94.7  2012  115.0  1900  103.3  1926  101.5  1990   247.0  1912   201.1  1985   256.7  1900   264.7  1950   849.4  1883
   93.7  1913   76.2  1853   76.0  2008   72.2  1859   77.3  1892   83.9  2003   96.5  2012  103.4  1930   94.1  2001  111.7  1886  103.1  1960   98.1  1994   246.5  1978   200.6  1847   254.7  1954   262.2  1881   847.4  1866
   93.0  1937   76.2  1879   75.9  1988   71.7  1981   77.1  2007   83.3  1883   96.1  1850  102.3  1865   93.8  1952  111.6  2013  102.5  1839   97.6  1891   246.1  1956   200.5  1882   254.0  1852   261.0  2002   846.9  1979
   92.9  1930   76.1  1951   75.4  1969   71.0  1925   76.6  2013   83.2  1963   95.6  1871  102.1  1928   91.7  1839  110.8  1898  100.2  1959   97.5  1919   245.3  2007   200.1  1925   252.8  1909   260.9  1930   844.0  1950
   92.5  1900   75.2  1936   74.6  1920   70.8  1992   76.1  1938   81.2  1863   94.7  1918   98.6  1962   91.7  1992  110.3  1935   99.6  1996   97.2  1965   243.1  2008   196.7  1899   252.5  1987   260.5  1981   843.4  1980
   92.4  1867   75.0  1872   74.4  1912   70.2  1930   75.4  1943   80.7  1966   94.2  1891   98.6  1860   90.8  1887  110.1  1938   99.2  1911   96.7  1997   242.9  1936   196.4  1903   251.3  2009   258.5  1993   841.3  1878
   92.1  1919   74.9  1861   73.9  1881   70.1  2016   75.3  1838   80.4  1872   93.9  1861   97.9  1931   88.5  1868  109.1  1864   99.2  1890   95.9  1837   240.2  1928   196.0  1843   250.9  1948   257.9  1878   838.6  1839
   90.5  1872   74.6  1876   73.7  1934   70.0  1898   75.1  1916   80.2  1871   93.7  1903   97.9  1923   88.4  1962  108.3  1843   98.9  1949   95.7  1999   238.3  1937   193.5  1934   248.0  1880   253.5  2022   837.0  1946
   88.0  1852   73.7  1883   72.9  1851   68.7  1961   74.0  1903   80.2  1845   93.1  1956   96.7  1910   88.1  1903  107.9  1933   97.3  1930   94.0  1922   236.7  2004   193.4  1867   247.6  1963   252.8  1876   835.9  1993
   87.1  1917   72.8  1967   72.5  1928   67.9  1899   73.7  1860   80.1  1956   92.8  1840   96.3  1985   87.9  1994  107.4  1932   97.2  1882   93.2  1958   236.1  1919   193.1  1876   246.1  1917   252.5  1992   835.8  1939
   86.6  1990   72.5  1904   72.5  1939   67.5  1969   73.5  2000   79.6  1900   92.5  1957   96.2  2014   85.7  1899  107.1  2020   96.6  1923   92.6  1860   232.1  2013   191.0  2014   245.5  1957   251.6  1952   835.5  1968
   85.7  1986   72.2  1980   71.5  1982   66.5  1953   71.9  1845   77.6  2016   92.1  1837   95.0  1866   85.1  2017  105.2  1928   95.5  1939   92.0  1849   230.8  1961   189.3  1907   245.3  1855   251.2  1892   835.2  1978
   84.7  2007   71.8  2010   71.5  1896   66.3  1973   71.9  1985   77.3  1977   91.8  2002   94.5  1909   83.8  2010  104.5  1919   94.7  1916   91.3  1918   228.4  2010   188.4  1987   245.0  1857   250.2  1939   833.8  2020
   84.0  1970   71.6  1843   71.5  1889   66.1  1857   71.5  1889   76.0  2008   90.9  1932   94.2  2011   82.9  1848  104.3  1980   94.3  2022   90.8  1925   228.2  2001   184.2  1924   242.0  1891   250.0  1998   832.3  2014
   83.4  1922   71.6  2007   71.4  1984   66.1  1965   71.1  1945   74.9  1909   90.1  1939   92.8  1852   82.9  1841  104.1  1895   94.2  1914   89.5  1874   227.9  1926   183.8  1992   241.2  1936   249.3  1938   832.2  1937
   83.1  1906   70.8  1996   70.6  1998   66.0  1950   71.0  1931   74.5  1855   89.9  1841   91.5  1897   82.8  1931  103.6  1924   93.4  2016   89.0  1920   226.2  1958   182.3  1931   240.7  1928   249.2  2008   831.6  1958
   83.0  1912   70.1  1922   68.8  1895   65.4  1908   70.6  1885   74.5  1851   88.9  1867   91.2  1992   82.4  1943  102.3  1974   93.4  1840   89.0  2006   225.4  1950   180.1  1965   239.9  1875   248.2  1906   827.3  1845
   82.8  1942   69.9  1866   68.5  1864   65.4  1975   70.5  1955   73.1  2004   88.6  1927   91.0  2019   82.4  1925  100.3  2021   91.4  1876   88.9  1907   225.0  1897   179.5  1848   238.6  1985   246.7  1865   826.6  1967
   82.7  2003   68.8  1947   67.6  2016   65.1  1905   69.0  1902   72.5  1969   86.7  1853   91.0  1879   82.2  1922   99.2  1845   90.3  1854   87.8  2000   222.4  1925   178.8  2008   236.2  1922   246.2  1918   826.1  2007
   81.9  1899   68.7  1957   67.0  1860   65.0  1989   68.7  1879   72.3  1935   86.3  1882   90.6  1903   81.2  1974   97.7  1852   89.8  1906   87.4  2009   221.9  1873   178.6  1975   236.1  1878   244.5  1866   825.5  1846
   80.9  1941   67.9  1960   66.6  1985   65.0  1909   67.9  1923   72.0  1854   85.8  1851   90.3  1943   81.2  1859   96.4  1941   88.8  1919   87.3  1960   219.4  1872   177.0  1849   235.9  1883   244.1  1863   824.9  1944
   80.6  1854   66.7  1969   65.4  2010   65.0  1856   67.6  2003   71.7  1947   85.5  2015   90.0  1872   80.9  1885   94.1  1949   87.9  1982   87.0  1900   218.5  1920   176.7  1845   235.2  1903   243.4  1886   824.2  1999
   80.5  1974   65.9  2017   65.4  1963   64.1  1868   67.5  1973   71.6  1990   85.4  1877   89.9  1905   79.8  1983   93.9  1981   87.1  1931   86.9  1955   218.4  1922   176.5  1972   234.7  1926   242.5  1926   820.9  1841
   80.3  1875   65.2  1869   65.3  1914   62.7  1985   67.5  1904   71.5  1862   85.2  1946   88.3  2002   78.6  1840   93.8  1961   86.8  1977   86.6  1880   218.1  1945   175.1  1898   234.3  2002   241.6  2009   820.4  1986
   79.5  1926   63.0  1955   65.0  1972   62.2  1962   67.2  1912   71.1  1836   84.7  1881   88.2  1892   78.0  1857   93.5  1916   86.5  1910   85.7  1856   218.0  1938   174.8  1968   233.7  1892   240.6  1940   818.4  1936
   79.3  1985   61.7  1974   63.8  2017   61.8  1932   65.9  1942   70.7  1861   83.8  1992   88.1  1848   77.9  1999   92.8  1863   86.4  1992   84.9  1985   215.9  2003   174.0  2016   233.7  1982   239.8  1871   817.7  1987
   79.2  1920   61.6  1837   63.5  1861   61.7  1959   64.7  1862   70.5  1972   83.3  1909   88.0  2012   77.8  1863   91.8  1891   86.1  1927   82.8  1845   215.2  1969   173.8  1958   233.0  1841   239.5  1864   815.0  1923
   79.1  1915   61.2  1897   63.4  1975   61.5  1987   64.1  1891   70.3  1914   82.4  1858   87.3  1979   77.4  1861   91.8  2001   85.7  1928   81.7  1910   212.5  1894   172.7  1878   232.4  1894   238.0  1987   814.9  2015
   79.0  1993   60.9  2005   62.9  1842   60.3  1910   62.8  1910   68.1  1939   82.3  1910   86.6  1941   76.8  1936   91.3  1881   83.5  1900   80.8  1989   212.5  2002   171.8  1838   232.4  1890   236.8  2001   813.7  1875
   78.2  1980   60.8  1994   62.4  1994   60.1  1880   62.6  1972   67.9  1878   82.1  1836   85.5  1999   76.3  1897   90.8  1966   83.5  1938   80.8  1996   211.4  1860   170.8  1966   231.0  1838   236.8  1911   812.9  1909
   77.6  1853   60.7  1931   62.3  1940   58.2  1837   62.6  1854   67.8  1866   81.9  2017   83.6  1960   75.8  1849   90.6  1849   83.4  1842   80.7  1916   211.2  1870   170.8  1930   229.1  1988   235.9  1870   811.5  1928
   77.2  1883   60.7  1877   62.2  1971   57.9  1999   62.5  2002   67.7  1964   81.5  2004   83.1  1904   74.8  1932   89.6  1853   83.3  1895   79.8  1949   210.0  1970   170.6  1964   228.5  2011   235.2  1923   811.0  1935
   76.8  1965   60.3  1954   62.2  1958   57.9  1917   62.1  2012   67.4  1953   81.4  1938   82.8  1863   74.5  2022   89.4  1940   83.3  1860   79.7  1924   208.0  1998   170.3  1891   226.1  1910   234.2  1905   810.2  1969
   76.3  1938   59.7  1970   61.2  1930   57.3  1922   61.7  1997   67.1  1875   81.1  1965   82.7  1945   74.5  1924   89.2  2005   83.2  1974   79.5  1881   207.8  1986   169.4  1897   226.0  1846   233.5  1933   805.1  2009
   75.8  1969   59.5  1871   60.7  1968   56.9  1927   61.5  1962   66.7  1945   79.9  1849   82.6  1953   73.7  1954   86.9  1945   82.6  1980   77.1  2003   207.1  1947   169.2  2005   225.6  1971   233.4  1916   802.1  1981
   75.7  1869   59.4  1880   60.4  1857   56.6  1850   61.3  1968   66.6  1897   79.8  1985   82.6  1987   73.0  1877   86.3  2012   82.6  1886   76.9  2013   205.4  1850   167.9  1860   225.0  1968   233.4  1919   799.8  2021
   74.7  1975   59.2  1945   60.3  1983   55.3  1944   61.0  1877   66.4  1880   79.8  1843   82.3  1841   73.0  2006   86.1  1917   81.7  1995   76.7  1899   205.3  1988   167.4  1885   224.1  1950   230.4  1887   794.3  1948
   74.6  1857   58.7  1892   60.0  2013   55.2  1963   60.3  1913   66.4  1890   78.7  1950   82.2  1967   72.9  1842   85.5  1982   81.4  2014   76.2  2011   205.2  1881   167.0  1888   224.0  1939   229.8  1891   794.0  1895
   74.3  1903   58.6  1855   59.9  1977   55.1  1879   60.3  1926   66.4  1896   78.2  2019   81.4  1839   71.2  1836   85.5  1909   80.9  1941   75.4  2021   203.5  1875   166.0  2001   223.6  1851   229.1  1982   791.6  1924
   74.3  1837   57.7  1926   59.6  1989   54.6  1949   60.1  1867   64.8  1876   78.1  1914   79.9  1898   69.3  1858   84.7  2022   80.4  1967   75.3  1923   201.8  1951   163.0  1988   220.3  1973   227.4  1861   791.0  1919
   74.3  1849   57.1  1989   59.3  1991   54.5  1994   60.0  1981   64.7  1946   77.7  2005   79.4  1978   69.0  1875   83.4  1883   80.3  1985   74.3  1961   199.4  2000   162.8  1856   218.1  1953   226.0  1949   786.4  2001
   73.7  1840   56.0  1836   58.6  1901   53.7  1888   59.5  1849   64.2  1991   77.2  1978   79.3  1868   67.5  1923   83.4  1858   79.5  1936   74.1  1966   199.0  1987   162.0  2019   216.8  1998   225.4  1869   785.0  1891
   72.9  2018   55.7  1944   58.4  1927   53.3  1907   59.0  1918   63.9  1955   77.2  1970   78.8  1961   67.5  1838   83.2  2014   78.9  1991   73.3  1946   198.8  1867   161.5  1941   215.7  1924   224.6  1980   781.3  1920
   71.4  1851   55.3  1870   58.2  1911   52.7  1968   59.0  1890   63.3  1968   77.1  1893   78.8  2001   66.8  1975   82.7  2006   78.8  1874   73.3  1951   198.3  1861   161.3  1963   215.5  1938   224.4  1846   781.2  2016
   71.3  1868   55.1  2018   58.2  1866   52.3  1886   58.8  1894   63.2  1971   77.1  1845   78.7  1895   66.6  1960   81.8  1926   77.7  1979   72.9  1902   198.0  1871   159.3  1906   215.3  1978   224.3  1963   780.3  1956
   71.3  1890   55.0  1885   57.9  1845   51.8  1964   58.6  1873   63.1  1843   76.9  1842   77.7  1906   66.0  1967   81.1  1944   77.7  1952   72.8  1968   197.6  1903   159.0  2013   215.1  1856   224.3  1900   779.7  1922
   71.1  1910   54.8  1972   57.6  1905   51.5  1885   58.4  1966   63.0  1944   75.9  1961   77.2  1915   65.1  1874   80.5  1913   77.4  1968   72.5  1954   194.9  1892   158.3  1857   214.7  1915   223.8  1932   778.7  1869
   70.3  1962   54.5  2000   57.5  1932   51.5  1971   57.9  1953   63.0  1938   75.8  1844   77.0  1916   64.6  1958   80.5  1847   77.1  1891   72.1  1976   194.3  1921   157.7  1879   213.3  1843   223.5  2005   778.3  1985
   70.1  1982   54.2  1988   57.5  1965   50.8  1951   57.8  1898   62.9  2011   74.8  1926   76.4  2010   64.6  1908   80.1  1952   76.1  1971   72.1  2007   193.3  1974   157.0  1971   212.9  1960   223.4  1994   777.0  1938
   69.9  2013   54.2  1918   57.0  1986   50.6  1848   57.8  1842   62.5  1985   74.8  1942   76.3  1882   64.4  1948   79.7  1836   76.0  1893   71.5  2018   193.0  1957   156.9  2004   211.0  1871   223.0  2006   776.3  1836
   69.9  1846   53.9  1844   56.9  1844   50.3  1851   57.3  1841   62.2  1847   74.6  1974   75.5  1858   62.5  1851   78.7  1934   75.8  1880   71.1  1927   192.0  1955   156.5  1919   206.5  1862   222.6  1924   775.7  1910
   69.2  2010   53.4  2016   56.4  1891   49.7  1866   56.6  1965   60.8  1841   74.3  1987   75.1  1982   62.2  2005   78.7  1988   75.7  1881   71.1  1878   191.8  1917   156.4  1962   206.1  1944   222.0  1951   774.7  1994
   69.1  1878   52.8  1864   55.8  1952   49.7  1891   55.7  1908   60.0  1916   73.7  1908   74.8  1846   62.2  1892   78.2  1912   75.4  1972   70.8  1859   191.6  1931   156.3  1923   204.4  1861   221.0  1877   773.3  1992
   68.4  1959   52.7  1919   55.6  1867   49.5  1869   55.3  1999   59.8  2000   72.9  2021   74.7  1873   61.8  1942   77.3  1929   75.0  1933   70.6  1884   191.6  1999   156.1  1904   203.8  1916   219.7  2015   771.4  1915
   66.4  1873   52.7  2004   55.5  1873   49.0  1979   54.9  1988   59.5  1859   72.7  1894   74.6  1922   61.7  1911   77.1  1839   74.6  1898   70.6  1977   191.5  1837   155.8  1977   203.6  1840   219.5  1849   768.8  1988
   65.9  1976   52.2  1956   54.5  1955   48.9  1972   54.1  1998   59.3  1856   72.3  1923   73.9  1862   61.6  1973   76.4  1862   74.6  1841   70.5  1995   191.3  1913   154.5  1917   203.4  1951   219.0  1840   768.5  1925
   65.9  1866   52.1  1940   54.2  1882   48.1  1878   53.7  1933   58.6  1978   72.1  1838   73.8  1838   61.6  1860   76.3  1993   74.4  1997   70.3  1948   190.9  1943   154.4  1927   202.7  2016   218.6  1925   767.6  2006
   65.8  1971   51.4  1928   54.2  1978   48.0  1836   52.7  1950   58.0  1857   71.6  1848   73.6  1855   60.9  1891   75.9  1911   74.1  1887   69.7  1897   190.1  1895   154.3  2021   202.1  1992   216.0  1859   767.0  1849
   65.2  1931   51.2  1868   54.0  1869   47.6  1919   52.1  1864   57.5  1902   71.5  2011   73.5  2016   60.5  1862   75.7  1968   73.9  1866   69.5  1912   190.0  1884   154.2  1994   201.6  1837   215.1  1868   766.1  1894
   65.1  1842   51.0  1912   53.7  1922   47.1  1847   52.1  2009   57.4  1989   69.8  1944   73.5  1894   60.5  1956   75.6  1877   73.5  1863   69.2  1982   187.7  2022   154.1  2015   200.9  1940   214.8  1995   766.0  1856
   65.0  1947   50.6  1908   53.7  1859   46.9  1845   52.1  1858   57.2  1954   68.1  1953   73.3  1944   60.2  1905   75.2  1990   73.0  1998   68.7  1964   186.5  1899   153.3  1865   198.8  1867   214.3  1907   765.0  1926
   64.8  1991   50.4  1903   53.4  1884   46.9  1838   51.9  2019   56.9  1973   67.7  1941   73.0  2015   59.2  1844   74.4  1992   72.4  1864   68.5  1864   186.2  1857   153.0  1864   198.7  1986   213.1  1936   762.1  1914
   64.4  1856   49.9  1850   53.3  1890   46.4  1923   51.8  1872   56.5  1853   67.6  1860   71.8  1993   59.1  1998   74.3  2008   72.4  1877   66.7  1866   186.1  1967   150.9  1851   198.7  1836   213.1  1860   756.8  1892
   64.2  1958   49.5  2006   52.7  1868   46.4  1945   51.4  1977   56.1  2001   66.7  1916   71.3  1934   58.9  1987   73.9  1850   72.3  1865   66.7  1952   185.7  1840   150.2  1955   198.4  1965   211.4  1928   754.7  2017
   63.7  1918   49.5  2009   52.6  2001   46.2  1884   50.7  2022   55.1  2009   66.6  1889   71.1  1938   58.3  1878   72.6  1859   72.0  2005   66.4  1839   185.0  2018   149.2  1954   197.1  1914   211.1  1874   754.6  1906
   63.5  1850   49.1  1953   52.3  1933   46.2  1948   49.8  1975   55.0  1888   66.5  1852   71.0  1958   58.0  1864   72.1  1868   72.0  1966   66.3  1969   184.7  1868   149.2  1973   197.0  1863   208.6  1895   752.4  1918
   63.4  1951   48.4  1906   52.2  1846   44.5  1883   49.3  1874   54.9  1870   66.5  1873   70.8  1925   57.9  1978   71.1  1923   71.5  2018   65.9  1846   183.6  1996   148.9  1836   197.0  1858   207.8  2013   752.0  2005
   63.1  2015   48.4  1981   52.1  1995   44.5  1977   48.8  1882   54.3  1846   66.4  1966   70.6  1874   57.4  1926   71.0  1910   70.6  1994   65.9  1956   183.1  1997   148.5  1912   196.3  2014   205.5  1966   750.8  1974
   62.1  2009   48.2  1979   51.2  1917   44.3  1924   48.7  2011   54.2  1885   66.0  2020   70.4  1843   56.7  1879   70.0  1902   70.3  1843   65.7  1930   183.0  1933   148.3  1881   195.9  1945   205.5  1931   750.4  1983
   62.0  2005   48.1  1914   49.6  1838   43.7  1903   48.7  1946   54.1  2002   65.1  1947   70.0  1919   56.5  1961   70.0  1925   69.5  1912   65.0  1921   182.0  1908   147.6  1939   194.7  1961   204.7  1858   750.3  1868
   61.9  1979   48.0  1946   49.3  1954   43.6  1897   48.2  1883   53.2  1844   64.9  1929   69.4  1929   56.4  1845   68.2  1860   69.4  2017   64.5  1898   179.7  1972   147.6  1902   194.1  2001   204.2  2017   749.4  1907
   61.6  1983   47.8  1987   48.5  1904   43.4  1862   48.0  1887   53.1  1895   64.6  1901   69.2  1926   55.9  1873   68.0  1899   68.4  1986   64.5  1940   179.7  1962   147.3  1950   193.4  2015   204.2  1957   749.2  1984
   61.5  1894   47.7  1901   48.0  1906   43.1  1978   47.1  1948   52.7  1881   64.0  1865   68.7  1924   55.7  1938   67.8  1999   68.1  1993   62.9  1854   179.5  1838   147.0  1880   192.9  1923   203.7  1929   749.1  1977
   60.5  1952   46.8  1865   48.0  1970   42.6  1967   46.9  1941   52.3  1840   64.0  1937   68.3  1867   55.6  1982   67.1  1874   67.6  1838   62.8  1935   178.9  1885   146.9  1905   192.7  1854   202.9  1899   748.0  1963
   59.7  1924   46.3  1860   47.8  1855   42.5  1940   45.4  1917   51.4  1943   63.9  1902   68.0  1974   55.5  2018   66.9  1873   67.3  2008   62.6  1974   178.5  1879   146.4  1892   192.4  1999   202.6  1912   748.0  1982
   58.5  1954   46.3  1983   47.7  2005   42.5  1901   45.1  1921   50.9  1903   62.9  1997   67.8  1952   55.4  1853   65.6  1979   67.3  2006   62.6  1841   177.6  2011   146.3  1871   192.2  1865   202.5  2021   747.7  1934
   58.4  1957   45.6  1856   47.2  1898   42.5  1902   44.8  1852   50.8  1965   62.7  1854   66.5  1859   54.9  1867   65.5  1930   66.8  1850   62.5  2019   177.2  1983   144.4  1910   191.4  1920   202.3  1943   743.4  1940
   57.8  2002   45.6  1840   46.7  1883   42.2  1926   44.4  1978   50.2  2005   62.0  1967   66.4  1965   54.9  1912   65.4  1887   66.7  1883   62.3  1950   176.5  1887   144.3  1976   190.9  2005   201.9  1970   742.6  1871
   57.8  1904   44.8  1961   46.7  1974   42.1  2014   43.9  1893   49.8  1837   61.5  2010   65.9  1942   54.7  1963   65.2  1838   66.4  1847   62.3  1895   176.2  1866   144.1  1868   190.5  1853   201.7  1898   742.1  1879
   57.7  1944   44.7  1884   45.6  2015   42.1  1916   43.8  1995   49.6  1933   61.1  1862   65.9  1996   54.5  1913   65.2  1878   66.3  1925   62.3  1867   176.1  1902   141.8  1978   190.3  1907   200.5  1999   741.6  1911
   57.4  1935   43.7  1852   45.4  1880   41.6  1936   43.7  1915   49.4  1924   61.0  1993   65.8  1939   54.2  1909   65.1  2010   65.9  1844   62.0  1906   175.0  1846   141.5  1989   188.7  1974   200.4  1845   738.7  2010
   56.5  1955   43.2  1911   45.2  1885   41.1  1853   43.6  1914   49.0  1957   61.0  1975   65.4  1997   53.8  1882   64.8  1994   65.5  1943   61.9  1893   174.7  1901   141.0  1859   188.2  1897   200.4  1838   736.1  1961
   56.2  1927   42.6  1873   45.1  1936   41.0  1894   43.6  2005   48.0  1898   60.5  1919   65.1  1970   53.4  1985   64.7  1942   65.4  1869   61.4  2014   174.1  1965   140.4  1901   187.9  1844   198.2  2004   734.2  1941
   55.6  1841   42.4  1841   44.7  1887   40.8  1939   43.4  1984   47.3  1864   60.2  1998   65.1  1902   51.6  1969   64.3  2015   63.3  1934   61.2  1957   173.5  1904   140.2  1933   187.0  1850   198.0  2020   733.9  1957
   54.6  2011   42.4  1882   44.4  2014   40.2  1996   43.4  1944   47.3  1952   59.9  1949   65.0  1988   51.0  1953   64.2  1905   63.0  1947   61.0  1992   172.7  1959   139.9  1970   186.5  1902   196.2  1969   731.7  1932
   54.5  1934   42.4  1889   44.3  1957   40.1  1904   43.3  1971   47.1  1910   59.4  1859   64.4  2017   50.7  2020   63.1  1927   63.0  1987   60.6  1998   171.3  2009   139.8  1866   185.3  1859   195.7  1842   728.9  1896
   54.2  1946   42.0  1984   44.0  1841   40.0  1895   43.2  1952   46.0  1974   59.2  2001   63.8  1977   50.6  1933   62.8  1937   62.8  1962   60.6  1942   171.2  1863   139.5  1922   183.6  1889   194.8  1961   728.2  1917
   53.6  1862   41.9  1968   43.7  1925   39.5  1900   43.0  1996   45.7  2014   59.0  1954   63.4  1911   49.6  2021   62.7  2018   62.2  1859   59.7  2008   168.7  1911   139.4  1873   182.5  1886   194.3  1941   727.6  1865
   53.6  1925   41.8  1920   43.4  1960   39.2  1991   42.9  2017   45.2  1934   58.6  1890   63.4  1849   49.5  1837   62.3  1918   61.7  1907   58.6  1970   168.5  1882   139.4  1883   182.5  1967   194.2  1843   724.1  1843
   53.2  1885   41.7  1942   43.1  1967   39.0  2006   42.8  1850   43.9  1984   58.0  1896   63.3  1851   49.2  1886   62.2  2011   61.3  2007   58.5  1887   166.3  1918   138.9  1928   182.2  1849   193.5  1913   721.0  1997
   52.1  1897   41.5  1874   42.2  2004   38.7  1952   42.7  1987   43.5  1877   58.0  2000   63.1  2005   49.1  1945   61.8  2009   61.0  1981   58.4  1981   164.7  1924   138.7  1841   182.2  1873   192.4  1856   720.5  1863
   51.3  1933   41.4  1907   41.9  1923   38.1  1918   42.7  1846   42.8  1959   57.9  1904   62.9  1888   48.6  2016   61.8  1989   60.9  1870   58.4  1947   163.6  1865   137.7  1952   181.0  1911   192.2  2016   720.4  1888
   51.2  1929   40.6  1838   41.9  1870   37.4  1841   41.8  1881   42.6  1917   56.5  1899   62.5  2009   47.8  1934   60.9  1871   60.7  1897   57.8  1894   161.9  2015   137.5  1945   180.4  2010   191.7  1894   717.4  1897
   50.6  1870   40.3  1939   41.3  2021   37.1  1892   41.4  1880   42.6  2010   56.4  1934   62.1  1875   47.7  1991   60.1  1986   60.2  1915   57.5  1972   161.4  1975   137.3  1953   180.1  1943   191.6  1914   716.9  1837
   50.4  1914   40.1  1899   40.9  2022   36.6  1874   41.2  1947   42.4  1850   56.1  1981   62.0  1994   47.1  1988   60.1  1837   59.9  1885   57.0  2017   161.1  2005   135.9  1940   177.9  2000   190.5  1889   716.7  1899
   50.3  1887   39.9  1898   40.4  1907   36.5  1911   40.7  1963   42.3  1993   55.7  2013   61.8  1885   45.5  1893   60.0  1984   58.5  2003   56.6  1877   160.1  1878   135.6  1842   175.0  1993   189.8  1901   716.5  1970
   49.3  1940   39.9  1948   40.2  2002   36.4  1946   40.7  1936   42.0  1905   55.4  1857   61.2  1901   45.4  1884   59.4  1914   58.4  1913   56.6  1936   158.8  1842   134.9  2002   174.9  1896   189.8  1934   716.3  1885
   49.2  2000   39.8  1888   40.1  1915   36.4  1863   40.4  1957   42.0  1950   54.4  2014   60.9  2013   45.3  1916   58.3  1869   58.1  1988   56.3  1980   157.6  1876   133.8  1942   174.8  1929   189.7  2018   715.4  1867
   48.6  1932   39.7  1867   40.0  1853   35.3  1941   40.3  1900   41.7  1901   53.7  1969   60.7  1973   44.9  1850   58.2  1983   55.6  1904   55.6  1836   157.4  1993   133.8  1890   174.8  1969   186.5  1853   715.0  1838
   48.5  1874   38.7  1909   39.9  1899   34.8  1943   40.2  1855   41.6  1867   53.5  1962   60.3  1984   44.3  1937   57.3  1957   55.5  1921   55.2  1962   156.3  1852   133.6  1894   174.0  1904   185.6  1850   713.9  2018
   48.3  1865   38.2  1963   39.8  1865   34.2  1933   39.8  1961   41.3  1842   53.3  2003   60.2  2000   43.9  1940   56.9  1936   55.4  1855   54.5  1944   155.7  1893   131.1  1980   173.0  1942   184.9  1888   710.9  1862
   48.1  1844   37.8  1839   39.4  2007   33.9  1858   39.4  1928   40.9  1873   52.1  1856   59.7  1837   43.6  2013   56.5  1991   54.9  1953   53.9  1871   154.8  1854   131.1  1914   172.9  1934   184.5  1890   708.2  1889
   48.0  2020   37.3  2015   39.0  1874   33.6  1958   39.4  1930   40.7  2013   51.9  1959   59.0  1968   43.4  2003   56.2  1876   54.8  1999   53.9  1848   152.8  1982   131.0  1884   172.6  1876   183.9  1988   705.2  1976
   47.3  2012   37.2  1986   38.0  1942   32.6  1881   39.3  1901   40.5  1906   51.6  2016   58.8  1844   43.2  2011   55.4  1901   54.7  1990   53.6  1858   152.1  1856   130.6  1943   172.5  1970   183.4  1847   705.2  2013
   47.3  1966   37.0  1859   37.8  1837   32.4  1864   39.3  1909   40.5  1929   51.4  1933   58.7  1908   42.8  1966   55.3  1996   54.5  1868   53.5  1904   151.9  1954   129.7  1895   171.6  1893   183.2  1991   704.0  1847
   46.6  1882   36.3  2019   37.2  1959   32.3  1988   39.1  1927   40.3  1869   51.2  1876   58.5  1840   42.1  1920   54.6  1866   53.1  1849   51.5  1928   151.6  1906   128.7  1961   170.5  1918   182.6  2014   702.9  1861
   46.5  1968   36.3  1927   36.9  1863   32.1  2002   37.8  1949   40.0  1961   51.1  1980   58.5  1907   41.8  1990   54.3  1943   53.0  1846   51.2  1853   151.6  1952   128.6  1984   169.5  1941   182.5  1855   702.6  1947
   45.5  1963   35.9  1902   36.6  1921   32.1  1861   37.3  1994   39.8  1937   50.2  1994   58.3  1964   41.6  1947   53.8  1959   52.7  1903   51.1  1973   150.7  1940   127.6  2003   168.0  1962   180.2  1979   702.2  1945
   45.2  1923   35.3  1847   36.1  1902   32.0  2003   36.4  1990   39.5  1893   49.4  1892   58.1  1918   40.8  1890   52.8  1920   52.6  2021   50.7  1991   150.2  1849   127.3  1936   167.5  1901   178.8  1857   700.7  1857
   44.2  2001   35.1  1962   36.1  1946   32.0  1929   36.3  2016   39.0  1858   48.3  1972   58.0  1854   40.5  2007   52.7  1970   52.6  2013   50.2  1967   149.6  1886   127.2  1926   167.2  1932   178.6  1996   694.0  1853
   43.9  1911   34.9  1992   36.1  1976   31.2  1956   36.3  1982   39.0  1849   48.1  1963   56.6  1876   40.1  1919   52.5  1854   52.1  1957   49.8  1863   149.3  1971   126.6  1918   165.3  1964   177.3  1983   693.6  1901
   43.7  1836   34.4  1878   35.3  2020   30.9  1960   35.8  1960   38.9  1930   46.7  1907   55.3  2018   40.1  1951   51.3  1921   52.0  1879   49.7  1862   148.9  1946   126.5  2007   164.5  1905   176.9  1897   689.6  1890
   43.4  1847   34.2  2013   34.7  1849   30.5  1887   35.7  1934   38.4  1922   46.6  1945   55.3  1975   39.9  1846   50.6  1955   51.9  1858   49.6  1883   148.1  1944   126.0  2017   164.2  1921   174.3  1910   688.3  1859
   43.0  1987   33.8  2008   33.8  1879   29.9  1942   35.1  1929   38.3  1967   44.8  1971   55.2  1949   39.7  1889   50.5  1958   51.7  1857   49.2  1939   147.5  2012   125.5  1837   160.6  1977   173.1  1873   684.5  1952
   42.9  1839   33.7  1875   33.8  1894   29.7  2009   35.0  1863   37.6  1981   44.1  1951   55.1  1935   39.1  1904   50.3  1953   50.9  2001   49.1  1875   146.3  1855   124.9  1874   160.5  1908   171.8  1844   684.3  1990
   42.9  1838   33.6  1999   32.7  1962   29.0  1921   35.0  1871   37.3  1899   43.0  1874   55.0  1893   38.9  2015   50.2  1856   50.6  1975   49.1  2001   145.5  1981   123.8  1911   159.5  1842   171.7  1990   678.0  1943
   42.5  1908   33.1  1890   32.0  1892   27.5  2019   34.6  1875   36.8  2022   42.3  1996   51.6  1989   38.6  1970   50.1  2016   50.3  1873   48.4  1917   144.6  1890   123.2  1887   158.8  1919   170.6  1962   677.2  1840
   42.4  1996   32.8  1938   31.7  2000   27.2  1860   34.4  1939   36.3  1986   42.2  1900   51.1  1932   38.5  1888   49.8  1867   49.9  1848   47.9  1987   144.6  1847   122.7  1995   157.3  2013   168.7  1854   668.5  1913
   42.3  1893   32.4  1930   31.5  2009   27.0  1928   34.2  1897   35.9  1913   41.8  2018   50.6  1896   38.0  1914   49.7  2017   49.2  1899   46.7  1945   144.4  1942   121.7  1949   156.1  2006   168.0  1917   668.1  1933
   42.3  1891   31.1  1842   31.4  1847   26.7  1995   32.6  2018   34.8  1983   41.1  1925   50.0  1870   37.8  1939   49.1  1857   48.4  1937   46.3  1975   143.6  2017   121.6  1982   154.2  2003   167.7  1959   666.9  1870
   41.3  1916   29.9  1949   29.5  1918   26.4  1865   31.9  1866   34.8  2015   40.4  1986   49.7  1886   37.7  1980   48.1  1851   48.3  1837   45.6  2005   142.0  1953   121.5  1948   153.7  1906   166.8  1893   663.4  1898
   41.1  1950   29.7  1924   29.4  1878   26.2  1896   31.8  1857   34.4  1920   39.3  1964   49.0  1887   36.9  1979   48.0  1977   48.0  1871   44.4  1861   140.5  1976   121.1  1946   153.2  1979   166.2  1862   662.6  2011
   40.8  1981   29.6  1862   29.3  1858   25.8  2015   31.4  1884   33.4  1951   38.4  1943   48.8  1998   36.4  1847   47.4  1973   48.0  1917   43.3  1903   139.6  1898   121.1  1861   152.1  1898   166.2  1985   658.8  1855
   40.0  1901   28.7  1851   29.3  1949   25.3  1873   31.1  1870   33.3  1979   38.1  1983   48.7  1914   36.2  2004   47.1  1948   47.0  1894   42.8  1888   139.1  1914   119.3  1935   151.2  1884   163.9  1977   656.7  1995
   39.4  2017   28.5  1965   29.2  1871   25.2  1955   31.1  1940   33.1  1904   37.9  1887   48.7  1936   36.1  1915   47.0  1840   45.1  1978   42.7  1984   139.0  1963   117.1  1896   150.9  2021   163.8  1909   656.6  1929
   39.2  1967   28.3  1943   28.8  1900   25.1  1906   30.9  1853   32.3  1891   37.6  1991   48.7  1883   35.2  1972   46.8  1844   44.8  1845   42.1  1855   138.6  1968   116.8  1850   150.1  1952   161.7  1942   655.8  1972
   39.0  1992   28.3  1976   28.6  1950   25.0  1976   30.3  2004   32.3  1942   36.2  1921   48.6  1969   34.9  1955   46.2  2003   44.7  1884   40.8  1908   134.0  1864   116.5  2022   146.3  1990   158.5  1945   655.6  1962
   38.6  1892   28.1  1913   28.2  1948   24.9  2022   29.5  1837   31.5  2021   35.5  1906   48.5  1850   34.0  1917   45.3  1893   44.6  1924   40.8  2010   133.7  1843   115.3  1858   144.9  1935   157.9  1837   655.5  1874
   38.3  1843   27.9  1905   28.1  2003   23.5  1915   29.1  1911   31.0  1988   35.0  1952   47.3  1853   33.1  1870   44.5  1890   44.5  1961   40.6  1913   133.0  1949   114.9  1991   144.9  1937   156.6  1922   653.5  1942
   38.1  1859   27.9  1845   27.8  1956   22.8  1875   28.6  1964   30.2  1970   34.2  1917   46.7  1920   33.1  1949   44.0  1997   44.0  1918   40.4  1865   130.8  2019   114.0  1839   144.4  1975   156.2  1953   651.8  1908
   36.6  1845   25.9  1857   27.0  1924   22.3  2013   28.5  1922   29.6  1886   34.1  1948   46.5  2021   31.8  1964   43.9  1908   43.1  1902   40.2  1889   130.1  1985   113.4  1944   144.2  1972   155.4  1937   646.1  1851
   36.5  1848   25.3  1964   25.8  1966   22.2  1914   28.3  1992   28.3  1919   34.0  2022   45.8  1880   31.5  2009   43.2  1956   42.5  1955   38.4  1932   128.7  1859   113.3  2009   142.9  1947   149.8  1986   645.8  1864
   34.3  1909   24.9  1971   25.6  1931   21.6  1990   27.7  1851   28.2  1908   33.1  1928   45.5  1836   31.1  1901   42.8  1963   41.6  1932   38.3  2016   128.6  1907   113.3  1959   141.8  1885   149.5  1908   640.9  1971
   34.0  1973   24.4  1895   24.9  1996   21.5  1890   27.3  1868   28.2  1975   33.0  1863   43.8  1990   31.0  2002   42.7  1884   41.5  1853   38.1  2004   128.2  1851   112.0  1853   140.0  1874   148.9  1948   630.9  1850
   33.9  1876   24.4  2003   24.7  1926   21.4  2010   27.2  1876   27.6  1994   32.6  1905   43.5  1869   29.1  1977   42.5  1922   41.1  1908   37.1  1931   127.6  1862   110.7  1921   139.8  1994   148.0  2003   630.6  1904
   33.5  1889   24.2  1982   24.4  1997   20.6  1839   26.6  1980   27.1  1992   32.6  1979   43.2  1981   28.5  1921   41.3  1971   40.3  1896   35.4  1988   126.9  1929   110.0  1960   138.4  1989   147.0  1851   627.0  1949
   32.9  1949   24.2  1929   24.0  1843   20.0  1870   26.2  1919   26.5  1874   30.8  1990   43.0  2007   27.7  1894   40.0  1897   40.2  2020   34.6  1943   126.2  1888   109.7  1840   136.9  1981   144.7  1975   626.0  1884
   32.1  1871   24.1  1917   23.3  1935   19.4  2017   25.7  2001   26.0  2018   30.4  2006   41.3  1842   26.3  1902   39.4  1842   40.2  1856   34.4  1890   124.6  1992   108.9  2010   136.7  1949   141.7  1997   625.3  1854
   32.1  1902   24.1  2012   21.6  1875   18.9  1974   25.6  2008   25.8  1865   30.1  1897   41.0  1937   25.8  1854   38.4  1950   39.3  1983   33.9  1879   124.2  2006   108.6  1900   132.5  1996   141.3  2011   623.3  1991
   31.4  1864   24.0  1973   21.5  2012   17.9  1997   25.5  1861   25.6  1995   29.4  1989   40.2  1847   25.7  1900   36.2  1946   39.3  1892   33.1  1953   123.5  1841   108.2  1863   130.8  1847   139.4  1902   623.0  1873
   31.2  1879   24.0  1975   21.3  1910   17.5  1855   25.1  1848   25.2  1932   29.1  1955   39.8  1861   23.7  1996   36.0  1915   38.6  1976   31.0  1963   118.7  1889   108.2  1996   127.1  1984   137.5  1971   619.9  1953
   30.8  1861   23.9  1886   20.7  1990   15.6  1854   24.9  1974   24.4  1996   28.3  1847   35.1  1871   23.2  1997   35.6  1931   38.6  1989   30.2  1971   118.3  1989   107.3  1915   125.7  1870   137.1  1958   615.7  1973
   30.1  1898   23.0  1854   20.6  2011   15.4  1840   24.2  1905   22.6  1923   28.3  1982   34.1  2022   23.0  1989   34.6  1995   37.4  1948   29.3  1885   116.0  1927   105.5  1855   125.4  1991   137.1  1973   614.3  1902
   29.2  1896   22.4  1934   20.4  1943   14.9  1844   23.6  1888   21.5  1949   25.8  1885   33.2  1864   22.7  1929   32.6  1951   36.3  1851   28.4  1838   115.5  1973   104.1  1997   124.9  1933   136.9  1879   613.9  2003
   29.1  2006   22.4  1846   20.3  1961   14.9  1842   22.1  2010   21.2  1960   25.5  1995   32.6  1884   21.4  1986   32.5  1861   35.9  2011   28.1  1850   113.8  1909    97.4  1854   123.2  2018   135.3  1921   613.2  1996
   27.9  1888   22.0  1849   20.0  1945   14.2  1852   20.9  1895   19.9  1940   25.4  1878   32.1  1913   21.2  1906   32.5  1985   35.6  2004   28.1  1892   112.6  1844    96.9  1938   118.5  1899   132.9  1884   612.9  1975
   26.8  1881   21.7  1863   19.3  1854   13.8  1984   20.7  1935   18.9  1884   25.1  1976   27.0  1940   21.2  1895   32.4  1964   35.2  1942   25.4  1840   111.6  1896    95.9  1957   116.3  1955   132.7  2007   612.7  1905
   26.1  1953   21.2  1887   17.5  1993   13.8  1982   19.6  1956   18.6  2006   24.3  1898   25.9  1983   20.5  1928   31.6  1965   32.5  1964   24.9  1933   109.3  1874    93.0  1870   116.3  1925   132.3  1915   610.8  1842
   25.8  1989   20.1  1896   17.4  1850   12.3  1980   19.4  1896   18.0  1915   23.0  1999   25.4  1972   20.0  1971   30.9  2007   32.2  1920   24.6  1851   109.1  1839    90.5  1974   111.8  1868   131.9  1956   606.8  1858
   25.8  1964   19.4  1932   15.5  1893   12.0  1954   17.0  1839   17.6  1918   22.9  1984   24.8  1899   18.1  2014   28.3  1879   31.8  1922   23.8  1842   105.1  1932    82.0  1844   110.8  1959   128.8  1867   600.9  1955
   25.3  1907   17.9  1952   15.4  1840   11.7  2021   17.0  1970   16.0  1868   21.4  1913   24.0  1933   16.9  1941   27.6  1888   29.2  1862   23.5  1926   104.4  1880    79.8  2011   104.9  2022   128.2  1972   599.0  1893
   24.8  1855   17.4  1993   15.4  1973   11.7  1893   16.9  1989   15.9  1962   20.8  1870   23.6  1991   16.7  1910   27.3  1975   28.2  1956   20.2  1905   101.8  1934    79.0  1875   102.3  1869   128.0  1955   582.8  1959
   23.8  2022   16.1  1858   14.7  1944   11.2  1957   16.4  1991   15.1  1941   20.2  1864   23.4  1955   16.3  1898   22.2  1904   28.1  1973   19.9  1941   100.4  1905    78.7  1990   100.6  1864   127.2  1920   580.4  1921
   23.0  2019   15.1  1998   14.2  1938   10.5  2011   15.9  2020   12.9  1921   19.6  1977   19.7  1976   15.9  1907   21.2  1978   24.7  1889   19.3  1873    82.1  1964    78.6  1956    98.8  1983   124.2  1978   577.9  1887
   20.2  1858   11.1  1959   14.0  1852   10.0  2007   15.2  1859   12.0  1889   18.6  1869   17.0  2003   15.7  1843   19.5  1962   24.1  1909   18.0  1857    80.0  1845    73.4  1929    94.3  1887   123.4  1989   567.2  1989
   19.0  1905    8.1  1985   12.9  1953    9.7  2020   14.3  1959   11.6  1976   18.2  1911   16.0  1959   13.7  1959   18.0  1947   24.1  1867   15.5  1844    79.8  1891    73.0  1852    89.4  1913   122.6  1947   559.3  1844
   15.3  1997    7.2  1921    8.3  1856    6.8  1912   10.2  1844    7.4  1887   17.5  1935    8.8  1995   12.0  1855   17.6  1972   22.5  1945   10.6  1843    54.2  1858    71.1  1893    59.9  1995   116.8  1904   552.5  1964
   11.2  1880    3.1  1891    6.4  1929    6.6  1938    9.6  1836    4.4  1925   16.5  1868    6.2  1947   10.8  1865   17.4  1969   22.0  1958    ---  2022     ---  1836    61.0  2020    56.4  1976    96.7  1964     ---  2022
