Areal values from HadUK-Grid 1km gridded climate data from land surface network
Source: Met Office National Climate Information Centre
Monthly, seasonal and annual total precipitation amount for England SE and Central S
Areal series, starting in 1836
Last updated 01-Dec-2022 10:43
    jan  year    feb  year    mar  year    apr  year    may  year    jun  year    jul  year    aug  year    sep  year    oct  year    nov  year    dec  year     win  year     spr  year     sum  year     aut  year     ann  year
  205.4  2014  154.8  1951  153.0  1947  146.2  2000  122.0  1843  144.2  1860  132.6  1888  156.7  1912  168.2  1974  204.9  1865  199.6  1940  206.5  1914   513.8  2014   281.8  1979   352.3  1879   476.7  2000  1109.1  2000
  158.9  1988  147.1  2014  134.3  1981  133.8  2012  117.3  1967  138.2  2012  128.7  1920  145.1  1917  168.0  1896  197.2  2000  191.1  1929  196.8  1934   438.9  1915   268.4  2000   322.2  1860   435.8  1852  1087.9  1852
  156.9  1995  137.1  2020  128.5  1914  105.5  1998  110.2  1932  138.1  1852  127.6  1875  138.0  1879  156.0  1968  195.9  1960  189.8  2009  182.5  1915   396.0  1990   267.8  1981   317.1  1852   434.5  1960  1060.9  1960
  156.3  1877  135.4  1990  122.1  2001  101.8  1983  108.9  1955  136.5  1971  121.7  1918  135.3  1891  154.6  1866  191.7  1949  188.2  1970  181.7  1911   384.4  1877   256.5  1862   317.0  1917   404.5  1841  1046.7  1951
  145.9  1943  130.2  1900  114.8  1919   98.8  1966  106.1  1979  116.2  1879  119.7  2007  130.1  1881  148.6  1918  187.1  1987  183.8  2002  180.8  1876   371.3  1995   246.9  1947   315.2  1903   403.9  1976  1039.5  2014
  144.9  1872  130.0  1937  114.4  1979   96.5  1848  105.4  1869  114.4  1903  117.8  1894  126.7  1946  138.6  1927  186.7  1891  180.9  1852  179.5  1929   348.8  1937   244.4  1983   300.8  1912   394.2  1974  1019.3  1903
  143.5  1937  128.2  1950  112.5  1862   94.9  1871  105.4  1878  113.7  1991  110.9  1855  124.0  1878  137.6  1839  186.5  1903  175.3  1951  165.8  1959   345.7  2020   241.8  2008   297.8  2012   386.7  1935  1015.9  1872
  137.9  1939  127.4  1915  110.7  1897   93.9  1856  104.5  2007  113.5  1997  109.2  1867  120.9  1852  134.9  1981  182.4  2020  172.5  1926  164.6  1868   342.8  1916   240.2  1937   284.8  1848   353.0  1880  1008.4  2002
  133.5  1984  123.0  1916  108.4  1912   93.3  1935  101.9  1924  111.6  1905  108.3  1936  120.8  1951  133.9  1975  171.9  1882  171.4  2000  161.3  2013   336.6  1912   240.2  1964   281.3  1927   347.8  2022  1005.4  2012
  133.1  1948  121.7  1923  106.5  1905   91.2  1926  100.3  1886  104.7  1980  107.8  1853  119.1  1977  132.4  1976  162.2  1880  170.7  2022  160.0  1978   332.1  2001   235.5  1951   274.3  2007   339.4  1882   999.5  1927
  131.3  2016  114.3  1866  103.6  1916   90.7  1836   99.8  2000  103.1  1863  106.3  1880  115.5  1860  130.5  1841  162.0  1909  163.0  1877  146.4  1989   330.4  1869   233.1  2001   261.4  1888   337.5  1939   975.7  1915
  130.3  1906  113.7  1974  103.2  1836   90.6  1882   98.2  1983  103.0  1998  106.3  1915  113.8  1941  129.9  1995  159.9  1939  162.9  1935  142.4  2012   318.3  1960   231.5  2018   257.2  1954   337.4  1940   972.0  1848
  128.0  1975  113.4  1966  101.9  1963   90.3  1907   96.1  2006  102.5  1848  104.8  1839  111.7  1848  124.6  1871  159.8  1841  155.3  1950  140.4  2002   315.8  1994   227.5  1963   257.0  1958   331.7  1949   967.4  1974
  126.2  1852  110.0  1883  100.9  1937   89.2  1920   93.9  2021  101.9  2007  103.6  2012  109.9  1992  124.4  1999  155.3  1932  154.3  1963  135.8  1993   311.6  1935   224.1  1932   253.9  1853   329.7  2019   961.8  1924
  123.3  1936  109.1  1927  100.8  2018   86.5  1993   92.7  2002   99.6  1958  102.7  1917  108.2  2015  119.5  1885  152.6  1923  152.9  1974  134.1  1872   308.9  1925   224.0  1967   253.1  1960   329.0  1982   959.0  1841
  122.1  1866  109.0  1925  100.1  1951   85.4  1931   92.6  1856   93.9  1912  101.3  1957  106.7  1999  119.2  1965  152.5  1982  149.7  1939  133.9  1886   308.0  1930   224.0  1903   249.3  1946   328.0  1839   936.2  1935
  121.5  1986  103.8  2007   99.3  1851   85.3  1961   92.4  1981   91.8  1838  101.3  1924  106.5  1960  119.1  1852  152.5  1966  146.2  1954  133.4  2000   299.0  1951   220.0  1878   249.2  1891   320.9  1836   935.8  1877
  120.1  1956  103.7  1977   97.1  1909   84.4  1850   91.9  1915   91.7  1954   99.9  1950  106.4  1927  114.0  1993  152.1  1907  143.8  1842  132.6  1999   297.1  1979   219.2  1924   247.0  1931   317.6  2002   932.7  1860
  119.5  1919  103.4  1879   95.2  1975   83.9  1922   88.8  1942   91.6  2016   98.5  1903  105.9  1931  113.7  1869  151.3  1928  143.4  2003  131.7  1979   295.7  1866   215.4  1856   246.8  1980   313.9  1875   922.0  1937
  118.0  1928  102.0  2002   94.8  1964   82.8  1849   88.5  1898   89.9  2019   98.3  1922  104.2  1865  112.6  1935  150.9  1855  136.3  1960  130.6  1965   291.8  1966   215.4  1836   245.6  1956   313.7  1885   918.1  1912
  115.7  1994  101.6  1957   93.2  1888   81.9  1924   88.2  1862   89.8  2021   98.1  1879  104.0  1985  112.3  1876  146.6  1976  136.2  1946  130.6  1919   289.4  2007   209.4  1913   245.1  1985   311.6  1944   915.7  1916
  114.3  1990  101.4  1914   92.7  2008   81.2  1913   87.8  1946   89.3  1935   97.6  1895  102.6  2004  110.9  1880  146.4  1846  136.2  1992  130.0  2019   286.8  2021   209.1  1994   243.2  1890   309.2  1998   910.3  1946
  114.2  1999  100.6  1995   86.9  1927   80.1  1963   87.6  1854   89.3  1964   97.6  1890  102.4  1903  110.6  1958  141.5  1998  135.7  2014  123.6  2020   285.0  1977   206.0  1877   242.8  1875   307.5  1903   906.3  1966
  111.9  1913   99.4  2001   85.3  1980   78.7  1989   86.5  2008   88.5  1985   96.3  1871  102.1  2014  108.1  2000  139.8  1875  133.7  1996  120.5  1985   284.5  1873   203.2  2012   240.9  1924   306.8  1929   902.0  1958
  109.8  1974   98.3  1910   85.1  1876   78.6  2001   85.8  1969   87.1  1909   95.4  2017  100.9  1956  105.8  1998  139.7  1967  132.7  1861  120.4  1924   283.4  2010   202.5  1843   238.2  1966   305.5  1894   900.2  2020
  109.0  2021   98.2  2010   83.0  1848   78.4  1879   85.1  1994   86.1  1987   94.1  1925  100.6  1958  102.3  1960  138.5  2013  131.8  1944  120.1  1901   282.7  1936   199.3  1975   236.5  1941   302.7  1987   897.5  1939
  108.4  2008   97.2  1893   82.9  1903   77.8  1878   84.6  1925   85.8  1927   92.8  1939  100.0  2010  100.1  1946  137.4  1853  131.2  1930  120.0  1910   278.2  1961   199.1  1886   236.2  1971   302.1  1872   892.5  1836
  107.8  1961   95.1  1848   82.7  1896   77.3  2004   82.9  1860   85.1  1982   91.6  1960   98.7  1868   99.6  1924  137.3  2021  131.0  1894  113.7  1994   277.9  1943   198.7  1998   235.3  1997   301.1  1865   888.0  1866
  107.2  1971   90.4  1885   81.4  1982   77.2  1992   82.8  1879   82.4  2011   91.0  1931   97.9  1948   98.9  1859  135.8  1852  130.9  1895  112.8  2009   277.6  1910   197.8  1914   235.2  1894   300.4  1891   886.8  1894
  107.2  1868   89.9  1997   80.9  1941   77.0  1877   82.5  1984   82.3  1910   89.3  1953   97.0  1902   98.0  1857  133.7  1857  127.6  1872  110.4  1956   276.6  1974   196.6  1986   234.9  1881   297.7  1896   877.5  1994
  106.6  1875   89.5  1935   80.8  2016   76.4  1853   79.6  1885   81.7  1902   89.2  1927   96.2  1846   96.0  1883  133.2  1848  126.3  1997  108.8  1896   272.8  1928   195.6  2016   228.2  1909   295.1  1859   877.4  1879
  105.9  1962   89.3  1904   80.0  1864   76.2  2018   79.4  1903   79.7  1936   88.6  1988   94.4  1892   94.8  1836  133.1  2001  125.0  1976  108.2  1839   270.1  1957   194.9  1897   227.3  1865   294.8  1951   876.5  1865
  105.4  1904   84.2  1933   78.8  1867   75.2  2014   78.7  1872   78.1  1882   87.7  1893   94.1  1908   92.0  2019  130.0  1862  124.6  1906  108.1  1972   269.3  1939   194.3  1848   223.8  1839   294.0  2012   876.2  1839
  105.4  1998   83.6  1880   78.6  1952   73.2  1964   76.5  1849   75.8  1968   85.4  1877   93.9  1986   91.9  1863  129.9  2004  122.9  1888  107.3  1909   266.7  1900   193.7  2006   222.7  2021   293.9  1916   870.7  1891
  105.1  1915   81.1  1837   78.6  1988   72.1  1918   75.8  1948   75.6  1999   85.0  1956   93.6  1997   91.0  1842  129.2  1872  122.8  1838  106.4  2017   265.4  2016   192.6  1919   220.0  2017   293.6  1984   868.3  1882
  104.9  1886   80.5  2000   78.4  1933   72.1  1899   74.5  1904   75.6  1974   84.9  1850   91.3  1916   90.5  1860  128.9  1889  121.7  1840  106.4  1927   262.2  1978   192.1  1908   219.3  1992   293.5  1993   867.1  1998
  103.6  2004   77.6  1897   77.7  1954   71.1  1951   74.0  2014   75.4  1926   84.6  1965   90.1  1843   90.3  1874  128.3  1916  120.9  1916  106.0  2006   261.9  2013   192.1  1942   218.6  1920   291.0  1992   866.0  1914
  103.2  1865   77.5  1967   77.3  1940   70.3  1932   73.7  1865   75.2  1946   84.3  2009   89.6  1952   89.6  1856  128.1  1906  118.4  1969  105.3  1948   260.7  1923   191.7  1923   218.4  1950   289.6  1924   864.2  1968
  103.2  1978   76.4  1881   75.9  1844   69.8  1923   73.4  1931   75.0  1888   84.1  1851   88.6  1974   88.9  1849  126.1  1836  118.2  1911  104.3  1891   259.3  2003   189.5  1867   218.1  1878   289.3  1968   861.6  2001
  103.2  1970   75.0  1844   75.8  1989   69.6  1908   72.3  1891   74.1  1875   84.1  1861   88.4  1897   87.8  1952  125.1  1993  117.8  1839  104.2  1937   257.5  1986   188.5  1972   217.9  1968   287.0  1906   858.7  2019
  102.7  1846   73.7  1941   75.5  1908   68.4  1937   72.2  1964   74.0  1871   84.1  1991   88.3  1963   87.6  1930  125.0  2012  117.0  1986  103.3  1960   256.9  1984   187.2  2014   216.1  1974   286.5  2006   858.6  1925
  101.1  1930   73.5  1869   75.4  1977   68.2  1939   71.4  1973   72.7  1866   83.6  1966   87.5  1837   87.1  1951  124.8  2019  116.6  1875  102.9  1945   256.3  1904   186.7  1860   215.3  1922   286.1  1952   858.5  1954
  100.3  1926   73.4  1876   75.1  1913   67.9  1846   71.0  1937   72.6  1872   83.3  1932   87.0  1930   86.0  1962  121.9  1892  116.0  1984  100.8  1912   256.1  1926   186.1  1869   214.4  1991   285.3  1967   858.5  1910
   99.6  2011   73.0  1899   74.0  1984   67.1  1994   69.4  1943   70.3  1963   80.5  2021   87.0  1954   85.9  1838  118.9  1844  114.2  1841  100.2  1961   254.9  1883   184.0  1952   213.6  1892   283.1  2009   857.6  1967
   99.3  2001   72.8  1958   72.0  1934   66.6  1858   68.5  1850   70.3  1880   79.0  1882   86.1  1966   85.7  1967  118.1  2006  113.9  2018   99.6  1900   253.7  1919   183.0  1889   213.3  1902   282.6  1857   854.0  1993
   99.1  1873   72.1  1972   72.0  1987   66.6  1986   68.5  2017   69.5  1900   78.6  1954   84.6  1962   85.6  2022  116.6  1944  112.9  2019   99.3  1935   247.4  1980   182.8  1872   212.2  1910   281.9  2020   852.0  2008
   97.6  1922   71.6  1946   70.3  2013   66.5  1919   65.0  1986   69.3  1917   78.0  1940   83.2  1950   85.2  1994  113.9  1843  110.3  1982   98.6  1897   247.2  1897   182.7  1916   210.5  1957   280.0  1954   848.6  1875
   97.1  1851   71.3  1922   68.8  1959   66.5  1859   64.3  1951   69.1  1861   77.8  1978   83.1  1877   84.9  1950  112.7  1924  108.1  1899   98.4  1986   245.6  1872   182.7  2002   210.0  1977   279.9  1970   844.4  2007
   96.5  2015   70.0  1989   68.1  1972   66.4  1959   64.2  1841   68.9  1977   77.5  1872   81.8  1853   84.4  1933  112.0  1870  106.5  1887   98.1  2018   244.6  1840   181.9  1879   209.7  2011   277.3  1838   843.9  1876
   96.1  1991   69.5  1954   68.0  1998   65.9  1968   64.1  1877   68.5  1966   76.6  2008   81.7  2020   84.2  1879  111.3  1913  105.5  1910   97.3  1922   243.6  1948   181.4  1849   209.5  1965   276.4  1842   840.1  1928
   93.4  1993   68.5  1940   66.8  1978   65.1  1950   64.0  1923   67.8  1890   76.3  1980   80.8  1922   83.9  1868  111.2  1935  105.1  1905   97.0  1916   242.3  1988   179.4  1905   207.4  1905   276.0  1981   839.1  1880
   93.3  1912   67.7  1919   66.7  1861   65.0  1925   63.4  2016   66.2  1896   75.4  1941   79.8  1942   83.3  1957  111.2  1917  103.4  1936   96.6  1977   241.8  1913   178.7  1909   207.3  1987   275.7  1963   838.4  1979
   93.0  1853   67.1  2009   66.2  1971   63.6  1889   63.3  1889   65.4  1928   75.1  1987   79.7  1876   82.9  1909  111.0  2014  102.8  1914   96.3  1981   240.6  1885   178.6  1946   206.7  1880   275.6  1927   837.8  1999
   92.3  1869   67.0  1961   65.0  1986   63.0  1970   62.8  1968   65.0  1924   74.6  1891   79.6  2001   82.7  1840  110.4  1874  102.5  1938   96.2  1958   239.9  2000   178.6  1978   206.6  1936   271.1  1877   830.8  1982
   91.7  1860   67.0  1996   64.9  1877   62.5  2008   62.8  2015   65.0  1839   74.5  1865   78.8  1935   82.6  1956  110.0  1980  102.2  2012   96.1  1869   239.1  1970   178.2  1969   206.0  1871   271.1  1932   829.1  1986
   90.7  1969   65.6  1906   64.9  1969   62.1  1972   62.3  1952   64.7  1955   74.3  1968   78.4  1841   81.5  1953  109.2  1894  101.8  1952   95.5  1995   238.1  1920   176.7  1888   205.7  1882   270.0  1874   826.3  1981
   90.5  1867   65.5  1960   64.5  1965   61.6  1903   61.5  1958   64.7  1973   74.3  1992   78.3  1905   81.2  1973  105.4  1994  101.3  1931   95.4  1997   237.9  1946   175.5  1993   205.2  1867   269.6  1926   825.8  1950
   90.2  1951   64.3  1994   63.9  1942   61.3  1979   61.3  1930   64.3  1853   74.1  1909   78.1  2011   79.5  1984  105.0  1911  100.7  2016   95.0  1907   236.3  1879   172.7  1941   200.9  1951   269.2  1946   822.5  2009
   90.1  2009   63.4  1865   63.5  2019   61.1  1876   61.1  1845   64.2  1948   73.4  2002   77.8  1890   79.3  1848  103.8  1893  100.4  1883   93.8  1880   233.7  1848   172.6  1966   200.7  1872   267.9  1930   821.0  1886
   89.9  1900   63.0  1926   63.4  1872   60.5  1953   60.7  1902   62.3  1897   72.9  1883   75.0  2008   79.0  1992  103.7  1885  100.0  1836   93.8  2011   232.7  1899   172.5  2004   199.6  1963   267.3  1909   820.8  1909
   89.9  1958   62.3  1978   61.7  1842   60.2  1890   58.7  1993   59.7  1956   72.8  1945   74.6  1924   75.5  1925  102.8  1929   99.9  1881   93.7  1938   231.2  1999   172.2  1971   197.6  1877   263.8  1928   819.0  1859
   89.7  1863   62.1  1980   60.8  1928   60.2  1991   58.4  1954   59.2  1945   70.6  1848   74.2  1919   75.2  1882  100.4  1859   99.3  1844   93.5  1942   230.0  2018   172.0  1920   197.3  1841   262.7  2013   817.3  1977
   89.3  1920   61.6  2022   60.6  1873   59.2  1901   58.3  1972   59.2  1916   68.6  1969   74.0  1969   74.9  1932  100.0  1886   97.7  2008   93.4  1976   229.7  1967   171.9  1851   195.5  1999   262.2  1918   812.8  1965
   88.4  1918   61.5  1912   59.7  1891   58.6  1934   57.3  1852   59.1  2002   68.2  1886   73.9  1971   73.6  1936   98.9  1942   97.1  2006   93.3  1982   228.0  1958   171.6  1931   195.3  1866   261.3  1883   810.5  1984
   88.0  1894   61.0  1979   58.9  1922   58.0  1868   57.3  1907   58.6  1892   67.7  1889   73.5  1996   72.8  1961   98.0  1984   96.6  1959   93.1  1984   224.1  1996   171.6  1987   195.3  1939   260.9  1892   809.3  1923
   87.9  1977   60.1  1936   58.9  2010   57.3  1946   57.2  1855   58.5  1906   67.3  1858   73.3  1856   72.2  2008   97.9  1981   95.9  1859   92.9  1852   222.9  1969   170.2  1907   195.2  2008   260.6  2014   805.9  2021
   87.6  1938   59.9  1970   58.6  2006   57.2  1978   56.8  1945   58.4  1862   66.2  1914   72.6  1957   72.0  2001   97.8  1961   95.0  1864   92.8  1925   221.4  1837   168.6  2013   194.9  1948   260.0  1848   805.7  2013
   87.5  1959   59.0  1836   58.5  1860   56.7  1867   56.6  1985   58.1  1965   66.1  1908   71.9  1925   71.9  1970   97.4  2005   92.7  1886   92.3  1859   221.0  2004   168.2  1876   194.4  2015   259.9  1913   805.1  1930
   87.1  1960   58.8  1843   58.1  1881   56.6  1999   56.4  2013   57.8  1894   65.1  1836   71.5  1857   71.8  1861   97.4  1940   92.5  1878   91.3  1847   220.7  1962   167.9  1992   194.0  1843   258.7  1950   803.8  1992
   87.0  1840   58.7  2011   57.9  1923   56.5  1843   56.1  1966   57.4  1881   64.9  1859   71.4  2017   71.7  1864   97.4  1896   92.3  1882   90.5  1848   220.0  1956   167.5  1885   193.7  1953   258.6  1923   803.6  1936
   87.0  1899   58.5  2015   57.5  1991   56.4  1987   55.6  1910   57.3  1878   63.6  1944   69.6  1866   71.3  1887   96.9  1898   92.1  1898   87.9  1955   219.4  1875   167.1  1925   191.1  1855   256.9  1911   794.2  1853
   86.5  2003   58.1  1838   57.1  1855   55.9  1894   55.1  1883   56.6  1907   63.5  1930   69.3  1900   71.2  2006   96.5  1952   91.4  1865   87.0  1884   218.2  1887   166.2  1989   190.7  1935   254.7  1958   790.8  1878
   85.7  2002   57.9  1889   56.9  1994   55.8  1862   54.7  1975   56.5  1990   63.3  1841   69.2  1845   70.7  2017   96.5  1910   90.9  1876   85.7  1881   218.0  1906   166.0  1853   190.6  1908   253.8  1844   788.1  2006
   85.5  1955   57.4  2006   56.9  1911   55.5  1910   54.7  1949   56.4  1884   62.8  1901   67.7  1968   69.0  1983   96.1  1955   90.7  1965   85.1  1998   217.6  1853   165.9  1882   190.3  2019   253.7  1994   787.8  1919
   84.8  1879   55.6  1849   56.4  1917   54.5  1973   54.7  1926   56.0  1859   62.6  1910   67.7  1979   68.8  1899   95.0  1849   90.4  1885   84.8  2003   216.5  1922   165.8  1922   190.1  1918   250.2  1966   786.8  1868
   84.7  1972   55.5  2019   56.4  1985   54.5  1947   54.6  1978   55.6  1841   62.4  1860   67.3  1910   68.6  1884   94.3  1925   89.7  1949   84.2  1966   216.0  1860   162.7  2007   189.3  1863   249.8  1938   784.0  1918
   81.6  2017   55.4  1931   56.4  1992   54.2  1971   54.6  2018   55.3  1947   61.8  1849   67.3  2018   68.5  1963   93.6  2002   84.6  1913   84.0  1983   215.8  1881   161.5  1927   189.3  2004   249.4  1866   782.4  1922
   81.3  2013   54.2  2021   56.4  1901   54.1  1930   54.1  1867   55.1  1960   61.5  2005   67.0  1909   68.4  1912   91.9  1912   84.3  1927   83.7  1968   215.1  1894   161.0  1850   186.1  1915   246.4  1876   779.3  1970
   81.3  1942   54.1  2016   56.1  1889   53.9  1866   53.8  1858   55.0  1873   60.6  1892   66.9  1965   68.0  1845   91.5  2022   84.1  1928   81.4  1923   213.4  2002   160.9  1984   185.3  2014   246.1  1846   778.2  1987
   81.1  2018   53.5  1839   55.7  2007   53.4  1874   53.2  1938   54.6  1993   59.9  1840   66.4  1844   67.8  1892   91.4  1938   84.1  1977   80.6  1930   211.8  1938   160.9  1841   184.4  1850   245.9  2001   776.0  1948
   80.4  1890   53.1  1894   55.7  1967   53.1  1895   53.2  1840   54.0  1857   59.8  2015   65.9  1895   67.4  2015   90.8  1895   81.5  2007   80.6  1928   210.6  1846   159.9  1864   183.5  1846   243.3  1840   775.4  1952
   80.0  1837   53.0  1945   55.4  1866   52.2  1917   53.1  1913   53.2  2017   59.4  1884   65.8  1980   67.2  1897   89.1  1953   81.3  1941   80.2  2021   210.1  1998   159.7  1917   181.8  1945   243.3  1895   773.0  1926
   79.6  2007   52.9  1842   55.0  2020   52.2  1905   52.7  1906   53.2  1911   59.0  1970   65.5  1863   66.8  1954   88.6  1854   79.8  1880   80.1  2015   209.2  1975   159.3  1926   181.7  1916   241.9  1861   771.7  1881
   79.5  1925   52.6  1870   54.6  1995   51.3  1928   52.5  1853   53.0  2020   58.9  1993   64.7  1889   66.8  2012   88.2  1937   79.2  1972   79.9  1860   208.9  2015   159.2  1988   180.6  1859   241.1  1925   769.2  1917
   79.3  1941   51.8  1867   53.0  1884   51.3  2016   51.9  1933   51.8  1843   58.2  1852   64.4  1836   66.2  1903   86.1  1863   79.1  1891   78.2  1946   203.5  1991   159.1  1933   180.0  1895   240.7  1899   768.6  1963
   78.7  1841   51.3  1873   51.4  1839   51.0  1967   51.9  1971   50.8  1920   58.0  2003   64.2  1873   66.2  1982   85.8  1943   78.8  1962   77.2  1870   203.1  1867   158.9  1985   180.0  2002   240.1  1886   768.2  1940
   78.6  1884   51.3  1872   51.4  2005   50.9  1897   51.6  2004   50.8  1883   57.2  2000   63.1  1934   65.4  1873   85.8  1968   77.6  1845   76.4  1904   202.8  1941   158.4  1846   176.9  1969   238.5  1855   763.3  1846
   78.5  2020   51.2  1884   51.1  1970   50.4  1880   51.1  1917   50.3  1874   56.7  1958   63.0  1970   65.3  1894   85.7  1990   77.5  2015   76.0  1969   201.9  2009   157.9  1968   176.3  1861   237.5  1986   762.0  1869
   78.0  1965   51.1  1861   49.5  1936   50.2  1857   51.0  1962   50.0  1931   55.7  1845   63.0  1896   64.3  1915   85.4  1915   77.3  1924   75.8  1849   201.8  2008   157.9  1977   175.5  1897   236.8  1995   759.3  1980
   77.3  1924   50.7  1859   49.3  1895   50.1  2005   50.0  1916   50.0  1953   55.4  1846   62.6  1842   64.0  1913   85.3  1945   76.6  2010   75.6  1908   200.5  2011   157.8  1859   174.0  1873   236.1  1975   758.8  2018
   76.2  1979   50.2  2017   48.9  1886   49.9  1962   50.0  1953   49.2  1933   55.3  2001   62.3  1994   63.2  1944   85.0  1986   76.0  1900   75.4  1856   200.0  1983   157.3  1928   174.0  1982   235.3  2008   758.2  1862
   75.8  1921   50.1  1988   48.9  1841   49.9  1886   49.9  1941   49.2  1854   54.8  1873   61.4  2006   62.7  1920   84.5  1878   75.3  1860   75.4  1882   199.8  1865   156.7  1965   173.7  1838   235.0  1853   757.5  1913
   75.4  1857   50.1  1968   48.5  1870   49.4  1936   49.6  2022   48.6  1865   54.1  1938   61.2  1944   60.4  1853   83.9  1958   74.9  1915   75.4  1936   199.6  1849   156.5  1959   173.4  1930   233.7  1999   757.5  1906
   73.0  1845   50.0  1874   48.0  1920   49.4  1975   49.1  1929   47.3  1941   53.7  1943   61.0  1923   59.9  1881   83.5  1873   74.5  1957   75.0  1952   197.2  1911   154.5  1930   172.0  1928   232.8  1907   757.1  2004
   72.4  2010   49.4  1840   47.7  1960   48.8  1927   48.7  1977   46.7  1944   53.3  2004   60.7  1967   58.5  1937   83.5  1851   74.0  1991   74.8  1920   196.7  1950   153.7  1955   171.8  1851   231.4  1961   753.1  1888
   72.2  1983   49.1  1878   47.4  1869   48.2  1851   48.2  1997   46.0  2003   53.0  1866   59.7  1859   57.7  1948   82.1  1988   72.7  1987   74.0  1893   196.3  1870   153.4  1898   171.5  2020   229.7  1863   748.4  1995
   72.0  1910   48.5  1969   47.3  1846   47.8  1841   48.2  1965   45.4  1845   52.8  1919   59.6  1894   57.4  1875   78.5  2010   72.5  1850   73.3  1947   195.2  1955   153.1  1891   171.4  1944   228.5  1869   747.0  1929
   70.7  1932   48.4  1928   46.7  2002   47.7  2020   47.6  1894   45.1  1898   52.6  1959   59.2  1939   56.5  1980   76.7  1989   71.7  1902   73.1  1992   194.6  1893   152.1  1890   171.0  1857   228.1  1965   745.0  1885
   70.6  1903   47.3  1877   46.6  1902   45.9  1985   47.4  1859   44.9  1967   52.6  1985   58.8  1928   55.9  1938   76.4  1847   71.6  2013   73.1  1841   194.3  1985   150.9  1871   170.4  1988   224.6  1915   744.8  1911
   69.8  1895   46.4  1875   45.0  1890   45.4  1860   47.0  1908   44.4  1847   52.1  1843   58.7  1938   55.4  1922   76.0  1867   71.5  1975   72.7  1898   190.0  1931   150.6  1934   170.3  1845   224.6  1936   744.3  1932
   69.7  1871   45.6  1955   44.7  1885   45.1  1888   46.8  1890   44.3  1972   52.0  1942   57.8  1874   54.4  1923   75.9  1992   71.2  1925   70.9  1964   188.9  1927   150.0  1915   169.4  1836   223.1  1849   744.0  1900
   69.6  1856   44.4  1841   44.4  1983   44.0  1965   46.2  1982   44.1  1876   51.9  1974   57.2  1850   54.3  1850   74.1  1997   71.2  1892   70.6  1951   188.4  1868   147.5  1940   169.1  1925   222.0  1881   742.3  1941
   69.6  1883   43.4  1882   43.9  1859   43.6  1909   46.1  1996   43.7  1979   50.9  1973   57.2  1982   53.9  1942   73.6  1959   71.0  1995   70.4  1962   187.4  1959   147.3  1982   168.9  1900   220.8  1887   739.5  1961
   68.6  1940   43.4  1987   43.7  1932   43.3  2002   45.6  2003   43.6  2008   50.6  1933   57.2  1904   53.8  1867   73.3  1926   69.6  1934   70.2  1845   186.3  2019   146.6  1858   166.5  1926   220.1  1860   737.2  2015
   68.0  1967   43.3  1947   43.6  2004   43.3  1885   45.5  1963   43.3  1939   50.4  1947   56.4  1887   52.6  2013   73.0  1974   69.3  1874   69.6  1895   186.3  1871   146.0  1866   166.1  1837   217.3  1980   737.0  1867
   67.7  1836   42.9  1850   43.4  1868   43.1  1911   45.5  1847   42.9  1981   50.3  1912   56.0  2012   51.9  1945   72.7  1839   69.1  1843   69.5  1858   185.3  1947   145.1  1912   163.2  1889   216.9  1893   732.9  1920
   67.5  1844   42.5  2018   43.3  1957   43.0  1952   45.2  1928   42.9  1855   50.3  1926   55.3  2005   51.9  1905   70.4  1868   67.0  1873   69.2  2005   184.9  1852   144.9  1954   161.9  1978   216.9  1996   732.9  1957
   67.2  1985   42.4  1911   42.9  1887   43.0  1990   44.8  1918   42.3  1850   49.9  1962   55.3  1862   51.8  1991   68.5  1838   64.7  1907   69.0  1838   183.5  1982   144.7  1904   161.5  1862   216.4  1912   732.8  1883
   65.5  1927   41.5  1847   42.4  1857   42.5  1949   44.6  1863   41.8  1978   49.5  1913   54.5  1915   51.3  1931   67.5  1837   64.4  2020   68.3  1990   183.3  1972   144.6  1935   159.7  1986   215.9  1873   732.4  1985
   65.3  1968   40.8  1901   41.9  1996   41.9  1948   44.5  1875   41.7  1937   49.2  2011   54.4  1867   51.3  2016   67.3  1999   64.2  1918   66.8  2007   181.9  1940   144.6  1894   159.3  1998   215.4  1878   730.6  1856
   64.9  1887   40.4  1953   41.8  2017   41.9  1941   44.1  1864   41.6  1867   48.9  2019   54.4  1953   51.1  1846   66.9  1954   64.1  1971   66.5  1918   181.9  1902   144.3  1939   158.9  2010   214.6  1870   729.8  2016
   64.1  1934   40.3  1903   41.6  1958   41.8  2013   44.1  1960   40.7  1885   48.7  1844   54.3  1988   51.0  1893   66.1  1856   63.2  1994   66.4  1967   181.8  1968   143.8  1918   158.8  1896   213.7  1898   729.6  1843
   63.8  1947   39.5  1982   41.5  2022   41.1  1981   43.6  1950   39.9  1836   48.2  1981   54.0  1839   50.9  2010   65.5  2008   62.8  1890   66.4  1874   179.6  1851   143.6  1973   158.2  2001   213.7  1953   726.8  1942
   63.6  1952   39.4  1984   41.1  1894   41.0  1884   43.2  1846   39.8  1901   47.8  1862   53.9  1888   50.9  1870   65.4  2009   62.3  1966   65.3  1957   174.8  1971   142.8  1901   156.0  1973   213.3  1910   726.3  1897
   63.4  1946   39.3  1871   39.9  1962   40.7  1872   43.2  1987   39.8  1989   47.8  1928   52.7  2007   50.6  1862   64.9  1883   62.1  1893   64.1  1954   174.1  1993   142.6  1910   154.3  2009   212.1  1997   726.0  2017
   63.2  1885   39.1  1991   39.2  1930   40.6  2009   43.0  1988   39.3  1891   47.5  1881   52.6  1858   50.3  1934   64.5  1877   62.0  1998   61.6  1903   173.2  1924   142.2  1950   153.4  1901   210.4  1864   724.7  1997
   62.6  1891   38.7  1898   39.1  1906   40.5  1940   42.8  1842   39.0  1983   47.4  1946   52.3  2021   50.3  1949   64.3  1914   60.8  1961   60.8  1866   172.5  1901   141.9  1948   152.9  1970   210.4  1957   721.5  1934
   61.5  1996   38.7  1907   38.5  1939   39.3  1942   42.7  2012   38.9  1856   47.3  1951   52.0  1870   47.5  1908   63.8  1899   60.3  1958   60.4  1894   171.1  1839   141.1  2021   151.8  1919   208.3  1962   719.3  1931
   60.7  1897   38.5  1943   38.5  2009   39.2  1944   42.1  1882   38.4  1943   47.3  1904   51.5  2019   47.3  1955   62.8  1971   59.9  1967   60.2  1836   170.8  1949   140.8  1962   151.4  1907   207.2  1862   717.3  1969
   59.5  1862   38.1  2013   38.0  2014   39.0  2006   41.1  1887   38.3  1851   45.7  1854   50.8  1907   47.3  1886   62.6  1979   59.7  1979   59.4  2004   170.5  1863   140.4  1970   151.0  2005   206.6  2003   715.5  1978
   59.2  1854   37.7  1846   37.6  1871   38.3  1887   40.9  1921   37.8  1952   45.7  2014   50.8  1901   47.0  1855   62.2  1881   58.9  1919   59.2  1865   169.9  1908   139.4  1911   150.1  1856   206.0  2010   714.9  1988
   58.1  1957   37.7  1939   37.6  1838   37.6  1988   40.8  1899   37.6  1929   45.5  1857   50.7  1872   46.9  2021   62.0  1900   58.6  1869   59.1  1944   169.2  1842   137.2  1902   149.3  2016   205.5  2018   714.2  1975
   57.8  1933   37.3  1948   37.2  2021   37.5  1839   39.8  1861   37.5  2014   44.2  1837   50.0  1840   46.4  1901   61.5  1901   58.1  1985   57.5  1877   167.6  1882   134.6  2005   148.9  1883   203.3  1905   713.1  1907
   54.9  1843   36.8  1892   37.1  1904   37.5  1956   39.5  1947   36.6  1957   44.0  1907   49.9  1929   46.1  1943   60.2  1983   58.1  1964   57.5  1862   167.2  2022   132.3  1991   148.3  1993   203.0  2015   712.2  1959
   54.1  1931   36.6  1888   37.1  1853   36.6  2003   39.5  1911   36.2  1899   44.0  1838   49.8  1945   46.0  1988   58.4  1948   56.2  1912   54.6  1906   165.6  1933   132.2  1868   147.9  1932   201.5  1843   707.5  1971
   53.6  1980   36.5  1868   37.0  1999   35.8  1864   38.3  1888   36.1  1932   43.9  1986   49.4  1851   45.3  1872   58.1  2015   55.3  1847   54.6  1850   165.1  1918   131.8  1899   147.5  1884   200.8  1942   706.3  1896
   53.5  1849   36.3  1855   36.9  1921   35.6  1875   38.0  1909   36.1  1922   41.7  1961   48.7  1882   45.1  1904   57.1  1920   54.9  1903   54.2  1887   164.9  1973   131.4  1958   147.4  1964   200.0  1888   705.1  1956
   53.1  1874   35.6  1902   36.8  1878   35.5  1898   37.7  1939   35.4  1950   41.1  1929   47.5  2002   44.8  1847   56.2  1869   54.4  2005   54.1  1950   163.8  1857   131.4  1980   147.4  1868   199.8  2004   704.9  1972
   52.5  1893   34.8  1949   35.4  1974   34.5  1837   37.6  1873   35.3  1869   41.0  1963   46.6  1854   44.7  1916   54.9  1996   54.3  1993   53.9  2014   162.7  1859   129.9  1999   145.3  1979   198.9  1868   700.7  1871
   51.2  1944   34.6  1983   35.4  1924   34.5  1883   36.8  1957   35.2  1992   40.9  1842   46.2  1914   43.7  1877   54.4  1860   52.6  1921   53.8  1837   162.5  1921   129.3  1949   145.1  1844   198.6  2021   700.0  1849
   49.8  1945   34.2  1856   34.1  1955   34.0  1914   36.7  1866   34.7  1934   40.6  1923   46.2  2000   43.6  1917   54.0  1902   52.0  1866   53.2  1943   162.3  1892   125.8  1855   144.3  1952   196.8  1914   697.6  1983
   48.7  2012   34.0  1985   33.6  1946   33.9  1977   36.3  1999   34.4  1864   40.1  1934   46.2  1987   42.9  1987   53.3  1977   51.9  1837   53.1  1973   161.9  1945   125.3  1861   144.3  1914   194.8  1845   689.3  2010
   48.6  1839   33.0  1918   33.5  1950   33.8  1915   36.1  2009   34.4  1837   39.2  2006   45.5  1943   42.7  1837   53.0  1963   51.7  1870   53.0  1974   161.8  2012   124.6  1845   144.2  1893   193.8  1889   685.4  1857
   47.8  1966   32.6  2004   33.3  1865   33.8  1845   35.6  1935   34.2  1969   38.9  1972   44.2  1921   41.6  1858   53.0  2018   51.6  1863   52.7  1888   161.7  1987   123.9  1857   143.9  1840   193.7  1955   683.1  1904
   47.7  1982   32.5  1845   33.3  1882   33.4  1869   35.3  1914   34.1  2005   37.8  1856   43.5  1959   41.5  1919   52.7  1927   51.6  1923   51.2  1941   161.6  1914   122.4  1887   141.6  1854   191.8  2005   681.6  1962
   47.6  1870   32.5  1864   32.2  1949   33.1  1904   35.0  1900   34.0  1840   37.2  1975   42.3  1978   40.5  1940   52.7  1957   51.0  1857   51.1  1863   160.3  1844   122.3  1865   141.6  1962   190.6  1937   681.4  1955
   47.3  1848   32.4  1908   31.6  1910   32.0  1900   34.9  1920   33.8  2009   36.9  2020   42.0  1918   40.3  2011   52.3  1933   50.8  1980   49.8  1940   160.1  1917   122.1  1953   141.4  1876   185.8  1856   680.6  1895
   46.2  1847   32.4  2003   30.7  1892   31.2  1847   34.4  1912   33.6  1842   36.8  1878   41.1  1875   40.2  2002   51.8  1858   50.4  1990   49.4  1871   159.3  1903   120.4  2019   140.8  1942   185.8  1917   679.7  1838
   45.6  1881   32.2  1976   30.3  1993   30.3  1996   34.3  1992   33.4  2004   35.9  1870   40.9  1913   40.0  2005   51.6  1964   50.4  1854   48.4  1902   158.8  1965   119.9  1873   140.4  1874   185.4  1871   678.1  1991
   43.3  1842   32.1  1858   29.7  1845   29.9  1902   33.3  1897   33.3  2022   35.8  1937   40.8  1926   38.6  2018   51.0  2003   50.2  1955   48.1  1980   156.6  1886   118.8  2017   138.5  1858   181.7  2016   677.9  1989
   42.9  1954   32.0  1860   29.3  1898   29.1  1916   33.1  2005   32.8  2010   35.6  1998   40.4  1973   38.4  1878   50.1  1904   48.6  2017   48.1  1878   156.6  1952   118.6  1961   137.8  1934   178.6  1943   677.6  1944
   42.5  1908   31.9  1999   29.2  1968   28.7  1933   32.9  1870   32.8  1951   35.1  1868   40.3  1961   37.1  1990   49.4  1918   48.5  1846   47.6  1921   156.1  1884   118.3  1996   137.7  1943   176.4  1847   676.9  1873
   42.4  1859   31.8  1852   28.9  1856   28.6  1945   32.7  1881   32.7  1994   34.6  1902   40.1  1975   36.0  1972   49.3  1845   48.0  1942   46.6  1899   154.6  1843   117.4  1960   137.0  1842   174.9  1991   673.9  1874
   41.7  1923   31.6  1853   28.6  1945   28.3  1958   32.3  2001   32.5  1961   34.0  1996   39.5  2016   35.6  1844   49.1  1930   47.6  1968   46.2  1889   154.1  1898   116.7  1883   136.3  1967   173.9  1959   671.9  1863
   40.1  1878   31.4  1992   28.6  1900   28.2  1921   31.2  1857   31.9  1914   33.9  1979   39.0  1920   35.5  1986   49.0  1991   47.5  1848   44.9  1892   152.1  1850   115.2  2009   133.3  1938   173.2  1990   671.2  1899
   39.4  2005   29.9  1964   27.3  1847   28.0  1943   31.0  2019   31.8  1846   32.9  1948   39.0  2013   35.4  1966   48.3  1934   47.4  1948   44.7  1939   150.9  1890   115.1  1906   132.1  1904   173.2  1983   669.6  1889
   38.5  1882   29.1  1913   27.3  1880   27.7  1892   30.8  1868   30.9  1970   32.3  1874   37.9  1838   35.2  2020   47.6  1936   46.6  1943   44.7  2008   150.7  1942   114.1  1839   128.6  1929   171.7  1850   669.1  1976
   37.3  1916   28.3  1981   27.2  1883   27.5  1969   30.4  1961   30.8  1889   32.2  1995   37.3  1855   35.1  2004   47.2  1908   46.0  1989   44.7  1867   149.9  2006   114.0  1945   125.7  1886   169.3  1931   665.9  1943
   36.9  1917   28.1  1975   26.9  1918   25.9  2019   30.1  2010   30.5  1908   31.9  2013   37.2  1949   34.7  1947   46.9  1956   45.7  1922   44.3  1949   149.6  2017   114.0  1884   124.9  1959   168.2  1934   665.3  1845
   34.8  1911   27.8  1851   26.6  2012   25.6  1960   30.0  1974   30.0  1844   31.7  1982   37.2  1847   34.5  1891   46.4  1905   45.6  2011   44.0  1855   147.9  1856   113.5  1936   124.6  1996   164.7  1854   663.7  1842
   34.1  1981   27.4  1930   26.1  1858   24.9  1929   29.7  1940   29.1  1877   31.2  1916   37.2  1886   34.3  1906   45.2  2007   44.6  1868   43.8  1861   147.6  1861   113.3  1842   123.7  1981   163.7  1933   661.1  1892
   33.7  1876   26.7  2008   25.2  2003   23.3  1906   29.5  1995   28.9  1887   31.0  1976   36.5  1989   33.8  1911   45.0  1888   44.0  1983   43.7  1917   146.7  1878   112.0  1943   123.4  2000   163.5  1948   658.5  1990
   33.7  1929   26.1  1917   24.3  1915   22.7  2010   28.6  1838   28.7  1959   30.7  1967   36.2  2009   33.8  1989   44.9  1850   43.9  1937   43.0  1970   142.4  1953   111.7  1895   122.0  2003   162.1  1837   657.2  1908
   33.4  1850   24.8  1854   24.2  1948   22.7  1838   27.2  2011   28.7  1984   30.1  1900   36.0  1898   33.6  1889   43.7  1864   43.3  1981   42.2  1854   141.9  1876   111.6  2010   121.8  1933   161.1  1977   656.1  1905
   33.4  1864   24.7  1973   24.1  1875   21.7  1873   27.2  1901   27.7  1904   30.0  2018   36.0  1937   32.7  1921   43.6  1871   43.1  1953   42.2  2010   136.5  1895   109.3  2022   121.2  2006   160.0  1920   655.0  1861
   33.2  1989   24.7  2005   24.0  1843   21.5  1863   26.2  1970   27.6  1988   29.6  1896   35.7  1871   32.1  1888   43.5  1962   42.1  1999   41.0  1913   136.1  1889   107.8  1896   120.9  1994   159.9  1900   653.5  1938
   32.8  2019   24.6  1971   23.4  2015   21.1  1891   26.1  1980   26.4  1918   29.5  1984   34.9  1993   30.6  2007   43.1  1876   41.0  1932   40.8  1842   135.9  1929   107.6  2020   117.4  1947   158.6  1988   652.5  1844
   32.1  1901   24.3  1890   22.7  1863   19.9  1980   25.8  1927   26.4  2015   29.5  1899   34.6  1990   30.1  1890   42.9  1887   40.8  2001   35.1  1846   135.8  1841   107.4  2003   115.0  1955   157.3  2007   650.2  1945
   32.0  1973   23.3  1863   22.6  1907   19.7  1982   25.4  1892   25.7  1893   29.5  1989   33.1  1869   29.8  1914   42.8  1866   40.6  1855   34.8  1875   133.9  1954   107.0  1881   114.4  1961   156.4  1989   649.2  1855
   30.7  1949   23.2  1944   22.3  2000   19.5  1995   25.3  1998   25.4  1915   28.3  1983   32.6  1981   29.3  1902   41.5  1842   40.2  1920   34.4  1885   133.4  1997   106.7  1854   114.1  1923   155.4  1867   648.9  1949
   27.0  1953   22.4  1952   22.1  1849   18.8  1861   25.2  1839   24.8  1919   28.2  1997   31.7  1984   28.4  1928   38.9  1840   40.0  1904   33.3  1987   127.6  1944   105.9  1921   113.5  1937   155.1  1902   648.1  1850
   26.8  2000   22.1  1963   21.9  1976   18.5  2015   25.1  1976   23.3  2001   27.8  1964   31.7  1884   28.3  1996   38.8  1973   39.2  1849   33.2  1975   124.7  1838   104.6  2015   110.7  1849   152.1  1973   646.6  1890
   26.1  1902   21.6  1929   20.7  1879   18.1  2022   24.9  1837   22.9  1930   26.1  2010   31.3  1864   27.9  1939   37.4  1861   39.0  1947   33.1  1864   123.5  2005   104.2  1875   108.2  1972   149.4  1956   640.4  1964
   25.6  1909   20.1  1938   19.9  1837   17.4  1896   24.4  1851   22.8  2013   25.9  1994   31.1  2022   27.8  2009   36.1  2011   37.3  1853   27.7  1996   122.8  1847   104.0  1847   107.5  1887   149.1  2017   639.7  2003
   25.6  1888   19.4  1887   19.5  1956   16.2  1881   23.1  1922   22.4  1849   25.8  1971   30.9  1893   25.7  1854   35.9  1995   36.2  1884   26.9  1851   121.1  1880   103.6  1995   106.5  1990   148.7  1945   634.3  1947
   25.5  1889   19.3  2012   18.9  1899   16.0  1852   22.8  1874   21.9  1986   25.0  1949   30.3  1964   24.7  1898   34.6  1941   34.8  2004   26.4  1971   121.0  1989    96.3  1844   106.3  1913   147.0  1969   630.5  2011
   25.4  2022   19.1  1905   17.9  1874   15.3  1865   22.7  1893   20.6  2006   24.9  1897   30.1  1880   23.8  1926   33.9  1922   32.3  1896   26.3  1883   120.3  1905    95.5  1900   105.8  1847   143.3  1972   622.4  1837
   25.4  1935   18.3  1920   17.6  1925   15.2  1974   21.9  1876   20.5  1938   24.2  1847   28.5  1932   23.7  1977   32.9  1946   32.2  1858   25.8  2001   120.1  1845    94.1  1874   105.7  1989   142.5  1979   620.6  1893
   24.9  1907   18.2  1942   17.6  1973   11.8  1997   21.5  1836   20.4  1886   22.6  1935   27.9  1955   22.5  1969   32.7  1884   32.1  1973   24.5  1879   119.7  1874    91.9  1870   104.9  1906   140.8  1971   618.4  1953
   24.8  1905   17.3  1886   17.6  1966   11.5  1855   21.4  1959   20.0  2000   22.4  1955   26.9  1906   21.9  1900   32.3  1951   31.3  1897   24.1  1963   119.3  1862    89.0  1880   100.0  2018   137.5  1884   616.0  1996
   24.6  1858   16.0  1862   16.2  1997   11.2  1844   20.8  1905   18.6  1858   22.2  1887   26.7  1911   21.5  1895   30.9  1890   31.2  1889   23.5  1932   118.2  1907    88.8  1838    98.7  1870   135.2  1904   615.8  1884
   24.2  1950   15.4  1986   16.0  2011   10.7  1955   20.0  1884   17.9  1995   22.0  1977   26.5  1849   20.7  1978   30.7  1975   31.0  1917   22.8  1890   117.0  1864    88.8  1863    96.3  1940   135.0  1922   615.6  1902
   23.4  1896   14.6  1962   15.8  1935   10.7  1976   19.9  1934   17.1  1996   20.8  1863   26.4  1899   20.7  1964   29.8  2017   30.5  1988   22.1  1905   116.4  1888    87.0  1957    95.8  1898   130.4  1879   613.8  1901
   23.3  2006   14.5  1924   14.7  1943   10.4  1870   18.3  1871   16.5  1895   19.4  1906   26.3  1885   20.2  1979   29.7  1985   30.2  1856   21.8  1931   115.0  1909    84.0  1852    93.7  2013   130.4  1964   610.6  2005
   21.6  1964   13.7  1909   13.5  1926   10.0  2021   16.6  1944   16.0  1949   18.2  2016   25.2  1883   18.9  1985   29.7  2016   29.2  1908   21.5  1953   112.0  1963    83.7  1892    92.1  1899   128.8  1941   610.2  1851
   21.2  1892   13.0  1857   12.8  1931    9.7  1854   14.8  1848   15.9  1913   17.7  1876   25.0  1972   18.6  1843   28.1  1972   26.9  1933   21.2  1991   110.6  1981    80.7  1974    89.9  1984   125.7  1858   603.2  1933
   20.9  1992   12.0  1956   11.6  1953    8.8  1842   14.7  1991   15.8  1940   17.6  1905   23.2  1861   16.1  1907   26.7  1921   26.6  1862   19.4  1857   102.9  1896    79.3  1837    89.4  1911   125.6  1919   602.1  1840
   19.9  1987   11.9  1921   11.6  1893    8.8  1954   14.6  1936   14.4  1976   17.1  1869   22.0  1983   14.0  1971   25.6  1879   25.6  1867   17.9  2016    99.4  1932    76.8  1929    89.4  1975   124.6  1901   591.1  1898
   19.6  1963    9.9  1965   10.7  1852    8.5  2017   11.7  1989   13.6  1868   16.9  1952   22.0  1933   13.9  2014   25.1  1919   22.8  1851   17.8  1988    98.8  1854    76.2  1997    89.4  1983   124.0  1908   589.1  1887
   19.2  1914    9.9  1896   10.0  1938    6.8  1957   11.3  1919   12.4  1923   15.4  1990   20.6  1998   13.0  1941   20.4  1897   22.8  1978   17.8  1843    92.1  1855    69.1  1938    85.5  1869   123.9  1890   582.7  1870
   18.4  1976    9.3  1998    9.4  1854    5.9  1938   11.2  1880   12.1  1975   14.7  1898   18.7  1936   12.9  1929   19.8  1970   22.4  1909   16.6  1933    86.6  1891    67.6  1956    78.3  1864   122.0  2011   565.1  1847
   16.8  1898    7.5  1993    8.3  1990    5.0  1840   10.7  1956   10.8  1870   13.2  1999   18.3  1976   12.3  2003   18.5  1950   20.6  1879   16.6  1873    84.7  1934    65.8  1840    78.2  1949   118.9  1897   561.5  1973
   16.5  1861    6.9  1932    8.2  1850    4.4  1984    9.5  1990    9.0  1942   12.5  1864   18.0  2003   11.6  1997   18.2  1965   19.9  1956   14.7  1853    83.8  1976    61.1  1944    75.7  1885   114.7  1851   547.5  1864
   15.8  1997    6.2  1895    7.6  1840    3.6  2011    9.3  1895    7.1  1962    9.6  1921   16.7  1991   11.3  1910   16.7  1931   17.3  1871   14.7  1844    76.0  1858    60.9  1990    69.3  2022   112.0  1921   539.3  1854
   13.5  1855    4.0  1934    5.3  1944    2.5  2007    9.3  1844    4.5  1921    9.6  1911   11.7  1947    8.4  1851   15.9  1947   16.7  1901   14.3  1926    75.6  1964    57.6  1976    63.7  1976   106.7  1985   536.8  1858
   13.0  1880    3.6  1959    2.9  1961    2.3  1912    7.7  1896    3.2  1925    8.7  1885    4.8  1995    4.9  1865    6.1  1969   14.5  2021   12.7  1840    73.5  1992    46.8  2011    58.3  1921    89.6  1947   411.5  1921
   12.8  1838    1.2  1891    2.9  1929    1.4  1893    4.9  2020    2.8  2018    5.0  2022    2.6  1940    3.6  1959    6.1  1978   11.5  1945    ---  2022     ---  1836    35.7  1893    54.9  1995    49.5  1978     ---  2022
