Areal values from HadUK-Grid 1km gridded climate data from land surface network
Source: Met Office National Climate Information Centre
Monthly, seasonal and annual total precipitation amount for England N
Areal series, starting in 1836
Last updated 01-Dec-2022 10:43
    jan  year    feb  year    mar  year    apr  year    may  year    jun  year    jul  year    aug  year    sep  year    oct  year    nov  year    dec  year     win  year     spr  year     sum  year     aut  year     ann  year
  189.2  1948  207.0  2020  161.8  1981  135.4  2012  145.4  1967  187.7  2007  155.9  1988  208.1  1956  192.6  1918  218.9  1903  204.8  2009  216.7  2015   450.7  2016   314.1  1979   401.6  1956   491.9  2000  1330.7  1872
  178.3  2008  160.9  2002  137.8  1947  126.4  2000  124.3  1924  167.4  2012  153.8  2009  194.6  2004  162.6  1968  187.5  1870  189.3  1951  195.4  1868   406.4  1995   313.9  1920   397.8  1912   434.8  1954  1276.0  2012
  177.6  1928  155.6  1848  130.4  1979  120.8  1846  120.7  1886  139.9  1848  152.8  1888  180.1  1917  160.3  1976  180.2  1967  183.2  2000  179.6  1876   401.1  1877   303.0  1981   395.4  2012   428.1  1872  1243.1  2000
  155.5  2021  137.5  1990  125.4  2019  114.8  1998  120.6  1932  138.7  1980  143.5  1895  156.2  1927  155.2  1965  174.0  2000  175.6  2015  171.5  1978   394.9  1869   298.8  1983   374.4  2007   427.8  1935  1179.7  1954
  150.3  1995  137.1  2022  113.5  1903  113.8  1920  120.4  2021  136.1  1912  143.3  1930  155.9  1891  150.4  1866  168.9  1938  161.1  1946  171.2  1915   391.4  2021   298.4  1947   360.1  1931   401.4  2019  1179.7  1877
  145.2  2014  135.8  1997  113.5  2006  110.5  1843  118.2  1979  135.1  1982  141.9  1880  154.5  1845  149.6  1935  165.6  1998  158.7  1944  167.1  1929   384.6  1915   281.2  1986   359.8  1879   398.2  1944  1164.5  2008
  144.8  2016  134.1  1966  112.5  1836  110.1  1993  115.3  1847  130.5  1931  141.8  1940  151.7  1877  146.6  1869  165.0  1954  158.2  1954  163.7  1993   378.0  2014   276.2  2006   352.8  1927   397.6  1903  1147.2  1903
  143.5  1984  132.6  1923  112.3  1897  106.7  1882  109.8  1983  129.6  1860  138.5  1920  149.5  1954  145.4  1872  155.4  1865  156.9  1969  163.3  1914   376.7  2020   274.9  1913   352.2  2004   382.4  1984  1142.4  2019
  140.5  1939  126.5  1958  112.0  1913  102.4  1867  107.5  2006  128.7  1997  138.0  1839  149.2  1912  145.0  1927  155.1  1892  155.4  1963  160.9  2012   371.3  1960   268.1  1998   347.8  2020   373.1  1976  1134.1  2020
  139.7  1960  126.4  1950  107.7  1912  102.3  1983  106.3  1878  127.5  1928  131.6  2007  146.8  1878  143.2  2019  154.4  1906  155.4  1984  160.9  1979   366.4  1990   266.2  1886   338.4  2019   373.0  1960  1117.5  2002
  139.5  1877  125.6  1977  107.5  1848  100.3  1970  106.2  2014  127.4  1998  129.4  1939  145.9  1900  141.9  1950  151.9  1841  151.7  1929  160.6  1852   353.7  1994   265.6  1932   337.3  1839   371.2  1981  1110.5  1882
  137.2  1988  125.1  1894  107.1  1919   99.9  1947  105.7  1920  122.9  1907  128.4  1960  145.7  1881  138.9  1944  151.4  1976  150.4  1852  160.2  1986   352.6  1916   255.0  1862   335.5  1872   367.3  1967  1104.1  1848
  134.9  1921  120.0  1937  106.4  1987   99.4  2001  105.4  2015  121.2  2017  128.2  1922  135.8  1950  137.3  1981  150.7  1935  148.7  1836  150.7  1999   349.3  1980   253.0  2000   335.3  1848   365.6  2012  1097.1  1960
  134.3  1990  119.3  1925  105.9  1992   98.8  1986  105.1  1925  121.0  1948  127.3  1872  135.4  2020  136.5  1946  150.3  1872  146.0  1888  149.8  1959   343.9  1910   251.3  1969   333.9  2008   356.5  1875  1094.0  1998
  130.1  2004  118.7  2014  105.2  1861   96.9  1913  102.4  1907  118.9  1882  124.6  1879  134.9  1921  134.7  2000  149.6  1980  145.7  1960  148.8  1911   342.2  2007   246.6  1951   328.4  1845   356.1  1852  1093.7  1852
  129.4  1930  117.1  1900  103.6  1951   93.0  1966  100.3  1906  117.3  1987  121.3  1915  134.7  1946  134.3  1883  146.3  1960  145.6  1861  146.9  1965   342.1  1984   244.1  1967   325.2  1930   350.2  1968  1089.0  1928
  129.2  1863  115.7  1915  103.6  1896   90.5  2005   99.9  1869  116.3  1879  120.5  1882  132.8  1971  131.7  2012  145.4  1843  141.3  1970  142.8  1909   338.5  2008   241.4  1903   323.3  1882   349.6  1938  1088.2  2015
  128.7  1999  115.6  2011  103.0  1998   88.1  1931   99.8  1865  113.9  2020  119.2  2008  132.3  1962  131.6  1896  144.4  1907  135.5  1931  142.4  1891   334.8  1966   240.7  1999   317.1  1877   342.6  1880  1078.1  1912
  128.2  1943  115.1  1935  102.0  1988   86.5  1961   99.4  1986  113.5  2019  117.1  1840  132.3  1930  130.2  1839  143.9  1846  135.2  1940  141.1  1994   333.4  1848   239.3  1877   316.8  1860   339.1  1841  1075.5  1930
  128.1  1872  115.0  1995  101.9  1862   85.4  1859   97.8  1969  111.5  1872  116.6  2012  130.9  1985  129.3  1984  141.0  2021  135.2  1875  140.8  1983   327.2  1939   236.1  1843   315.7  1954   337.2  1883  1069.9  1866
  127.9  1852  114.3  1941  100.5  1909   84.8  1877   97.7  1976  104.8  1852  115.6  1931  129.7  1951  124.7  1871  140.9  2020  133.9  1890  139.9  1934   322.9  1928   233.8  1972   315.1  1980   333.5  1927  1066.4  1927
  126.3  1884  110.5  1916  100.2  1980   84.3  2004   97.5  1993  104.0  1958  115.4  1846  129.0  1923  124.0  1957  140.4  1987  133.6  1926  139.5  2006   322.3  1853   232.1  1882   314.9  1946   333.5  1950  1065.1  1967
  123.5  1994  108.7  1893   99.8  1994   83.3  2018   94.5  1892  103.7  1839  114.8  1956  128.8  1857  122.6  2008  140.1  1916  132.4  1872  135.2  2020   321.1  1930   231.1  1993   311.4  1881   333.2  1918  1064.9  1966
  121.2  2007  107.4  1881   98.2  1876   83.3  1871   94.2  1843  101.3  1892  114.4  1884  127.9  1928  121.6  1880  139.9  1932  131.5  1950  134.2  1918   319.7  1937   231.0  1968   311.0  1928   332.2  1863  1064.2  1951
  120.7  1975  105.9  1933   97.7  1982   82.0  1934   93.3  1958  100.7  1838  114.3  1886  127.8  2008  119.5  1974  139.4  2004  131.4  1928  131.7  1919   319.7  2000   229.5  1846   301.0  2017   330.0  1866  1064.0  1980
  120.4  1961  104.2  1910   97.0  2017   82.0  1925   89.4  1954   98.6  1836  114.3  1973  125.7  1957  116.9  1863  139.2  1885  131.2  1939  131.3  1951   319.0  1923   229.2  1908   300.3  2009   328.7  1980  1062.1  1923
  118.5  1986  103.8  1869   96.4  1999   81.5  1935   89.3  1899   97.9  1911  114.0  1836  125.7  1910  114.4  2017  139.0  1848  129.6  2010  130.1  2011   318.7  1948   229.1  2012   300.2  1958   328.2  1946  1058.0  2004
  118.2  1899  102.3  2001   94.7  1881   81.3  1985   88.6  1856   97.7  1963  113.1  1936  124.5  1860  111.6  1954  136.2  2013  128.8  2019  129.3  1847   315.0  1883   228.8  1925   297.8  1987   327.1  1930  1047.5  1981
  118.0  1974  100.7  2021   94.4  1920   81.3  1872   88.3  2003   96.8  1936  112.4  1912  123.1  1948  111.5  1899  135.9  2002  128.1  2012  125.7  1949   313.0  1925   228.4  1916   296.6  1866   326.5  1923  1043.6  1931
  117.2  1860   95.2  1980   94.2  1908   81.2  1899   87.0  1945   96.5  1863  111.9  1875  122.4  1986  111.3  1876  135.7  1855  128.0  1982  124.1  1896   312.3  1935   228.2  1992   295.8  1895   326.3  1998  1041.8  1965
  116.3  1886   94.7  1876   93.2  1989   80.3  1949   86.4  1951   96.1  1927  111.6  1909  121.7  1889  110.8  1903  134.9  1981  127.5  1935  123.9  1990   310.6  1900   227.5  1889   293.8  1891   325.5  1974  1036.2  1946
  116.2  1978   94.1  1861   92.5  2008   79.6  1989   86.0  1862   95.5  1966  109.5  1871  120.6  1890  110.7  1993  133.2  1928  127.1  1882  123.6  1901   307.2  1920   226.3  1872   290.6  1948   324.9  2008  1035.1  1986
  115.5  1936   93.8  1866   92.3  1916   79.6  1992   85.7  1938   94.2  2016  109.2  1861  119.7  1943  109.4  2010  132.6  1900  126.8  1949  123.4  1886   306.7  1950   225.8  1937   290.5  1900   322.9  2009  1034.8  1886
  114.4  1906   92.8  1872   92.2  1968   79.5  1959   83.8  2007   92.3  1972  109.2  1924  119.5  2019  107.4  1859  130.3  1896  125.2  2002  123.4  1845   304.5  1894   223.1  1907   290.1  1985   322.7  1965  1030.6  1999
  113.1  1883   92.8  1967   91.6  2018   79.1  1932   83.8  2013   91.6  1999  108.0  1932  118.9  1879  106.1  2001  129.4  2019  122.4  1877  121.1  1869   303.8  2002   222.9  1985   289.3  1988   321.7  2022  1028.9  2014
  112.6  1998   91.8  1989   90.1  1964   79.1  1950   83.7  2002   91.0  1883  108.0  1877  118.6  1966  104.7  1856  129.2  1862  122.0  1992  120.6  2002   301.6  1912   221.8  1909   288.7  1838   321.1  1836  1027.8  1979
  112.5  1849   91.4  1922   89.9  1860   78.3  1962   83.3  1840   90.6  1851  107.7  1938  118.5  1856  104.3  1962  129.1  2008  121.3  1914  119.9  1872   301.1  1958   221.0  1899   288.0  1966   319.9  2010  1027.7  1900
  112.2  1900   89.2  2016   89.0  1868   78.1  2016   83.0  1943   89.8  1977  107.3  1957  117.8  2014  104.3  1887  128.5  1886  121.2  1959  119.4  1882   300.3  1977   219.3  2014   288.0  1888   317.4  1877  1027.6  1950
  112.1  1993   89.0  1904   88.6  1963   77.7  1898   82.0  1955   89.2  1935  106.4  1918  117.6  1903  104.3  1861  126.2  1917  121.1  1938  118.9  1922   297.9  1922   218.7  1867   286.5  1841   315.0  1839  1026.5  1841
  111.3  1875   88.4  1945   88.6  1914   77.4  1937   81.8  1923   89.0  1938  106.0  1958  117.4  1892  103.3  1852  126.1  1889  120.8  1996  118.5  1900   297.3  2004   217.4  2019   284.9  1852   313.3  1940  1022.7  1860
  111.2  1956   88.3  2000   88.5  1839   77.3  2008   81.6  1838   88.2  1900  105.4  2019  116.9  1980  102.8  1943  124.9  1875  120.2  1923  117.2  1924   294.9  1872   217.3  1966   283.1  1922   311.8  1885  1019.6  2007
  108.7  1873   88.1  1918   88.5  1842   76.9  1969   81.4  1903   87.2  1926  104.7  1853  116.7  1865  102.3  1885  122.5  1863  119.2  1901  117.1  1997   291.1  1961   216.7  1987   282.2  1957   310.8  1870  1017.2  1938
  108.4  1919   88.0  1951   88.4  1859   76.2  1905   81.3  1942   87.2  1845  104.0  1841  115.5  1992  101.9  1994  121.0  2001  119.1  1965  116.5  1880   290.9  1991   215.2  1934   281.4  1938   309.8  1869  1013.5  1881
  108.0  1983   87.9  1991   87.3  1872   74.9  1876   79.9  1972   86.8  2008  102.8  1866  115.3  1963  101.5  1840  120.2  1894  117.9  2022  116.0  1985   289.9  1979   214.6  2015   280.9  1910   309.2  1992  1013.2  1916
  107.5  1890   87.5  1837   87.2  1888   74.5  1889   79.4  1997   86.5  1862  102.6  1855  114.8  2006  101.5  1924  118.9  1961  116.8  1905  115.3  1964   288.7  1919   213.9  1963   280.7  1909   307.8  1963  1010.3  2021
  107.5  1938   86.3  1928   86.6  1983   74.4  1909   79.2  1860   85.6  1894  102.1  1850  114.1  1931  100.2  1999  118.7  1880  116.4  1972  114.5  2000   285.5  2013   213.1  1994   277.0  1892   307.6  1892  1007.4  1994
  107.4  1962   85.3  1996   85.6  1941   74.3  1994   78.3  1916   83.8  1945  100.8  1946  112.1  1898  100.2  1936  118.2  2005  116.0  1977  114.1  1955   283.8  1926   210.1  1897   276.7  1998   304.0  1926  1005.6  1968
  106.7  1851   85.1  1974   85.3  1978   74.0  1973   77.5  1968   83.7  1897  100.6  1953  111.8  1848   99.5  1983  118.1  1945  115.4  1930  114.1  2013   282.1  1974   208.0  2018   275.3  1846   303.8  1896  1005.3  2009
  106.3  1937   84.7  1926   84.6  1886   73.7  1953   77.1  1966   83.5  1871  100.5  1968  111.4  2012   98.9  1967  118.1  1909  114.2  1991  114.0  1938   280.0  1988   207.8  2021   274.1  1840   302.6  1916  1004.3  1944
  106.0  1920   84.5  1931   83.8  1895   73.4  1965   76.3  1937   83.4  1855  100.5  1927  111.1  1897   98.7  1841  117.3  1990  114.1  1866  111.0  1837   279.0  1978   207.4  1847   273.8  1950   302.0  1874  1003.0  1876
  105.8  2018   84.3  1885   83.0  1986   73.1  1975   76.2  1841   83.4  2003  100.5  1843  110.6  1866   98.6  1952  116.7  2022  114.0  1911  110.7  1954   278.3  2022   207.4  1964   273.4  1890   301.1  1882  1001.8  1836
  105.7  1915   84.0  1903   82.5  1972   72.8  1850   75.7  2011   83.3  1866  100.4  1867  110.4  1941   97.5  1930  116.7  1874  113.6  1979  110.1  1966   272.6  1941   206.6  1924   271.5  1836   300.0  2002   998.2  1958
  105.2  1972   82.8  1946   81.3  1877   72.2  1999   75.2  1889   83.1  1990  100.3  1903  108.4  1841   97.0  1975  115.5  1941  112.5  1980  108.8  1921   272.0  1903   204.6  1860   271.5  1963   298.8  1929   994.4  2006
  105.2  1853   82.6  1883   80.9  1928   71.5  1963   74.9  2009   81.5  1875   99.9  2002  108.1  1967   96.6  1992  115.5  1933  111.7  1840  108.4  2007   271.9  2001   204.3  1965   271.0  1917   298.6  1970   993.8  1988
  104.8  1866   82.0  1877   80.6  1851   71.4  1972   74.2  1902   80.8  2004   99.3  1849  107.2  1979   96.5  1932  114.3  1882  111.4  1974  108.3  1907   270.0  1945   203.5  1869   270.3  1857   298.1  2017   990.9  1883
  104.3  1913   81.8  1960   80.1  1927   70.8  1910   74.2  1981   80.8  1991   98.7  1974  106.7  1874   96.4  1995  114.1  1898  109.0  2016  108.3  1897   269.5  1899   200.0  1988   269.5  1880   298.0  1932   989.1  1935
  103.5  1840   81.5  2007   80.1  1844   70.1  1930   73.4  1931   80.6  1854   98.6  2020  105.8  1961   96.3  1875  114.1  1930  108.4  1839  105.8  1982   268.0  1943   199.3  1838   269.4  1982   297.0  1928   987.0  1880
  102.7  1965   80.9  1970   79.9  1940   69.4  1856   73.4  2000   80.5  1890   98.1  1910  104.6  1852   95.0  1892  112.8  1845  107.6  1910  104.2  1854   268.0  1956   198.3  2008   269.3  1939   296.7  2006   984.1  1918
  102.1  1926   80.8  1852   77.8  1991   68.7  1849   73.2  1877   79.4  1880   97.4  1881  104.3  1922   94.2  1897  112.7  1949  106.5  1986  104.2  1856   265.8  1892   198.2  1989   268.6  1875   296.6  1861   982.8  1987
  101.9  1945   80.6  2017   77.7  1889   67.7  1927   72.2  1962   79.4  1946   96.9  2010  103.8  1982   94.1  1923  112.3  2006  106.1  1916  103.5  1960   264.2  1936   198.2  1876   268.1  2002   296.2  1987   982.8  2017
  101.8  2015   79.6  1879   76.7  1905   67.1  1981   72.0  1999   78.8  1969   96.8  2017  103.5  2011   94.0  1925  112.2  1924  106.1  1878  102.8  2018   264.0  1867   198.0  1878   267.6  1936   296.1  1886   982.5  1845
   99.4  1942   79.0  1911   76.6  1969   67.0  1862   71.6  1973   78.8  1896   96.7  1842  102.4  1905   94.0  1858  112.2  1923  105.4  1881  102.6  2014   263.8  1998   196.3  1881   267.4  1953   295.9  2001   981.7  1920
   99.1  1977   78.6  1850   76.3  1864   66.4  1868   71.4  1985   78.6  1956   96.0  1883  100.7  1953   94.0  1958  112.1  1934  104.7  1842  102.4  2021   262.3  1873   196.1  2016   266.9  1903   295.2  1891   976.4  1839
   98.6  1867   78.2  1957   75.6  1934   65.9  1923   71.1  1904   78.2  1878   95.3  1914   99.8  1929   92.5  1978  112.0  1929  103.9  1947  101.9  1958   261.5  1837   194.4  2005   265.6  1997   294.9  1982   972.9  1993
   98.5  1903   76.7  1871   75.6  2016   65.6  1979   70.6  1926   77.1  1954   95.2  1837   99.3  1904   91.5  1922  111.9  1895  103.5  1927  101.7  1910   260.7  1987   194.4  1848   264.8  1855   290.8  1951   969.0  1948
   98.1  1944   76.6  1880   74.9  2021   65.5  1908   69.5  1908   76.8  1853   93.6  1985   98.8  1863   91.1  1891  111.8  1891  103.4  1936  101.5  1866   260.5  1884   194.3  1906   264.8  1924   289.9  2005   968.8  1891
   97.7  1922   75.9  1978   74.5  1939   65.4  1922   68.6  1912   76.0  1939   93.2  1961   98.6  1960   89.3  1878  110.7  1877  103.4  1843  101.2  2003   260.5  1986   193.8  1919   264.5  1907   289.2  1848   967.1  2016
   97.2  1895   75.1  1897   73.5  1995   65.3  1857   68.3  1891   76.0  1909   92.6  1851   98.2  1838   89.1  1874  110.5  1883  102.3  1880  101.0  1912   260.4  1970   192.6  1923   261.2  2016   288.3  1994   966.7  1924
   97.1  1912   74.9  1914   73.5  1882   64.1  1977   68.2  1898   75.4  1947   92.0  1891   98.1  1859   88.8  1908  110.4  2014  100.0  1994   99.0  1974   258.9  1931   192.4  1927   261.2  1926   288.2  2015   965.5  1974
   96.9  1910   73.3  1868   73.0  2015   63.0  1944   68.1  2012   75.3  1856   92.0  1987   97.8  1988   88.0  1849  109.0  1849   99.0  1981   98.9  1884   258.5  1983   192.3  1868   261.2  1971   284.9  1936   965.4  1978
   96.3  1976   73.2  1936   72.7  2010   62.6  1987   67.5  1965   75.3  2000   91.5  1965   97.3  2002   88.0  1836  109.0  1968   98.5  1895   98.8  1841   257.9  1957   191.6  2001   261.0  1851   284.9  1878   964.7  1939
   95.7  1869   73.2  1954   72.1  1937   61.5  1964   67.1  1885   75.0  1955   91.1  1923   96.9  2016   87.5  2018  106.1  1940   97.2  2006   98.3  1898   257.8  1967   191.1  1898   260.9  1894   280.5  1906   964.6  1936
   95.7  1970   72.7  1939   70.7  1977   61.3  1968   66.9  1894   74.7  1944   90.8  2015   96.8  1924   87.2  2006  105.8  2012   96.8  1906   97.4  1881   256.4  1999   191.0  1904   260.6  1960   279.7  1881   963.3  1909
   93.3  1980   71.1  1988   70.6  1921   60.8  1886   66.4  1854   74.5  1876   89.8  1838   96.7  1872   87.1  2022  105.5  1860   96.2  1874   97.4  1937   255.6  2015   190.3  1912   255.4  1856   279.6  1849   961.6  1982
   91.5  1932   70.4  1969   70.6  1930   60.1  1904   66.0  1913   74.1  1841   89.4  1908   96.3  1895   85.1  1931  103.3  1858   95.6  1850   97.0  1925   255.3  1870   190.2  1845   254.0  1861   279.4  2020   956.6  1992
   90.7  1846   69.5  1920   70.1  1985   59.9  1836   65.5  1910   74.0  1857   89.2  1954   96.2  1873   84.9  1864  102.7  1986   95.2  1876   96.2  1923   255.2  2012   188.2  1962   253.3  1843   277.5  1911   956.6  1983
   89.4  2005   67.3  1961   69.6  1845   59.5  1845   65.4  1881   73.6  1968   88.7  1893   95.6  1839   84.3  1877  102.4  1852   95.2  1847   95.8  1956   251.8  2018   185.5  1941   251.9  1883   276.7  1876   948.5  1869
   89.3  1878   67.2  1884   69.4  1901   58.1  1880   65.2  1890   73.1  1843   88.6  1873   94.1  1894   84.3  1953  101.9  1847   94.7  1869   95.6  2009   250.4  1846   185.2  1841   251.6  1878   275.4  1949   947.5  1910
   89.2  1982   66.5  1994   69.1  1857   57.8  1917   64.1  1842   71.1  1971   87.5  1942   93.2  1868   83.9  1848  101.8  1838   93.8  1854   95.1  1980   249.1  1962   184.8  1859   251.5  1862   274.2  1864   941.7  1977
   89.1  1946   66.3  1836   68.8  1846   57.7  1916   62.2  1918   70.9  2002   86.7  1970   93.1  1909   83.5  1881  101.2  1925   93.0  2005   94.7  1989   247.9  1975   184.2  1885   247.4  1961   273.6  1924   939.0  1894
   88.5  1854   66.2  1856   68.4  1890   57.0  1847   62.0  1879   70.4  1840   86.7  1845   92.7  1906   83.0  1963  101.1  1983   92.9  1900   94.3  1946   247.9  1860   183.9  1977   247.4  1973   272.2  1931   939.0  1863
   88.4  1931   66.2  2010   68.0  1884   56.6  1897   61.8  1858   69.8  1989   86.6  2021   92.4  2001   82.2  1948  100.6  1966   92.7  1863   94.0  1893   247.6  1866   183.3  1976   246.7  1923   270.5  2021   938.6  1846
   87.2  1969   66.0  2004   67.4  1873   56.6  1951   61.1  1845   69.4  1965   86.3  1950   91.5  1846   81.8  1987  100.6  1944   92.4  2017   93.6  1920   247.5  1897   183.2  1930   246.4  2011   268.6  1957   938.4  1926
   86.9  2009   65.3  1906   67.1  1984   56.6  1869   60.8  1947   68.7  1861   84.7  1926   90.9  1978   81.7  1868  100.1  1868   92.3  1883   93.5  1936   247.2  1863   183.2  1931   244.8  1943   267.9  1952   936.6  1961
   86.9  1868   64.9  1908   66.5  1971   56.4  1952   59.6  1867   68.5  1964   83.6  1848   90.5  1942   81.0  1960  100.1  1853   92.3  1891   93.1  2019   246.9  1913   182.9  1958   242.6  1920   265.9  1843   935.6  1969
   85.9  1958   64.5  1882   65.9  1932   56.4  1885   59.0  1933   68.4  1847   82.9  1975   90.3  1952   80.4  1857   99.7  1864   91.3  1953   92.4  1836   245.3  1938   182.8  2002   241.8  1871   265.8  1939   935.2  1956
   85.4  2003   64.1  2005   65.5  1907   56.3  1838   58.6  1873   68.4  1881   82.4  1862   90.2  1958   79.8  1886   98.7  1873   91.3  1998   92.3  1870   245.2  1881   181.3  1836   241.6  1965   265.6  1900   932.9  1878
   85.4  1894   64.1  1898   64.9  2014   55.9  1879   58.3  1953   68.4  1846   82.3  1993   89.3  1926   79.7  1926   98.7  1952   90.4  1897   90.6  1849   244.6  1852   180.5  1905   240.9  1967   265.6  1847   931.4  1985
   85.2  2002   63.9  1867   64.1  1957   55.3  1888   58.1  2022   67.7  1943   82.3  1967   88.5  1915   78.9  1942   97.7  1984   90.2  2014   90.3  1948   243.7  1885   180.1  1942   240.2  1853   265.4  2004   928.8  1922
   84.7  1934   63.8  1844   64.0  1874   55.2  2006   58.1  1849   66.7  1916   82.1  1844   88.4  1987   78.7  2005   96.6  1942   89.7  1997   89.9  1860   242.7  2003   178.4  1970   236.9  1944   265.2  1859   928.1  1914
   84.1  1952   63.3  1843   63.5  1933   55.2  1907   57.8  1872   66.7  2011   81.4  1929   88.3  1925   78.1  1985   96.5  1988   89.7  1864   89.5  1902   241.7  1965   176.5  1945   236.9  1850   263.1  1871   927.7  1862
   83.9  1957   63.1  1972   63.4  1965   54.8  1848   57.6  1934   66.1  1953   81.3  1992   86.7  1840   78.0  1956   96.3  1912   89.6  1966   88.9  1942   240.9  1933   176.5  1857   235.6  1915   261.7  1840   926.9  1957
   83.6  1951   62.8  1981   63.1  1866   54.7  1971   57.3  1941   65.6  1985   81.2  1894   86.2  2009   77.5  2011   96.1  1989   89.2  1971   88.6  1957   240.9  1908   176.4  2003   235.0  1978   261.7  2013   926.6  1875
   83.4  1947   62.6  1864   62.9  1906   54.6  1996   57.2  1864   65.5  1978   79.3  1944   85.3  1934   76.5  1911   95.6  1982   88.6  1985   88.0  1874   240.2  1952   176.3  1902   233.3  1863   261.6  1966   922.7  1925
   83.3  1904   62.0  2018   61.6  1954   54.6  1901   56.6  1944   63.9  1864   79.0  1998   84.7  1938   76.3  1844   94.6  1974   88.4  1841   87.1  1940   238.0  1850   175.9  1955   233.2  1873   261.1  1925   921.5  1907
   82.3  1927   60.8  1865   61.4  1838   54.4  1945   56.4  1988   63.2  1952   78.7  1858   83.9  1882   75.0  1961   94.3  1939   88.2  1967   86.9  1977   237.7  1840   175.6  1891   233.1  1974   259.9  1943   921.0  2011
   82.0  2012   60.6  1892   61.4  1841   54.4  1940   55.8  1917   62.8  1885   78.6  1978   83.9  2015   74.5  1934   93.2  1837   87.8  1886   86.0  1930   237.6  1955   175.1  2013   231.6  1968   259.6  1899   920.7  1868
   81.6  1837   60.5  1870   61.0  1922   53.8  1991   55.8  1964   61.7  1914   78.2  2013   83.4  1973   72.4  1862   93.1  2011   86.6  1898   85.4  1916   237.6  1951   174.5  1975   231.0  1897   257.8  1865   919.0  1970
   81.0  1917   59.9  1955   60.6  1885   53.8  1911   54.3  2005   61.6  1859   76.8  2004   83.1  2017   72.2  1845   92.4  1919   86.3  2018   84.6  1961   236.5  1921   173.3  1950   228.2  1992   257.6  1917   917.2  1932
   80.8  2000   59.1  1992   59.8  1904   53.1  1891   54.1  1852   60.8  1837   76.1  2011   82.9  1944   72.0  2004   91.5  1871   86.0  1919   84.3  1877   236.4  1947   173.2  1888   224.9  1929   256.9  1977   916.8  1984
   80.4  1918   58.8  1947   59.8  1952   52.7  1883   53.8  2019   60.6  1898   75.6  1947   82.7  1919   72.0  1867   91.2  2017   84.9  1865   84.2  1895   236.2  1868   173.2  1894   224.4  2014   256.1  1905   915.3  1990
   80.1  2013   58.7  2006   59.7  1970   52.7  1919   53.7  1963   60.3  2009   75.5  1852   82.6  1862   72.0  1940   90.9  1881   84.7  1913   84.0  1952   232.9  1875   173.0  1973   223.9  1951   253.8  1961   915.2  1906
   79.0  1991   58.6  1948   59.4  1917   52.6  1853   53.1  1893   60.0  1959   74.1  1889   82.2  1999   71.9  1988   90.7  1957   84.5  1912   84.0  2017   232.8  1981   172.9  1917   221.0  1914   253.8  1890   913.4  1892
   78.8  1874   58.5  1840   58.0  2013   52.4  1948   52.8  1921   59.1  1844   73.9  1966   82.2  1908   71.8  1893   90.7  1926   84.1  1838   83.8  1969   231.9  1882   172.8  1971   220.5  1867   253.7  1845   911.3  1843
   78.2  1857   57.8  1984   57.8  1975   52.3  1837   52.1  1949   58.9  1924   73.1  1902   81.3  1907   71.4  1879   90.6  1992   84.0  2003   83.5  1859   231.5  2011   172.7  1864   220.1  1837   252.0  1999   908.2  1897
   78.0  1968   57.2  1987   57.2  1855   51.7  1895   52.1  1952   57.5  1877   72.4  1890   80.9  1849   71.3  1982   89.8  1970   83.4  1941   83.5  1992   231.2  1904   172.5  1865   219.9  1986   250.0  1838   907.5  2001
   77.1  2011   57.1  1962   57.0  2020   51.7  1878   52.0  1995   57.1  1974   71.5  1916   80.7  1965   71.3  1966   89.5  1878   82.5  1849   83.0  1972   230.9  1946   172.1  2004   219.5  1962   249.9  2018   904.9  1861
   76.6  2020   57.1  1839   56.7  1967   51.6  1900   52.0  1882   57.1  1910   70.1  2016   80.3  1850   70.9  1853   88.1  1996   82.1  1837   82.0  1862   229.7  1849   171.6  1949   219.1  1854   249.7  1846   895.2  1934
   76.5  1925   56.5  1853   56.7  1867   51.6  1902   51.9  1914   56.8  1888   69.8  1949   79.7  1843   70.1  1973   87.9  1902   80.7  1978   81.3  1899   229.5  2010   169.2  1954   219.0  1945   249.6  1991   894.7  1849
   76.1  1954   55.7  1912   56.3  1942   51.5  1858   51.7  1996   56.4  2001   69.5  1896   79.7  1858   69.4  1998   87.0  1911   79.1  1860   81.2  1848   228.6  1997   169.1  1914   218.6  1859   248.5  1983   894.2  1963
   75.8  1985   55.6  1944   56.1  1894   50.8  2002   51.7  1971   56.1  1895   69.3  1997   79.6  1970   69.4  1951   86.3  1994   78.7  1859   80.6  1864   227.7  1898   168.8  1856   218.2  1844   248.1  1969   893.7  1895
   75.7  1959   55.6  1859   56.1  1880   50.2  1894   51.0  1880   55.5  1842   68.8  1959   78.8  1855   69.2  2016   85.1  1918   78.5  1968   80.1  1991   226.8  1911   168.7  1940   217.3  1849   247.8  1858   892.4  1919
   75.5  1924   53.7  1940   55.9  1955   50.0  1960   50.7  1887   55.4  1933   68.7  1854   78.4  1888   68.5  1847   85.0  1927   77.5  1917   79.8  1996   225.8  1969   168.3  1952   215.7  2015   247.6  1979   891.6  2005
   74.9  1981   53.0  1899   55.5  1936   49.9  1924   50.2  1998   55.2  1981   68.4  2005   77.8  1851   68.1  1842   84.4  1836   77.2  2020   79.7  1944   225.8  2005   167.8  1842   215.4  1916   247.6  1996   890.5  1943
   73.8  1870   52.1  1907   55.4  1958   49.2  1943   50.1  1863   54.8  2005   68.0  2003   77.4  1974   67.5  1970   83.7  1999   76.4  1995   79.5  1894   224.5  1857   166.9  1910   214.9  1908   247.2  1868   886.8  1911
   72.6  1979   51.8  2019   54.7  2001   48.2  2014   49.5  1950   54.8  1984   67.5  1857   77.2  1916   66.6  1980   83.4  1943   76.4  1907   79.0  1973   223.2  1918   165.3  2017   214.6  2000   247.0  1860   883.8  1915
   72.6  1856   51.7  2008   54.5  1974   48.0  1851   49.0  1977   54.5  1850   67.5  1933   77.1  1844   65.8  1905   83.2  1959   75.9  2007   77.9  1906   220.3  1861   165.2  1880   214.2  1918   244.3  1934   881.7  1937
   71.8  1862   51.6  1999   54.2  1891   48.0  1863   49.0  1929   53.3  1870   66.8  1937   76.9  1996   65.3  1945   82.8  1977   74.1  1987   77.3  2008   218.8  1887   165.1  1879   212.5  1889   243.0  1887   879.8  1940
   71.8  1933   51.5  1953   53.4  1911   47.8  1939   48.4  1946   52.8  1917   66.0  1964   76.8  1945   65.0  1873   82.2  1850   73.6  1943   76.5  1858   218.3  1901   163.5  1851   212.3  1893   242.2  1993   876.9  2018
   71.2  1941   51.3  1889   53.2  2000   47.7  1926   48.1  1961   52.8  1934   64.8  1899   76.3  1918   64.8  1884   81.8  1991   73.3  2008   76.2  1998   216.5  1878   163.5  1922   211.7  2010   240.7  1895   876.4  1859
   71.0  1843   51.2  2015   53.1  2007   47.7  1841   47.7  2017   52.0  1858   64.7  2000   76.3  1893   64.1  1838   81.3  1936   72.9  1893   76.1  1867   215.8  1902   163.3  1892   210.5  1876   238.6  1907   876.1  2013
   70.9  1916   51.1  1874   52.8  1976   46.5  1903   47.7  1987   51.7  1950   64.4  1865   76.1  1861   63.5  1909   81.0  1899   72.9  1894   75.7  1839   212.8  1993   163.3  1861   210.4  1858   238.6  1837   874.6  1896
   70.1  1882   51.0  1943   52.5  1870   45.3  2003   47.4  1884   51.3  1905   64.4  1972   75.4  1994   63.5  2021   81.0  1913   72.0  1887   75.6  1976   211.4  1871   163.2  1871   209.3  1896   238.4  1862   874.2  1856
   69.3  1971   50.7  1949   51.5  2004   45.1  1884   47.2  1900   50.6  1922   62.7  1860   75.1  1875   63.2  1837   80.9  2010   70.5  1952   75.5  1935   210.3  1906   163.2  1961   209.2  1970   236.2  1912   872.9  1899
   69.1  1836   49.0  1909   50.5  1899   44.7  1866   47.0  1909   50.5  1993   62.5  1941   74.9  2013   62.6  1969   79.1  1859   70.3  1885   74.0  1871   204.2  2009   162.1  1890   207.2  1942   235.5  1990   871.4  1997
   68.8  1850   48.7  1851   50.5  1902   44.6  1874   46.9  1850   50.5  1967   62.0  1981   74.6  2000   62.5  1860   77.7  1867   69.9  1870   73.3  1863   203.8  1865   162.0  1933   207.1  1964   235.5  1897   865.7  1837
   68.7  1859   48.4  1841   49.6  2005   42.9  1956   46.9  1875   50.4  1913   61.8  1901   74.6  1876   61.3  2007   77.4  1979   69.6  1904   72.6  1962   202.8  1972   161.6  1978   207.0  1999   234.5  1919   864.3  1929
   68.6  1841   47.3  1847   48.3  2002   42.6  1941   46.6  1957   50.0  1920   61.5  1856   74.5  1902   61.2  2020   77.1  1958   68.8  1845   72.3  2004   202.7  1842   160.7  1901   206.5  1993   233.2  1914   864.2  1917
   67.7  2010   47.2  1855   47.2  1966   42.4  1942   46.4  1870   49.7  1973   61.4  1876   74.2  1867   61.1  1947   76.6  2009   68.8  2001   71.6  1987   202.6  1914   160.5  1884   205.6  1886   233.1  1888   863.4  1874
   67.7  1908   47.2  1860   47.2  1879   42.0  1967   45.6  1874   49.7  1930   60.6  2014   73.9  2010   60.5  1890   76.3  1839   68.1  1999   70.9  1947   201.9  1851   160.0  1982   204.9  2001   232.0  1901   861.5  1972
   67.5  1923   46.7  1971   47.0  1869   41.5  1988   45.0  1960   49.2  1957   60.4  1951   73.7  1993   60.2  1851   76.2  2018   67.9  1903   70.7  1887   201.1  1989   159.8  1943   204.6  1865   230.3  1995   861.1  1871
   66.9  1955   46.5  1968   46.5  1887   39.8  1915   44.6  1927   49.0  1903   60.2  1907   72.6  1964   59.7  1938   75.5  1901   67.6  2013   69.8  1904   200.8  1859   159.6  2009   202.7  1842   229.7  1953   858.8  1838
   66.6  1914   46.4  1927   46.5  1959   39.6  1978   43.8  1948   48.6  2022   59.6  1980   71.9  2018   59.7  1882   75.4  1851   67.1  1899   68.3  1968   200.6  1924   158.7  1849   202.3  1952   229.3  1986   858.2  1867
   65.8  1842   46.0  1919   46.3  2009   39.5  1933   43.6  1975   48.4  1961   58.9  1859   71.9  1911   58.1  1977   75.2  1910   66.4  1933   67.0  1988   200.5  1944   158.5  1896   200.6  2013   229.2  1988   856.5  1947
   63.2  1887   45.8  1979   45.2  1898   39.1  1864   42.9  1883   48.4  1873   58.6  1962   71.7  1901   57.8  2013   75.1  1893   66.2  1848   67.0  1883   198.4  1976   157.0  1939   200.3  1898   228.8  1898   856.3  1847
   62.9  1844   45.7  1901   45.0  1923   38.4  2009   42.7  1982   48.4  1902   58.5  1963   71.6  1989   57.8  2003   73.5  1905   66.1  2021   66.7  1928   197.8  1890   156.6  1921   199.9  1940   228.5  1853   852.8  1879
   62.8  1892   45.0  1973   44.7  1950   38.3  2019   42.6  1992   48.1  1937   58.4  1945   71.1  2005   57.3  1990   72.1  1971   65.9  1925   66.2  1878   196.4  1895   156.1  1895   197.1  1905   227.9  1873   851.8  1890
   62.4  1865   44.7  1983   44.6  1948   38.1  1946   42.5  1930   47.5  1986   58.3  1892   70.2  1998   57.3  1913   70.1  1876   65.6  1846   66.0  1950   195.8  1982   156.0  2007   196.0  1902   227.0  1850   849.1  1962
   62.2  1839   44.5  2013   43.7  1883   38.0  1955   42.4  2016   47.5  2013   58.2  1904   69.8  1854   56.6  1937   69.5  2015   65.4  1868   65.7  1888   195.4  1876   155.6  1858   195.7  1904   225.6  1933   846.0  1945
   60.5  1885   44.1  1942   43.6  1997   37.9  1887   42.4  1915   47.3  1901   57.8  1919   67.7  1977   56.6  1979   69.4  1963   65.1  1975   65.2  1967   195.1  1954   155.1  1953   195.5  1972   225.5  2011   844.0  1976
   57.3  1935   43.9  1976   43.5  1960   37.8  1936   42.1  1855   47.3  1893   57.4  1943   67.6  1997   56.4  1916   68.5  1869   64.7  1844   65.2  1984   194.9  2019   154.9  1926   194.8  1969   224.4  1842   841.5  1885
   57.2  1940   43.1  1905   43.2  1915   37.7  1892   42.0  1857   46.1  2014   57.2  1971   66.4  1984   56.1  1919   67.2  1993   64.3  1993   64.2  1981   194.3  1959   154.2  1874   194.8  1934   223.0  1913   837.9  1898
   56.0  1891   43.0  2012   42.8  2003   37.7  1896   41.1  1897   46.0  1867   56.8  1994   65.1  1975   55.4  1912   66.9  1937   64.2  1873   63.3  1932   194.3  1893   153.5  1995   194.3  2005   222.6  2016   836.7  1840
   55.3  1898   43.0  1878   42.2  1858   36.2  2015   40.3  1911   45.9  1891   56.6  1934   64.9  1883   54.2  1889   66.7  1854   62.5  1962   62.4  1889   193.3  1917   150.4  1928   191.1  1921   220.2  1941   834.0  1908
   55.1  2001   42.6  1956   42.2  1853   36.1  1881   39.9  1846   44.4  1906   56.4  1900   64.1  1837   54.2  1914   66.7  1887   61.6  1932   61.1  1913   192.6  1949   150.1  1997   189.4  1874   219.9  1893   832.4  1888
   54.9  1967   42.4  1982   41.7  1925   35.5  1990   39.4  1984   43.7  1929   56.0  2001   64.0  1914   54.1  1920   65.5  1866   61.4  1976   60.6  1861   192.4  1996   150.0  1959   189.4  1977   219.2  1959   831.4  1952
   54.7  1950   42.1  1857   41.5  2022   35.5  1860   39.2  1871   43.3  1908   55.6  1928   63.9  1939   54.0  1917   63.3  1921   61.1  1908   60.1  1995   189.7  1968   148.3  1991   189.0  1941   218.6  2014   831.1  1949
   54.3  1845   41.6  1913   41.3  1865   35.5  1929   39.1  1994   42.8  1994   54.3  1874   63.8  1949   53.6  1991   61.1  1948   61.0  1921   59.5  2005   189.3  1838   147.5  1911   187.9  1911   217.3  1889   828.7  1942
   54.1  1901   41.0  1838   40.9  1837   35.5  2022   38.9  1990   42.8  1970   52.9  1969   63.1  1969   53.4  1870   61.0  1955   60.9  1990   59.4  1939   187.6  1992   147.0  1873   186.7  1979   216.4  1909   827.0  2010
   53.9  1966   40.9  1854   40.7  1871   34.7  1918   38.3  1928   42.0  1899   50.2  1991   61.0  1896   52.3  1955   61.0  1956   60.8  1988   59.2  1908   187.5  2017   143.2  1866   185.6  1932   214.9  1894   825.9  1913
   53.8  2017   40.5  1938   40.4  1946   34.1  1958   37.4  2001   41.0  2015   50.2  1996   60.7  2021   49.2  1850   60.8  1973   60.5  1915   59.1  1945   187.4  1843   140.8  1948   182.8  1906   214.7  1985   818.7  1941
   53.3  1902   40.0  2009   39.9  1878   33.4  2013   37.1  1922   41.0  2010   49.9  1986   60.4  1885   48.0  1964   60.1  1950   60.0  1924   59.0  1927   185.0  1864   140.7  1850   180.8  1901   209.0  1942   815.5  1889
   52.5  1909   38.9  1902   39.2  1949   33.1  1921   36.9  1868   40.5  1979   48.8  1952   58.9  1836   46.5  1997   59.5  1844   59.9  1961   58.9  1903   183.4  1886   139.3  1883   179.8  2006   207.0  1856   813.1  1991
   51.7  1973   38.0  1842   37.7  1962   32.7  1976   36.8  1901   39.8  1983   47.3  2018   58.6  1853   46.1  1854   59.3  1890   57.6  1934   58.2  1975   182.0  1942   138.5  1960   179.1  1935   206.6  1854   807.2  1865
   51.6  1949   36.8  2003   37.0  1918   32.6  1861   36.6  1978   39.0  1869   47.1  2022   58.5  1935   43.7  1933   57.9  1856   57.6  1892   57.7  2001   181.2  1856   137.4  1996   179.0  1990   205.1  1978   798.7  1850
   50.7  1929   36.3  1896   37.0  1863   31.4  1865   36.5  1936   38.3  1904   47.1  1887   57.8  1847   43.1  2015   57.7  1914   57.5  1853   57.3  1875   180.9  1879   136.6  1980   177.9  1919   204.8  1855   798.4  1870
   49.2  1864   36.3  1846   36.6  1926   31.2  1906   36.2  2004   37.4  1919   46.9  1925   57.7  1936   42.5  1904   57.4  1995   56.3  1902   57.2  1846   179.7  1973   135.7  1944   176.9  1884   204.2  1962   797.0  1884
   49.1  1847   36.1  1849   35.1  1945   31.2  1928   35.7  1974   37.1  1886   46.5  1948   57.5  1968   41.5  2009   56.3  1964   56.2  1948   56.2  1970   174.4  1855   135.1  2022   176.0  1975   202.4  1975   796.8  1901
   48.5  1848   36.0  1863   35.1  1847   30.9  1870   35.4  1866   37.1  1849   45.7  1906   55.1  2007   40.3  1939   54.9  1884   55.6  1989   55.1  1931   172.1  1971   135.1  1887   175.0  1994   201.1  1945   796.4  1857
   48.5  1992   34.7  1888   34.7  1956   28.7  1914   34.8  1851   35.6  1988   44.3  1921   54.9  1990   40.1  1846   54.4  1920   55.5  1918   54.7  1917   171.4  1953   135.1  1863   174.6  1989   200.8  1958   795.0  1853
   48.2  1897   34.2  1998   32.4  1924   28.5  1890   34.6  1939   35.0  1996   43.4  1905   54.2  1886   40.1  1900   54.1  1953   54.9  2011   53.1  2016   170.3  1940   134.3  1935   173.4  2021   200.5  1844   790.8  1995
   47.0  1996   33.7  1873   31.9  1849   28.0  1995   34.3  1940   33.8  1951   41.0  1990   54.1  1920   38.8  2002   53.5  1997   54.8  1964   53.1  1842   168.3  1854   133.9  1918   171.3  1981   199.5  1948   788.5  1851
   46.1  1911   33.6  1875   31.4  1843   27.0  1997   34.0  1919   33.7  1960   39.7  1995   54.1  1981   38.8  1996   51.9  1857   53.9  1957   52.0  1879   164.9  1907   129.9  1936   170.5  2003   198.1  1908   785.5  1953
   44.6  1889   32.5  1845   31.1  1892   26.7  1875   33.8  1837   31.5  1918   39.1  1983   52.9  1887   37.9  1888   51.6  1931   53.9  2004   49.0  1865   163.1  1896   129.8  1870   168.2  1991   197.0  1910   784.4  1864
   43.5  1893   32.2  1887   31.1  1996   25.7  2010   33.1  2018   31.4  1992   39.0  1979   52.2  1870   37.3  1901   51.5  1842   53.2  1857   46.8  1943   162.0  1874   129.1  1839   162.3  1937   189.7  1997   782.7  1873
   43.5  2006   31.2  1963   30.7  1854   25.6  1855   32.0  1848   30.1  1932   38.1  1917   50.4  1842   36.7  1972   50.9  1897   51.3  1955   46.6  1850   161.8  1839   127.0  1837   162.1  1996   189.7  2003   777.7  1989
   43.3  1876   28.9  1924   30.6  1990   25.0  1844   32.0  1956   29.5  1995   37.9  1863   50.4  1869   36.1  1921   49.2  1888   50.5  1858   45.9  1953   161.7  2006   126.9  1946   160.8  1885   189.0  1971   777.1  1973
   43.3  1987   28.9  1862   30.5  1910   24.9  1839   31.0  1853   29.2  2018   37.9  2006   48.8  1864   36.0  1902   48.5  1840   50.1  1973   43.8  1857   161.5  1889   126.3  2011   159.7  1933   186.5  1947   776.9  1904
   42.6  1896   28.3  1975   30.4  1935   21.1  2011   30.8  1888   29.2  1942   37.6  1885   48.8  1871   35.9  1949   48.3  1965   47.9  1983   42.6  1838   161.3  1862   125.7  1853   158.5  1947   185.5  1857   774.5  1854
   42.4  1871   27.9  1890   29.4  2011   21.1  1873   28.5  2008   28.6  1962   36.2  1897   48.2  1880   35.2  1929   48.2  1908   47.8  1855   42.4  1855   160.7  1909   125.4  1915   157.6  1847   181.0  1973   773.5  1971
   42.3  1989   27.2  1886   28.7  1938   20.6  2017   27.6  1905   28.4  1874   34.6  1976   47.5  1932   32.4  1928   48.0  1985   47.6  1920   42.0  1892   160.2  1927   125.4  1957   156.2  1949   180.9  1972   771.4  1893
   40.3  2019   26.9  1917   28.5  1961   20.1  1840   27.0  1980   28.0  1975   34.3  1955   47.4  1937   31.2  1915   47.9  2003   47.5  1884   39.9  1885   159.8  1932   124.9  1855   148.4  2018   180.4  1867   760.0  1975
   38.8  2022   26.6  1964   27.6  1943   19.6  1982   25.5  1861   27.1  2006   33.3  1999   44.0  1913   30.3  1895   46.7  1861   47.0  1879   38.9  1853   153.5  1847   124.2  1938   146.4  1959   180.1  1902   759.9  2003
   37.7  1888   26.0  1986   27.4  1973   19.2  2007   25.4  1989   26.7  1923   33.2  1989   42.0  2022   29.3  1906   44.4  2016   46.9  1871   38.8  2010   152.9  1985   123.8  1900   146.1  1984   178.1  2007   759.8  1921
   37.3  1838   25.0  1929   25.8  1875   18.2  1954   25.1  1876   26.0  2021   32.5  1864   39.1  1884   28.0  1898   42.8  1879   46.5  1937   38.5  1941   148.3  1844   122.6  2010   145.2  1864   176.1  1989   759.2  1996
   37.1  1858   24.8  1952   25.5  2012   18.1  1854   24.2  2010   25.9  1915   31.9  1977   38.8  1972   27.8  1971   41.0  2007   45.4  1922   35.8  1851   147.6  1905   121.9  1984   140.0  1925   174.4  1956   757.9  1959
   36.7  1963   24.7  1930   25.1  1893   15.4  1984   24.1  1959   23.6  1865   31.4  1935   37.2  1991   24.4  1989   40.3  1975   44.5  1856   34.5  1971   145.1  1880   116.0  1840   139.9  1899   174.3  1922   751.8  1842
   36.4  1861   23.7  1965   25.0  1900   15.3  1852   22.4  1935   23.3  1884   31.3  1847   36.9  1983   21.9  1894   38.5  1915   41.9  1896   33.1  1963   143.2  1888   115.2  1854   139.8  1955   172.8  1851   750.2  1964
   35.9  1953   19.7  1895   23.5  1993   15.2  1842   20.6  1895   22.6  1949   30.5  1982   36.9  1933   21.3  1855   37.4  1922   37.2  1851   32.2  1873   142.4  1929   113.4  1844   137.7  2022   170.1  1937   747.3  1933
   35.1  1879   17.2  1993   23.1  1953   14.8  1893   18.5  1970   22.2  1940   27.6  1898   36.0  1940   21.3  1941   37.4  1962   37.0  1889   31.5  1926   140.6  1963   109.5  1956   131.2  1870   167.2  1884   742.4  1858
   34.9  1907   16.7  1959   21.6  1931   14.7  1957   17.2  2020   20.4  1976   26.6  1878   33.1  1899   20.2  1986   36.1  1904   36.8  1862   30.6  1905   139.8  1841   105.1  1990   125.7  1868   164.7  1955   742.2  1905
   34.8  1964   16.3  1934   21.0  1850   14.6  1974   17.1  1896   16.8  1868   26.6  1913   30.6  1955   18.1  2014   32.0  1951   35.4  1956   27.1  1890   123.3  1934   104.7  1974   121.0  1913   161.2  1879   734.2  1902
   34.7  1905   15.0  1858   16.1  1944   14.0  1912   16.6  1991   16.8  1889   25.7  1870   19.1  2003   17.8  1907   32.0  1978   34.7  1909   22.9  1840   100.0  1845    99.3  1875   115.8  1983   160.4  1921   721.5  1955
   23.0  1855   13.2  1932   13.8  1852   13.8  2020   15.7  1839   16.1  1941   25.2  1869   17.6  1959   17.4  1865   30.6  1946   33.5  1942   22.3  1933    95.9  1858    97.7  1929   114.6  1869   159.1  1964   707.2  1855
   21.3  1881   11.9  1985   13.1  1929   12.6  2021   10.9  1859   11.8  1921   24.9  1984   16.7  1976   17.1  1843   28.6  1969   30.6  1867   21.6  1843    94.4  1964    93.0  1893   110.4  1887   156.1  1920   671.9  1844
   16.6  1880    8.0  1921   12.6  1840    9.8  1938    8.9  1836   10.4  1887   18.2  1911   12.5  1995   14.8  1959   27.8  1972   29.7  1958   13.2  1844    88.9  1891    88.0  2020    81.7  1995   148.2  1904   654.6  1887
   13.1  1997    5.8  1891   10.9  1856    9.4  1980    8.3  1844    4.8  1925   15.7  1868    7.5  1947   14.2  1910   21.4  1947   17.7  1945    ---  2022     ---  1836    83.3  1852    71.7  1976   130.2  1915     ---  2022
