Areal values from HadUK-Grid 1km gridded climate data from land surface network
Source: Met Office National Climate Information Centre
Monthly, seasonal and annual total duration of bright sunshine for England SW and S Wales
Areal series, starting in 1919
Last updated 01-Dec-2022 10:42
    jan  year    feb  year    mar  year    apr  year    may  year    jun  year    jul  year    aug  year    sep  year    oct  year    nov  year    dec  year     win  year     spr  year     sum  year     aut  year     ann  year
   82.7  1933  113.7  2018  197.5  1929  242.6  2021  311.1  2020  317.4  1925  297.7  2013  282.4  1995  225.5  1959  140.4  1919   98.1  1923   83.3  2001   228.9  1963   695.5  2020   750.1  1989   403.2  1959  1767.5  1949
   80.6  2003  111.7  2008  173.5  1948  233.3  1984  280.0  1948  297.2  1957  293.2  1955  281.9  1947  189.0  1929  134.2  1921   89.6  1988   75.8  2008   219.0  1949   654.3  1948   740.2  1976   394.6  1971  1758.1  1959
   79.4  1940  108.8  2019  170.0  1955  228.9  2020  267.2  1990  283.7  1975  289.6  1990  280.7  1976  185.0  1928  133.5  1994   89.3  1971   69.2  1946   218.8  1934   606.1  1990   726.3  1949   361.0  1999  1737.6  1955
   78.6  1963  106.3  1988  165.8  2012  225.3  1954  256.4  1989  280.3  1940  279.9  1989  237.6  2022  184.2  1940  128.3  1971   89.0  1925   66.7  1944   218.4  1933   587.8  1929   724.8  1995   355.7  1955  1734.0  1929
   75.8  1959  105.7  1934  162.3  2003  224.2  1921  246.1  1956  266.8  1949  268.8  1971  236.8  1989  179.5  2015  128.3  2018   88.1  2006   65.4  1962   213.6  2018   585.5  1956   696.4  1975   352.0  1929  1719.2  1995
   74.8  1952  102.9  1996  159.7  1933  223.7  2015  244.9  1992  263.1  1962  265.6  2006  235.8  1983  179.1  1964  126.4  2010   86.5  2005   63.4  1948   212.4  1952   568.6  2007   686.0  1959   350.0  1921  1718.8  1990
   72.0  1931   99.5  1949  159.6  2007  220.5  2007  240.2  1997  261.5  2010  263.8  1984  232.1  2005  177.1  1971  125.1  1962   83.5  1989   63.4  2014   208.9  2015   563.1  1955   680.6  1940   349.0  1928  1716.7  1989
   70.4  1979   97.5  2004  159.4  2022  218.2  2011  238.7  1977  259.8  1969  261.0  1934  224.2  1998  174.9  1990  123.8  1993   81.0  1977   62.1  1960   207.0  2003   559.8  1921   679.9  1984   345.2  2010  1709.7  1933
   70.4  2010   94.7  1956  159.1  1944  216.7  1938  237.3  1949  257.7  1960  261.0  1983  220.4  1955  172.3  2002  123.4  1959   80.9  1999   61.3  2009   206.8  1998   559.6  1997   679.7  1996   343.7  1964  1707.7  1921
   70.0  2001   92.6  1970  158.4  2009  216.7  2010  237.1  1922  257.6  2018  260.3  2018  216.4  1919  172.0  1991  123.3  1999   80.9  1933   60.7  1970   206.3  2010   553.4  2010   679.7  2006   341.9  1933  1671.8  2020
   69.4  1945   91.7  2001  157.1  1924  211.0  1990  235.1  1966  255.1  1921  254.4  1949  214.3  1937  170.0  1939  123.0  2016   80.2  1990   60.5  1929   204.7  2001   552.3  1953   672.8  2022   339.4  1990  1657.5  2010
   67.4  1985   89.9  1933  155.4  2020  209.5  1945  231.6  1961  251.1  1942  248.1  1921  214.1  1933  168.9  1933  121.3  1955   79.3  1998   60.0  1961   202.2  2008   549.1  2011   669.6  2013   338.5  1940  1650.9  2003
   67.2  1965   87.4  1952  153.3  2011  201.8  1969  231.2  1959  250.5  2006  246.0  2014  211.9  1940  166.3  1978  120.2  1922   77.8  2016   60.0  1997   197.4  1945   544.6  1944   667.1  2014   337.0  1923  1648.6  1940
   67.0  1980   86.7  2003  152.7  1953  200.8  1948  230.6  1921  244.2  1996  239.8  1935  210.0  2007  164.7  1996  119.9  1997   77.1  1967   59.3  1965   197.0  1988   542.9  2003   665.8  1934   336.7  2003  1640.8  1975
   65.3  1978   86.5  1951  150.9  1973  198.8  1997  230.3  1957  240.1  1959  238.4  1959  207.7  1944  162.9  2020  118.3  1947   76.8  1995   58.1  1957   194.7  2004   536.1  2009   665.7  1955   334.6  1919  1625.1  2018
   64.1  2017   85.8  1998  150.7  1956  197.6  1951  230.0  2018  237.5  1932  238.2  1999  207.5  1959  161.9  1921  117.5  1965   76.2  1969   58.1  1952   193.4  1985   535.0  2021   659.9  2018   333.8  1988  1624.9  2014
   63.9  2009   85.3  2014  150.1  1967  195.9  1946  229.6  1944  237.3  1961  234.6  1976  205.1  1991  159.2  1955  116.8  1939   75.3  1996   57.8  2010   193.1  2009   534.6  1949   656.5  1921   331.9  2018  1611.8  1984
   63.4  2006   85.2  1967  143.1  1995  193.0  2003  228.3  1971  236.8  2014  234.4  1997  205.1  1949  158.7  1966  116.5  2022   75.1  1955   57.7  1983   192.3  2000   534.3  1995   655.1  1983   330.9  1997  1597.6  1948
   62.9  1991   85.1  1989  142.5  1932  191.4  1953  225.4  2001  236.4  1984  231.6  1996  204.7  2003  158.4  1972  115.3  1975   75.1  2010   56.8  1933   188.5  2002   532.6  2015   655.0  1925   328.7  1925  1596.1  2007
   62.6  1994   84.9  1963  142.4  1972  191.0  1982  220.3  2004  235.4  2015  229.9  1928  204.4  1923  158.0  2019  114.8  1931   74.2  2017   55.8  1935   186.2  1959   530.6  1943   648.3  1933   328.1  2002  1595.6  2006
   61.7  1989   84.5  2000  141.9  1982  188.7  1956  220.1  1975  234.1  1929  227.3  1929  203.9  1996  157.0  1954  114.0  1951   73.7  1965   55.3  1925   185.6  1991   529.0  1982   632.5  1969   326.9  1975  1592.4  1976
   61.7  2015   84.3  1955  139.4  1943  187.0  1939  219.7  1998  233.4  1989  222.5  1951  203.8  1972  156.8  1999  112.8  2008   72.4  1986   55.3  1963   185.3  1962   528.4  1922   625.7  1919   326.9  1966  1589.3  1953
   61.0  1998   83.9  2015  138.2  2016  185.9  2017  218.8  1995  233.1  1951  220.6  2022  202.8  1981  155.3  2014  112.3  2003   72.4  1948   53.0  1964   182.8  1930   527.0  2016   621.6  1929   326.4  1939  1586.6  1996
   60.8  1954   83.5  1928  137.3  1938  185.5  1980  218.6  1929  232.0  1930  218.8  1933  202.0  1953  154.5  2009  111.9  1943   71.5  1972   52.6  2005   181.5  1956   512.9  1945   617.3  1951   326.1  1996  1585.5  1925
   59.8  1928   82.6  1983  137.2  1945  183.6  2008  218.1  1940  230.5  1995  218.4  2019  200.4  1975  154.1  2003  111.6  1945   71.3  1985   52.5  1996   181.1  1951   508.5  2012   615.2  1957   324.6  2007  1582.0  1919
   58.8  2000   82.3  1960  136.2  1949  181.0  1960  217.0  1934  230.4  1939  217.7  1941  198.1  1990  151.6  1986  111.1  1956   71.1  1973   52.4  1923   180.8  2006   506.6  1938   613.8  1947   324.5  2016  1572.7  2015
   58.1  2012   81.4  2016  133.7  1968  180.3  1942  215.0  1980  228.0  1950  215.1  2021  194.7  2016  151.4  1997  110.9  1941   70.6  1960   52.3  2012   180.7  1931   505.7  1989   613.3  1990   323.4  1995  1570.3  2001
   57.9  1946   81.1  1968  132.3  1965  180.1  1976  215.0  1939  226.6  1992  212.2  1975  193.9  1936  150.5  1937  109.9  1953   70.3  2003   51.6  1984   178.9  2005   505.3  1954   612.6  2005   322.7  2006  1566.8  1934
   57.8  1942   81.0  1957  131.0  2015  178.5  1955  214.8  1943  224.9  1976  211.8  1995  192.4  1993  149.2  2007  108.3  2007   69.8  1975   51.6  1939   177.5  1953   501.1  1984   609.9  1961   320.2  1993  1565.7  2005
   57.6  2011   80.7  2005  130.3  2010  176.4  1943  214.6  1955  224.5  1926  210.8  1977  191.9  1964  148.1  2005  107.9  1928   68.8  2013   51.4  1938   177.3  1967   500.8  1946   604.3  1935   319.6  2005  1564.1  1997
   57.5  1992   79.3  1932  128.9  2014  176.3  1973  213.6  2016  223.1  1934  208.2  1994  190.5  1935  147.9  2006  107.8  1927   68.1  1980   51.1  1950   176.1  2014   500.0  1950   596.6  1941   317.3  1972  1560.4  1943
   57.4  2022   79.0  1939  128.5  2000  176.2  2002  211.8  2019  220.2  2004  205.8  1969  189.7  1987  147.6  1923  107.3  1936   67.9  2001   51.0  1943   176.1  1954   499.3  2022   584.9  1928   316.8  1986  1557.8  1957
   57.3  1919   78.9  1954  127.9  1961  175.2  2016  209.5  1978  219.2  2008  204.9  1953  187.2  2019  145.7  2004  106.4  1944   67.7  1935   50.9  1973   175.5  1996   496.2  2019   583.7  1960   316.3  1947  1554.8  2013
   56.6  1935   78.4  1943  127.8  1990  173.9  1974  208.2  1953  215.9  1919  204.1  1979  184.5  1966  145.3  1988  105.9  1969   67.5  1937   50.9  1976   175.3  1970   495.7  1957   583.0  1926   314.8  1937  1550.2  1971
   56.2  1934   77.4  1944  127.8  1966  173.2  2022  207.2  1950  215.4  1933  201.0  1961  184.3  2014  144.9  1979  105.8  1995   67.4  1949   50.5  1926   174.6  2019   490.5  1939   581.7  1999   313.1  1943  1547.8  1956
   56.1  1949   77.0  1975  125.9  1950  172.4  1995  206.7  2013  214.7  2022  200.9  1968  183.1  1974  143.7  2010  104.4  1964   67.2  2007   50.5  1979   174.0  1979   490.0  1933   581.5  1994   311.4  1978  1541.5  2009
   55.9  1984   76.1  1930  125.1  1940  172.2  1957  206.5  2012  214.7  2009  195.3  1943  181.7  1934  143.4  1949  103.8  1966   67.1  1976   50.4  2007   173.6  1989   488.0  2008   581.0  1953   309.8  2015  1538.9  2019
   55.8  1988   76.0  1959  125.1  1962  172.0  2009  206.4  2010  214.6  1967  194.6  1985  181.5  2004  142.0  1952  102.3  1932   67.0  1942   50.2  1967   173.0  1984   487.7  1980   580.6  1930   308.2  1952  1533.4  1928
   55.6  1999   75.7  1925  124.3  1931  171.9  1922  206.1  1987  214.2  1970  194.6  1924  179.7  1984  142.0  2012  102.0  1920   66.8  1952   50.2  1951   172.4  1924   481.6  1959   576.4  1950   306.0  1949  1529.7  1962
   55.3  1956   74.8  1941  121.6  2008  171.8  1929  205.6  2009  211.2  1922  193.4  1919  179.5  1956  141.8  1944  100.4  1987   66.2  2022   50.0  1936   171.2  1941   480.0  2017   571.2  1942   305.4  2001  1523.9  2004
   55.0  1929   74.5  1921  121.3  2019  171.4  1965  203.5  2005  211.1  1994  193.3  1946  177.9  1928  141.8  1975  100.1  1983   66.1  1950   49.8  1920   171.0  1940   479.5  1977   569.4  2001   303.8  1991  1521.2  2016
   54.8  1987   74.5  2010  120.7  1985  170.8  1972  200.4  2017  209.1  2001  191.7  2000  177.6  1926  140.8  1995  100.1  1938   66.0  1943   49.3  1986   170.7  1987   478.8  2004   568.7  1962   303.6  1979  1520.2  1999
   54.0  1947   74.4  1985  120.7  1997  169.7  1962  199.6  1952  205.7  1973  189.5  2001  177.1  2000  140.7  1934   99.4  1929   65.7  2014   49.2  2019   170.4  1942   477.9  1973   564.6  1967   303.4  2014  1518.3  1961
   53.1  2020   74.4  1948  119.4  1922  169.1  1925  198.9  1988  205.7  2003  188.8  2005  177.1  2013  140.6  1925   99.4  1952   65.5  1931   49.0  1999   170.3  1965   472.8  1974   563.8  1993   302.9  2009  1517.9  1951
   53.1  1941   74.3  1991  119.3  2004  166.8  1950  197.7  1937  205.1  1941  188.4  1940  176.1  1965  140.2  1981   99.1  1925   65.4  2020   48.4  1990   169.6  2020   472.7  1987   559.5  2004   302.6  2008  1516.6  1939
   53.0  2005   74.0  1962  118.3  1937  166.6  1987  197.2  1936  201.3  1938  187.3  1987  175.7  1939  139.5  1953   98.9  1988   64.6  2021   47.7  1994   169.6  1939   472.6  1961   558.4  2003   302.1  1998  1512.9  1935
   52.2  2018   73.8  1986  117.0  1935  165.3  2006  196.2  1982  199.6  1974  184.5  2020  175.4  1973  139.5  2018   98.8  2001   64.5  1951   47.7  2017   168.2  2011   471.9  1962   557.7  2019   301.8  1965  1512.8  1952
   52.1  1967   72.4  1924  116.8  2021  164.7  1968  195.9  1927  195.9  1943  183.9  1925  173.8  1941  138.8  2001   98.6  1979   64.4  1966   47.3  1980   167.9  1971   471.4  1975   556.1  2010   301.2  1973  1507.5  2008
   51.6  2004   71.6  1971  115.7  1934  163.2  2019  192.6  1946  195.3  1993  183.1  1964  173.4  1930  138.8  1919   98.6  1977   64.4  1930   46.9  1992   167.3  1928   468.9  1965   555.5  2015   300.2  1953  1503.8  2021
   51.4  1923   71.5  1922  115.2  1927  163.0  1994  192.5  1974  195.3  2011  181.8  1967  171.7  1978  138.4  1973   98.5  2015   64.1  2018   46.4  1995   167.2  1955   467.2  2002   551.5  1973   299.8  1922  1502.0  1960
   51.2  1962   70.6  1981  113.1  1925  161.2  1988  191.4  1919  194.8  2013  180.9  1926  171.6  1961  136.9  1947   98.0  1961   64.0  1957   46.0  2016   166.8  2017   466.9  1927   548.7  1971   299.6  1948  1498.5  1944
   50.7  2007   70.4  1953  112.4  1946  161.0  1949  191.4  1985  194.7  1952  180.8  1966  170.8  2001  136.5  1967   96.9  1937   63.7  1993   45.7  1932   165.9  2013   466.7  1940   546.9  1943   299.6  2020  1490.6  2011
   50.4  1920   70.3  1974  112.0  1970  161.0  2013  189.8  2002  191.7  2005  180.4  1942  170.0  1950  135.1  1943   96.6  2004   63.6  1929   45.6  1954   165.1  1981   466.3  1971   545.0  1970   298.5  1962  1489.6  1967
   50.3  2016   70.0  1931  111.1  1920  160.6  1977  189.6  1935  189.9  1963  179.7  2007  169.6  1945  133.0  2008   96.5  2021   63.3  2012   45.5  2003   164.8  1936   463.0  1934   544.0  1968   298.4  2022  1489.3  1969
   50.2  1977   70.0  2007  110.7  1999  158.3  1936  188.8  1996  188.6  1986  178.4  1950  168.8  1952  132.9  1960   96.1  1998   62.9  2002   45.2  2004   164.7  1977   463.0  1976   542.2  1956   297.4  1977  1485.2  1950
   50.1  1958   69.8  2002  110.2  1978  158.2  1952  188.6  2007  188.4  1956  176.8  2015  168.2  2002  132.7  1993   96.0  1948   62.9  1987   45.1  1937   164.7  1980   462.6  1924   538.1  2000   297.1  2012  1477.2  1973
   49.0  1953   69.6  1920  109.9  1963  157.8  1989  188.1  1970  185.8  1968  176.4  1972  168.2  1967  132.4  1963   95.6  2011   62.8  2011   45.1  1949   163.9  1920   462.3  2013   536.9  2021   295.4  1985  1476.6  1922
   49.0  1997   68.9  1942  109.9  1919  157.6  1933  187.6  2003  185.8  2021  176.1  1993  166.9  1969  131.7  1987   95.5  1980   62.4  1922   45.0  1924   163.5  2007   462.3  1968   535.8  1966   295.0  1987  1467.7  1941
   47.6  1924   68.7  2013  108.6  1986  156.2  2014  185.2  1942  185.4  1920  175.4  2017  166.9  1977  131.7  2021   95.2  1949   61.5  1940   44.5  2013   163.3  1968   460.9  1966   534.7  1977   292.8  2021  1467.5  1942
   47.2  1957   68.7  2012  108.2  1958  155.9  1944  185.2  1958  183.6  1937  175.2  1930  166.1  1979  131.2  1948   94.9  1992   61.5  1961   43.8  1919   162.5  1960   459.5  1972   534.1  1952   292.4  1931  1457.9  1977
   47.2  1981   68.5  2021  108.0  1954  155.8  1919  184.9  1923  182.1  2017  174.3  1956  165.2  1932  131.2  1985   94.6  1926   61.0  1947   43.7  1941   162.3  1944   459.5  2014   532.1  1932   291.3  2004  1444.4  1985
   46.4  1927   68.2  1936  106.9  1975  155.7  1927  183.5  1920  182.1  1927  173.8  2011  164.5  1927  130.8  1935   93.2  1930   60.8  1963   43.5  2020   162.1  2012   458.9  1951   532.1  1974   289.6  1967  1443.4  1923
   46.3  2014   67.7  1990  106.4  1974  155.7  1999  183.0  1984  181.7  1999  172.5  1970  163.5  2006  129.1  1930   92.9  2002   60.5  1920   43.4  1940   161.3  1974   458.2  1942   531.8  2007   289.5  1941  1440.6  2000
   46.2  1930   67.4  1973  105.3  1930  153.9  2005  182.8  2008  179.6  2020  171.6  1948  162.5  1960  128.9  2011   92.8  1985   60.2  1964   43.2  1981   161.3  1994   457.1  1919   529.9  1939   287.8  1980  1440.3  1988
   45.4  1950   67.4  2020  105.0  1921  153.4  1983  182.7  1979  179.3  1988  170.6  1952  162.2  1994  128.7  1942   92.8  1986   60.1  1979   43.1  1969   160.9  2016   455.8  1978   529.9  1979   287.2  2011  1439.0  1970
   45.3  1922   67.2  1969  104.7  1976  152.5  1979  182.5  1960  177.6  1978  170.4  1973  161.8  1999  127.3  1938   92.8  1940   59.7  1982   43.1  2000   160.4  1932   453.6  2000   529.7  1923   286.7  1961  1438.8  1983
   44.9  2013   66.8  2022  104.7  1959  151.8  1924  182.1  1963  177.1  1928  169.7  1963  161.7  1951  127.2  1961   92.5  1974   59.7  1997   42.8  2006   159.0  1997   453.3  1985   525.6  1937   286.6  1930  1438.6  1945
   44.8  1960   66.5  1987  103.1  1993  149.6  1991  178.6  2000  174.1  1953  169.3  2008  160.3  1929  127.2  1970   92.1  1958   59.6  1927   42.2  1968   158.9  1999   452.0  1935   525.6  1964   283.9  2019  1437.3  2017
   44.7  1972   64.8  2006  103.1  1923  148.8  2001  178.1  1976  174.1  1944  166.7  2016  159.9  1957  126.8  1998   92.0  1933   59.3  1945   42.1  1978   158.5  1946   451.2  1988   523.9  2009   283.7  1944  1436.9  1965
   44.4  1986   64.5  1938  101.3  2002  148.4  1947  177.9  2015  174.1  1935  166.3  2012  158.3  1970  126.7  1962   91.8  2012   59.0  1978   42.0  1972   157.9  1927   450.5  2001   518.2  1998   283.6  1989  1435.9  1998
   44.0  1990   63.9  1923  100.0  1987  148.0  1928  177.6  2011  174.0  1965  165.7  2002  157.8  2017  125.7  1941   91.7  1973   58.7  2009   41.5  1928   156.2  1986   450.2  1952   517.2  1992   282.2  1935  1435.6  1966
   43.4  1951   63.7  1977   99.7  1991  147.0  1958  177.1  1962  172.5  1985  165.3  1923  157.2  1968  125.3  1984   91.3  1923   57.7  1974   40.7  1998   156.1  1925   448.2  1960   516.0  1985   280.9  1960  1434.1  1979
   43.0  2019   63.5  1919   99.5  1971  146.5  2000  176.8  1928  172.2  1982  165.1  1922  155.7  1943  124.7  1989   89.8  1950   57.5  1924   40.0  1966   156.0  2022   447.9  1967   515.3  2017   280.4  1920  1431.5  1987
   42.8  1932   62.6  1946   99.2  1941  145.8  1959  176.0  1986  171.7  1947  164.2  1958  155.5  1997  124.3  1980   89.8  2009   56.8  2008   39.6  2002   156.0  1947   447.2  2005   512.8  2020   280.2  1938  1429.9  1994
   42.7  1926   62.6  1999   98.8  1994  145.3  1935  175.5  2021  171.4  1945  163.5  1960  154.7  1931  124.1  1968   89.2  2000   56.5  1926   38.7  1930   155.1  1957   444.6  2018   508.5  2011   278.0  1942  1423.8  1947
   42.6  1976   61.9  1935   94.6  2013  144.8  1986  174.4  2014  170.6  1966  162.8  1982  154.4  1988  123.9  1958   89.1  1970   56.1  1956   38.3  1931   154.8  1922   444.1  1992   507.6  1987   277.6  1936  1422.7  1938
   41.3  1982   61.5  1979   93.7  2017  144.4  1975  174.4  1951  169.2  2000  160.3  1947  153.8  1925  123.8  2016   88.6  2013   56.1  1928   38.1  1921   154.5  1958   440.5  1958   507.0  1997   276.3  1954  1421.9  2002
   40.8  1936   61.4  1994   93.3  2006  143.3  1926  172.7  1933  168.4  1958  158.1  1991  153.3  1921  123.8  1982   87.3  1972   55.6  2000   38.0  1945   153.7  1978   436.4  1969   505.2  1972   273.5  2017  1420.7  1974
   40.8  1938   61.3  1945   93.2  1957  142.4  1930  172.4  1941  162.2  1946  158.0  1957  152.5  2009  119.4  1974   86.7  2006   55.5  1919   37.9  1985   153.6  1929   435.5  1925   498.5  1991   273.1  1969  1417.4  1972
   40.4  1943   61.0  1927   92.6  1942  141.2  1985  172.2  1991  161.0  1931  157.8  2004  151.1  1962  118.0  1920   86.1  1978   55.4  1936   37.3  1993   153.2  1921   432.7  1936   495.9  1945   272.1  1927  1411.8  1978
   40.1  1974   59.4  1984   92.4  1952  139.1  2004  172.0  1954  160.1  1923  157.3  1980  149.4  2010  117.9  1977   86.1  1984   54.3  1959   37.1  1922   152.4  1983   432.6  1970   495.4  1981   270.3  1994  1410.0  1930
   40.1  2008   58.8  1964   91.4  1989  138.7  1981  171.8  1926  159.7  1979  156.8  2009  148.9  1985  117.7  2000   86.1  1996   53.9  1921   36.4  1953   152.3  1923   430.4  1937   494.6  1922   269.6  1974  1406.7  2012
   39.7  1970   57.5  1997   91.1  1988  138.5  1971  168.6  1993  158.3  1983  156.2  1986  148.6  2020  117.2  1922   85.0  2005   52.9  1938   36.0  1991   152.1  1943   429.4  1986   492.4  1924   268.4  1970  1403.9  1946
   39.5  1995   57.1  1929   89.9  1928  138.4  1941  167.3  1964  157.1  1977  154.8  1945  146.0  1938  115.7  2022   84.2  1990   52.8  1941   35.8  1974   151.2  1961   428.1  1998   492.2  1944   265.9  1932  1403.3  1937
   39.2  1939   56.8  2017   89.8  2005  136.9  1996  166.7  2022  156.6  1924  154.4  1962  145.5  1948  115.6  2017   83.8  2017   52.5  1984   35.5  1959   150.9  2021   422.3  2006   492.1  2016   265.7  1981  1397.0  1991
   38.9  1948   56.3  1982   88.5  1939  136.1  1978  166.2  1945  155.7  1980  150.2  1992  145.2  2012  115.2  1957   83.7  1935   52.1  1970   35.4  2011   150.4  1938   421.5  1991   491.5  1963   264.8  2013  1396.9  1964
   38.9  2021   56.0  1978   87.4  2018  136.1  2012  165.2  1965  155.2  1936  149.4  1974  145.1  1920  115.0  1936   83.5  1991   51.1  1968   35.2  1982   149.9  1964   418.2  1979   489.6  1965   263.9  1984  1391.0  1993
   37.9  1961   55.7  1992   87.2  1980  135.4  1967  163.9  1968  153.0  1954  148.0  2003  143.3  2015  112.7  1932   82.8  1981   51.0  1932   34.8  1987   149.4  1975   414.7  1928   489.3  2008   262.5  2000  1390.5  1980
   37.2  1955   53.4  2009   86.9  1951  133.6  1932  163.7  2006  152.1  2019  145.2  2010  142.0  2018  112.1  1931   82.4  1942   50.7  1953   34.4  1958   149.2  1992   413.2  1963   488.5  1946   262.1  1958  1387.5  1986
   37.0  1969   53.4  1937   85.4  1926  132.9  1998  162.3  1967  152.1  1955  145.1  1981  141.2  1924  110.6  1965   82.3  2014   49.0  2004   33.8  1947   147.1  1935   410.3  1999   481.8  2002   261.7  1950  1386.9  1982
   36.5  1975   52.8  2011   85.4  1969  132.5  1970  153.7  1924  151.8  1998  142.2  1998  140.6  1954  108.8  1924   81.4  1957   48.6  1992   33.4  1971   147.1  1948   410.0  1941   481.2  1978   261.6  1951  1385.8  1954
   35.8  1964   51.2  1961   84.8  1984  130.3  1934  153.6  1947  150.6  1964  139.4  1965  140.5  1992  107.4  2013   79.4  2019   48.3  1991   33.4  1942   146.4  1969   409.0  1923   479.2  1938   261.1  1945  1385.0  1968
   35.8  1966   50.8  1995   84.7  1960  128.7  1964  153.3  1925  149.9  1948  136.4  1931  140.5  1980  107.0  1926   78.5  1946   48.1  1946   32.6  1975   142.2  1990   406.3  1994   478.2  1936   260.5  1957  1382.2  1963
   35.6  1971   50.6  1950   84.1  1964  128.2  1992  152.6  1938  149.1  1971  132.6  1988  140.0  1982  106.4  1994   77.4  1960   48.0  1954   32.5  1977   141.0  1950   400.6  1926   476.3  1927   258.7  1963  1376.8  1926
   35.5  2002   50.4  1976   83.0  1979  127.1  2018  150.7  1973  147.9  2002  131.9  1978  139.7  1942  106.1  1976   76.5  1924   46.7  1962   31.9  2021   140.8  1982   399.2  1996   475.1  1982   258.1  1926  1367.7  1992
   35.3  1925   50.1  1965   80.2  1977  123.4  1940  149.3  1969  147.5  1981  131.8  1938  139.5  2011  105.9  1950   76.0  1967   46.6  2019   31.5  1955   139.9  1926   391.4  1993   473.7  1986   250.0  1982  1362.9  1924
   34.6  1983   48.7  1972   78.0  1983  121.2  1963  147.4  1931  142.1  2007  130.4  1920  136.1  2021  104.7  1927   75.5  1989   46.1  1958   30.6  1989   138.1  1995   388.9  1932   467.0  1948   247.4  1934  1354.8  1932
   34.0  1937   48.2  1993   77.2  1936  121.0  1923  146.3  1972  135.3  1991  129.7  1927  133.1  1946  102.8  1992   72.3  1934   44.0  1983   29.2  2015   137.8  1973   386.2  1920   466.3  1988   246.3  1992  1347.5  1936
   33.8  1944   47.3  1980   76.2  2001  119.7  1993  144.6  1994  130.7  1987  129.5  1932  131.9  1963  101.7  1983   72.2  1976   42.7  1981   28.6  1934   137.4  1937   381.8  1930   460.9  1920   245.8  1983  1346.8  1927
   31.9  1968   46.3  1958   75.6  1998  114.5  1937  143.8  1999  130.7  2016  129.0  1936  130.8  1971   98.3  1946   71.3  1954   39.6  1939   26.8  1956   131.4  1966   380.7  1931   453.5  1980   245.4  1976  1305.6  1931
   30.1  1993   41.9  1926   73.5  1996  113.1  1961  134.0  1930  125.6  1990  127.7  1937  128.8  1986   91.1  1969   71.2  2020   35.4  1944   26.8  1988   126.7  1972   380.0  1964   452.2  1931   243.3  1956  1297.3  1920
   28.8  1921   40.1  1940   71.1  1947  109.0  1931  131.6  1983  125.0  1972  125.2  1954  118.3  1922   90.2  1945   66.5  1982   34.4  1934   24.0  1927   125.5  1976   373.2  1947   446.4  1958   242.9  1924  1279.8  1958
   28.4  1973   36.3  1966   71.1  1992   98.0  1966  117.4  1981  117.1  1997  123.8  1939  113.8  1958   83.0  1951   65.5  1963   31.8  2015   22.8  2018   125.1  1993   362.9  1983   422.0  2012   224.9  1946  1247.9  1981
   26.2  1996   32.8  1947   69.8  1981   91.6  1920  112.9  1932  110.5  2012  110.4  1944  100.7  2008   76.1  1956   48.4  1968   30.4  1994    ---  2022     ---  1919   325.9  1981   418.9  1954   223.5  1968     ---  2022
