Areal values from HadUK-Grid 1km gridded climate data from land surface network
Source: Met Office National Climate Information Centre
Monthly, seasonal and annual total precipitation amount for England SW and S Wales
Areal series, starting in 1836
Last updated 01-Dec-2022 10:43
    jan  year    feb  year    mar  year    apr  year    may  year    jun  year    jul  year    aug  year    sep  year    oct  year    nov  year    dec  year     win  year     spr  year     sum  year     aut  year     ann  year
  248.5  2014  249.5  1923  233.4  1947  174.6  2012  188.4  2021  214.0  1860  218.9  2009  246.3  1912  248.7  1866  285.3  1903  324.4  1929  304.0  1934   691.6  2014   411.3  1947   507.0  1879   636.4  2000  1679.2  1872
  242.6  1948  240.9  2020  232.1  1981  166.2  2000  162.2  1942  193.9  2012  208.1  1939  220.1  1917  231.5  1918  258.6  1967  299.3  1852  276.0  1911   624.7  1990   411.2  1981   496.7  1912   609.7  1960  1619.4  2000
  238.8  1974  226.2  2014  189.7  1912  159.7  1920  160.0  1967  189.0  1879  195.6  1936  206.9  1860  222.8  1974  257.4  1891  267.3  1842  275.4  1929   613.9  1995   392.2  1913   493.0  1860   551.7  1841  1596.4  1960
  230.5  1995  220.0  1990  182.1  1914  155.4  1998  151.8  2002  161.1  1998  186.1  1839  199.2  1891  206.5  1981  249.1  2000  260.7  1940  265.2  1965   578.0  1994   372.7  1920   476.0  2012   545.6  1954  1566.2  2012
  226.2  1988  204.9  2002  170.4  1903  152.4  1966  150.1  1878  151.5  1912  181.9  1888  198.8  1992  202.8  1841  238.2  1998  259.8  2009  262.4  1876   575.0  1915   369.1  1979   416.0  1839   543.6  1929  1534.2  1852
  224.8  1984  204.9  1950  168.3  2018  148.7  1882  138.4  2007  146.8  2007  163.8  2007  193.3  1879  198.1  1896  233.0  1987  251.4  1926  262.0  1959   564.6  1877   340.7  1963   406.6  1882   543.4  1852  1518.9  1882
  221.7  1928  200.0  1915  161.9  1963  148.4  1961  138.2  1869  142.8  1852  161.8  1882  190.5  1950  190.9  1958  232.0  1960  249.1  1939  256.1  1915   563.2  2016   338.2  1998   388.7  1917   537.6  2019  1488.2  1903
  221.0  1872  196.0  1937  159.0  1905  146.0  1913  136.9  2006  139.0  1839  159.4  1880  181.8  1852  189.7  1950  229.7  1932  244.0  1954  253.8  1868   562.1  1869   330.8  1867   387.6  2007   526.0  1976  1487.8  1998
  219.8  1852  193.7  1977  156.9  1919  143.7  1935  136.1  1983  137.7  1980  158.6  1920  176.2  1985  180.0  1976  222.7  1916  240.5  2002  253.1  1999   554.5  2020   328.4  1983   387.3  2008   525.2  1935  1487.8  2020
  216.7  1943  182.8  1925  156.1  1913  139.6  1850  134.2  1969  135.4  2020  158.2  1988  169.6  1946  179.3  1876  221.5  1976  237.7  1963  252.9  1993   545.7  2021   328.0  1994   379.6  1927   517.3  1872  1477.4  2002
  215.8  2016  179.7  1974  156.0  1979  133.0  1871  134.1  1979  132.0  1971  158.1  2008  168.8  1997  177.0  1946  221.5  1949  233.1  2000  247.6  1914   539.7  1960   326.1  1903   379.3  1852   512.3  1875  1467.5  1877
  211.1  1851  178.0  1997  152.6  1982  124.6  1856  132.1  1981  129.4  1848  157.8  1861  168.6  1878  176.2  1927  218.4  2004  229.8  1970  243.5  2012   536.0  1937   322.9  1862   378.0  1888   506.6  1967  1457.6  1974
  209.3  1877  176.4  1916  151.4  1851  120.8  1907  131.4  1925  129.0  1997  153.1  1871  167.5  2008  174.3  1885  212.0  2013  227.4  1951  241.0  2020   530.9  1966   320.7  2018   377.1  1939   503.0  1984  1451.1  1994
  207.6  1990  171.2  1966  150.4  1836  119.8  2001  125.0  1932  128.0  1982  142.4  1960  161.6  1951  174.1  1869  211.6  1909  226.5  1931  234.2  2000   522.0  1974   318.2  1886   372.4  1985   493.7  1998  1444.0  1954
  205.4  1999  171.1  1883  147.2  1897  118.6  1963  122.7  1955  127.5  1863  140.6  1924  158.7  1877  173.7  1999  211.5  1907  224.2  1888  233.3  1979   511.7  1916   317.4  1972   372.4  1950   492.6  1903  1439.8  1924
  200.0  1930  167.7  2007  144.9  1998  118.1  1999  121.1  1924  127.0  1872  138.3  1931  155.8  1910  166.0  1883  208.6  1870  223.6  1960  221.0  1994   509.1  1912   314.9  1986   371.8  1848   491.5  1839  1436.6  1912
  195.7  1971  164.1  1900  144.5  2001  118.1  1858  119.6  1886  125.6  1968  136.1  1914  155.1  1952  163.5  2019  208.3  1928  219.2  1944  217.0  2013   508.1  1923   312.7  2000   368.9  1931   489.9  1944  1425.7  1841
  194.8  1906  163.3  1904  143.8  1994  117.6  1857  114.9  1843  122.3  1882  136.0  1875  154.4  1927  163.3  1957  199.8  1847  218.6  1877  215.9  1986   507.2  1930   312.7  1951   366.3  2020   486.0  1981  1418.8  1999
  193.9  1875  162.4  1995  142.7  1980  115.6  1877  112.9  1946  121.0  1991  132.3  1922  153.9  2020  162.4  1935  199.7  2021  216.5  2022  215.7  1978   502.4  2007   310.6  1942   358.7  2009   483.5  1974  1416.9  1946
  192.7  1939  159.7  1910  141.9  1988  114.9  1897  112.8  1993  120.7  1935  131.5  2012  153.0  1881  162.2  1874  199.7  1875  216.0  1946  214.3  2015   500.6  1925   310.4  2006   358.1  1910   481.7  1885  1416.2  2014
  192.3  1970  155.1  1893  140.4  1989  113.9  1843  111.7  1972  117.9  1955  131.4  1918  152.3  1903  161.8  1859  197.3  2019  215.4  1959  209.3  1896   479.9  1883   307.6  1897   356.6  1924   477.8  1882  1415.9  1860
  191.6  1937  155.0  1848  138.1  1951  113.5  1983  111.3  1898  117.6  1954  130.9  1965  151.7  1897  161.6  1839  196.3  2020  213.3  1838  209.1  1919   474.7  1910   304.5  1877   348.7  1891   477.2  1891  1400.0  2008
  191.2  1913  154.4  1872  135.9  1862  113.3  1848  111.0  1986  116.8  1945  130.4  1950  150.6  2012  160.5  1967  196.3  1843  212.6  1840  208.8  1910   473.8  2000   304.2  2001   345.9  1946   477.0  1982  1392.2  1950
  190.9  1899  154.1  2000  134.6  1920  111.5  1991  109.5  1943  116.7  1972  129.8  1915  150.1  1986  158.5  1956  196.2  1923  211.9  1992  206.2  1872   473.2  1980   300.2  1966   345.6  1877   469.8  1930  1390.9  2019
  187.4  1975  148.7  1958  132.7  2008  110.0  1899  107.0  1931  115.8  1855  129.1  1894  148.6  1865  157.9  1924  196.1  1886  209.1  1836  200.9  1948   472.4  1872   299.9  1878   344.6  1958   468.2  2022  1388.5  1839
  186.3  1873  147.1  1879  132.2  1909  109.4  1867  105.2  2014  114.3  1985  127.4  1953  146.7  1848  156.5  1871  195.3  1882  205.8  1872  198.9  1897   471.5  1935   299.7  2002   343.8  1954   464.6  1940  1372.4  1986
  183.7  1866  145.8  1957  131.4  2006  107.7  1959  104.1  1865  114.3  1838  126.2  1877  145.4  1941  154.2  2000  193.5  1981  205.1  1984  198.4  1972   469.6  1984   297.6  2008   339.8  1875   459.1  1836  1369.9  1928
  180.9  2008  145.1  1994  130.2  2019  107.0  1901  103.3  1945  112.5  1946  124.7  1879  145.1  2015  154.1  1960  191.0  1929  204.9  1986  197.0  1989   464.4  1943   295.6  1932   338.5  1997   457.7  1950  1367.6  1910
  180.0  1994  145.1  1885  126.4  1867  103.0  2018  102.6  1906  112.0  1853  124.6  1893  144.7  1905  146.6  1968  191.0  1872  204.6  1997  193.9  1985   464.3  1899   292.2  1857   336.0  1988   456.2  1932  1361.0  1876
  179.7  1998  144.9  1989  126.3  1896  102.6  1924  102.5  1860  111.6  2019  123.9  1927  144.2  1873  146.0  1984  189.8  1862  199.9  1950  192.3  1900   462.9  1919   291.4  1914   331.8  1861   454.4  1949  1358.9  1927
  178.2  1993  144.4  1967  125.6  1978  102.4  1993  101.9  1958  110.2  1843  122.8  1957  142.1  2004  145.9  1983  189.6  1865  199.2  1938  190.5  1924   462.3  1873   285.6  1969   329.3  1960   453.4  2002  1358.6  1967
  176.8  1920  144.1  1914  125.0  1991  102.0  1972  101.1  2015  108.7  1958  121.7  1846  139.9  1924  145.4  1930  185.6  2001  194.8  1935  190.1  1901   459.1  2001   283.3  1952   326.6  1853   452.8  1883  1354.3  1982
  176.0  1869  141.2  1978  124.9  1927  101.6  1859  101.0  1877  106.6  1987  120.2  1872  139.6  1962  143.1  1863  185.4  2005  194.4  1894  186.7  1852   458.6  1977   282.1  1988   325.3  1881   450.5  1946  1353.5  1848
  175.7  1983  138.7  1881  123.6  1886  100.8  1922  100.6  1996  104.8  1907  118.5  1853  136.8  1868  139.5  1993  181.7  1961  194.2  1982  186.0  1891   449.8  1904   281.4  1967   322.8  1872   450.2  1876  1353.3  1875
  175.0  1962  138.0  1980  123.0  1959  100.8  1846   98.4  1973  104.7  1910  116.9  1978  135.7  1956  138.7  2017  181.1  1906  190.4  1841  185.5  1918   449.4  2013   279.5  1924   321.5  1992   443.4  1916  1352.9  1981
  174.2  1986  138.0  1876  122.4  1876   98.7  1862   97.8  2000  104.0  2016  116.2  1895  135.2  2014  136.5  1932  179.9  2002  186.1  1895  185.0  2019   448.9  1970   278.8  1843   316.2  1878   437.9  1924  1351.6  1951
  173.3  2004  138.0  1951  122.3  2017   97.1  2005   97.5  1849  103.5  1931  115.9  1993  134.9  1999  135.8  1965  179.4  1917  185.0  2012  184.7  1912   442.6  1928   274.3  1937   314.9  1956   437.6  1863  1348.7  1930
  173.3  1926  137.6  2022  121.6  1888   96.9  1986   96.7  1929  103.5  1862  115.1  2017  134.0  1874  135.3  1954  178.6  1863  181.4  1875  183.8  2006   437.6  1946   273.6  1905   314.8  1965   434.6  1987  1344.9  1966
  172.2  2021  135.9  1972  121.4  1957   96.9  1992   95.8  1952  103.4  1875  114.6  2003  133.8  1930  134.1  1962  178.0  1966  180.6  2018  183.0  1886   435.7  1920   273.3  1882   313.2  1903   434.2  1886  1342.9  1891
  168.5  1890  135.2  1866  121.0  1842   96.8  1932   95.7  1997  103.0  2011  114.2  1867  131.7  1988  132.5  1995  175.8  1898  180.4  1839  181.3  1909   434.8  1999   270.9  1959   304.6  1894   433.0  2012  1341.3  2009
  167.8  1961  134.6  1922  119.2  1937   96.7  1905   95.1  1891  101.3  1927  112.1  1940  131.0  1958  131.2  1875  174.7  1924  178.0  2006  178.7  1945   432.4  1988   269.7  2014   304.2  2017   429.7  1842  1328.5  1958
  166.2  1919  133.9  1880  118.9  1872   96.6  1947   95.1  1867  101.1  1928  111.6  1954  130.6  1908  130.4  1975  173.5  1885  176.7  2019  178.2  1955   430.9  1957   266.2  1860   303.4  1938   428.4  1928  1326.0  1914
  166.0  1938  133.1  2016  117.2  1928   96.5  1994   94.6  1966  101.0  1883  110.8  1938  130.6  1948  129.7  1998  168.7  2006  175.8  1996  174.1  1942   430.5  1961   265.6  1848   302.7  1936   427.5  1918  1324.9  1886
  165.3  2015  132.5  2021  116.9  1987   96.2  1985   92.8  2008  100.8  1881  108.2  1956  129.5  1960  129.4  1897  168.1  1935  174.4  1861  173.8  2018   428.6  1978   265.6  2021   301.8  2015   425.8  1938  1320.9  1979
  163.6  1936  132.3  1960  115.7  1908   94.7  1960   92.0  2013  100.8  2017  106.8  1932  127.1  1931  127.2  1943  168.1  1880  173.8  1882  173.0  1847   428.3  1913   264.4  1999   301.1  1998   422.4  1877  1319.3  2007
  163.6  1867  132.2  1869  115.3  1954   94.4  1876   91.4  1949   98.0  1993  105.7  2010  127.0  1841  125.3  2008  167.5  1944  172.9  1928  172.1  1922   427.2  1979   264.2  1889   300.3  1873   421.9  1874  1316.7  1993
  162.7  1860  131.9  1884  113.1  1977   93.8  1970   90.1  1913   96.7  1990  105.5  1884  125.3  1971  124.9  1879  167.5  1855  172.1  2015  171.1  2011   425.5  1866   263.8  2012   299.6  1980   420.6  1859  1316.2  1920
  162.2  2002  130.2  1941  111.1  1873   93.6  1951   88.9  1968   96.2  1965  105.4  1968  124.9  1876  124.5  1903  167.3  1980  164.6  1930  170.5  2002   424.5  1967   262.6  1841   299.3  1971   419.5  2009  1308.0  1965
  162.0  1932  130.1  1935  110.9  1848   93.4  1885   88.8  1847   94.9  1861  105.4  1883  124.6  1979  122.7  1953  167.0  1938  164.3  1881  169.6  1966   422.7  2002   259.9  1919   299.2  1920   417.8  2006  1299.5  1894
  158.5  1959  130.0  1970  109.0  1884   93.2  1878   88.7  1885   93.7  1900  105.0  1904  124.3  1859  122.4  1994  166.6  1982  162.9  1969  167.8  1982   420.5  1900   259.3  1909   296.7  1968   414.9  1894  1299.0  1948
  157.9  1904  125.8  1954  108.8  1861   93.0  1849   88.6  1903   93.2  1963  105.0  1958  123.3  1974  121.5  1864  166.3  1954  162.8  1910  166.7  1882   417.7  1939   257.5  1872   296.5  1890   412.0  1923  1297.0  1929
  157.7  1969  125.7  1837  108.8  1857   92.7  2014   88.6  1988   93.2  1888  104.5  1890  122.4  1882  121.0  1868  163.5  1878  161.0  2014  162.7  1981   416.8  1948   256.7  1964   293.8  1957   411.9  1970  1295.9  1866
  156.0  1965  123.5  1899  107.1  1922   90.6  1953   88.6  1841   92.3  1917  104.4  1886  121.6  1942  120.5  1849  161.8  1846  160.7  1883  161.9  1880   406.3  1885   256.1  1908   292.8  1986   410.9  1866  1294.5  1972
  156.0  1991  123.4  1945  107.0  1986   90.5  1937   88.3  1862   92.0  1878  103.9  1854  121.4  1938  120.5  1872  159.8  1989  158.0  1974  161.6  1956   403.9  1875   254.6  2007   292.0  1914   409.9  2005  1292.5  1939
  155.2  2009  120.0  1933  106.5  1860   90.4  1989   87.7  1994   91.2  1948  102.7  2015  118.7  1966  119.7  1845  159.8  1930  156.5  1911  161.6  1960   401.2  1897   254.6  1985   290.5  1953   405.4  1880  1288.6  2015
  153.9  2018  119.7  1897  106.3  1881   90.4  1923   87.0  2003   90.4  1902  102.0  1873  117.6  1863  119.4  1951  158.4  1841  155.5  1972  161.5  1848   400.6  1848   253.5  1968   289.6  1865   404.8  1926  1284.2  1923
  153.8  1927  119.6  1996  105.5  1933   89.8  1952   86.9  1907   89.1  1890   99.5  2021  117.4  2019  116.2  1982  158.4  1867  153.1  1949  160.9  1841   400.6  1926   253.3  1996   287.4  1846   400.1  1992  1274.6  2021
  153.5  1886  119.5  1928  104.5  1866   89.2  1987   86.3  1838   86.1  1966   98.9  1851  116.2  1934  116.0  2010  157.9  1874  151.4  1913  160.8  2017   397.8  2004   251.6  1846   287.2  1845   399.5  1958  1267.0  1916
  153.2  1900  118.2  1940  104.3  1844   88.4  1931   85.8  1894   85.4  1999   98.9  1855  115.8  1963  114.6  2016  155.8  1894  148.3  1865  158.8  1983   395.1  2008   251.4  1856   286.1  1945   394.8  1980  1264.2  1959
  152.7  1978  113.9  1906  103.9  1964   88.3  1934   85.7  1854   83.4  1936   98.9  1912  115.0  1925  113.5  1925  155.3  2008  148.3  1977  157.9  1884   385.8  1951   250.3  1993   285.0  1871   394.7  1927  1263.3  1988
  152.1  1884  113.3  1844  103.8  1841   87.5  1968   85.6  1954   83.1  1845   98.6  1889  115.0  1916  112.8  1861  153.9  2012  147.6  2005  157.3  1964   385.2  1936   250.0  1987   283.8  1948   389.2  2013  1262.1  1935
  152.1  1972  113.2  1946  103.7  1972   87.3  1930   85.5  1938   82.9  1911   98.5  2001  114.7  1977  110.6  1836  151.9  1984  145.6  1965  155.3  1869   384.6  1853   249.9  1869   281.9  1922   387.4  2008  1258.4  1980
  150.8  2007  112.6  1861  102.6  1859   86.2  1925   84.5  1948   82.4  1905   98.2  1903  114.6  1954  109.7  1856  150.9  2014  142.9  1916  154.5  1907   383.4  1983   249.0  1907   281.6  1897   387.1  1963  1257.9  1970
  147.7  1868  111.2  1919  102.3  1921   85.8  1962   82.7  1953   82.2  1920   97.8  1930  114.2  1892  109.5  1848  149.8  1852  142.7  1890  153.5  2007   380.2  1867   248.8  1912   279.7  1841   386.6  1994  1253.0  1925
  146.7  1924  109.8  1838  101.5  1895   84.8  1939   82.4  1962   81.9  1977   97.6  1910  113.9  1845  108.8  1880  149.8  1871  139.1  1914  151.9  1930   380.0  2018   248.1  1989   279.2  1974   386.5  1951  1249.3  1918
  146.2  1956  106.1  1927  101.4  2016   84.1  1950   82.0  1856   81.4  1836   95.7  1848  112.4  1866  108.8  1882  149.6  1933  138.8  1995  150.4  1860   378.3  1894   247.4  1851   278.7  1862   384.2  1870  1248.0  1977
  145.7  1946  106.0  1865  101.3  1936   83.9  1909   81.7  1889   79.2  1866   95.6  1991  112.0  1957  108.3  1887  149.6  1959  138.2  1845  149.9  1898   378.0  1840   246.7  1991   278.5  1855   382.6  1838  1246.9  1897
  145.3  1960  104.8  2001  100.7  1889   83.7  1910   81.4  1879   79.2  1944   95.5  1836  111.1  1943  107.2  1886  149.5  1839  138.1  1876  148.5  1936   374.8  1958   246.2  1847   278.4  1963   380.9  1939  1245.4  2018
  144.8  2013  103.7  1931  100.2  1941   82.9  1836   81.3  1947   78.9  1939   95.0  1862  110.6  1922  107.1  2022  148.5  1996  136.2  1905  147.9  1998   374.3  1986   246.0  1925   277.8  1863   379.4  1995  1242.9  1915
  144.3  1903  103.6  1894  100.1  1965   82.6  2004   81.1  1964   78.7  2005   94.6  1865  110.5  2010  106.3  1923  147.3  1912  135.7  1900  147.2  1874   371.6  1982   245.3  1859   276.7  1982   376.0  1996  1239.6  2004
  144.2  1865  101.2  1961   97.8  1985   82.2  1975   80.9  1951   77.7  1854   93.6  1908  109.3  1894  105.3  1961  147.0  1952  133.9  1885  146.2  1893   370.0  1969   245.0  1922   276.1  1966   374.7  2004  1231.7  1900
  143.3  1942   99.8  1987   97.7  1952   81.8  1889   80.4  1875   77.5  1909   93.5  1925  107.8  1921  105.2  1952  146.9  1925  133.0  1936  145.4  2021   369.0  1931   244.6  1955   275.6  2019   374.4  2018  1228.1  1879
  142.9  1846   99.7  1912   97.6  1901   81.6  1853   79.3  1855   77.0  1897   91.5  1945  107.5  1895  104.0  1862  146.5  1910  132.1  1902  142.6  1946   368.9  1922   244.2  1858   274.7  1843   374.2  1999  1226.2  1878
  142.5  1840   99.7  1874   97.0  2007   80.9  1949   79.1  1904   76.0  1924   90.1  1845  105.5  1844  103.6  1858  144.6  2022  131.1  2010  140.5  1997   368.7  1991   243.1  1836   273.8  2004   373.6  1913  1224.7  1931
  142.1  1883   98.0  2011   94.6  1916   79.1  1979   78.6  1965   76.0  1880   89.5  1909  105.3  1843  103.2  1944  143.7  1940  130.9  1886  138.8  2003   367.6  1851   242.8  1965   270.5  1943   373.6  1959  1223.4  2013
  141.8  1863   97.4  1867   93.4  1934   79.0  1996   78.4  1920   75.9  1947   89.2  1970  104.3  1900  102.9  1973  139.4  1836  130.2  1843  138.6  1839   363.7  1996   242.7  2019   269.0  1928   372.9  1952  1222.5  1868
  141.7  1922   96.9  1840   92.4  1992   78.7  1940   77.6  1916   74.8  1841   88.4  1967  104.2  1889  102.4  1992  139.1  1994  130.0  1859  137.1  2009   363.6  2015   240.6  1894   267.4  1907   370.5  1878  1221.7  1883
  141.0  1951   96.7  1870   92.2  1940   78.6  1872   76.3  1858   74.7  1926   87.7  1998  103.9  1846  102.2  1980  139.0  1853  129.4  1971  136.6  1856   358.7  1879   240.5  1931   266.7  1930   368.4  1986  1217.7  1913
  140.9  1921   95.8  1988   91.3  1917   77.5  1868   75.3  1974   74.1  1943   87.4  1975  103.0  1856   99.4  1942  138.7  1857  128.5  1880  135.5  1958   358.3  1852   238.2  1901   266.7  1952   367.2  1847  1214.4  1968
  138.4  1874   94.8  1926   91.1  2010   77.3  2019   75.1  1917   73.7  1974   87.0  1992  102.9  1890   99.2  2011  138.1  1889  127.1  1891  135.2  1928   357.4  1975   236.7  1850   265.2  1905   366.4  1861  1213.6  1932
  136.3  1977   94.6  1882   91.1  1868   76.4  2002   75.0  1899   71.9  1986   86.8  1857  102.9  1888   99.0  1934  137.7  1991  126.7  1979  135.1  1938   355.0  1950   235.4  1934   264.3  1993   364.2  1896  1209.6  1992
  134.4  2011   92.9  1877   91.1  2020   75.1  1886   74.0  1890   71.4  1929   85.3  1969  102.8  1961   98.1  2021  137.0  1848  126.3  1864  134.8  1888   354.9  1972   235.1  1977   261.3  1880   363.6  2020  1209.3  1862
  133.7  1910   92.4  1856   91.0  2013   74.8  2009   73.8  1915   71.1  1938   85.3  1943  102.2  1923   97.2  1936  135.7  1895  125.8  2003  134.6  1977   353.1  1941   234.6  1962   259.9  1895   361.9  1961  1208.4  1957
  133.7  1853   92.4  1982   89.9  1847   74.8  1895   73.7  2016   71.0  1956   83.0  1942  100.9  1970   97.2  1850  133.7  1986  125.7  1998  133.9  1859   352.8  1881   234.6  1885   259.2  1883   361.7  1869  1208.2  1936
  133.4  1912   92.3  2017   89.6  1942   74.4  1936   72.8  1852   70.1  1901   82.9  1944  100.9  1898   96.6  1970  132.8  1876  125.4  1980  132.9  1858   352.7  1906   233.3  2016   259.0  2011   361.0  1968  1204.1  1859
  133.0  1895   90.3  2015   87.9  1877   74.3  1879   72.0  2009   69.9  1916   82.7  1849  100.4  1875   96.2  1842  132.7  1990  125.1  1994  132.7  1920   348.4  1842   231.3  1992   256.9  1941   360.6  1840  1203.4  1984
  132.5  1918   89.9  1936   87.5  1971   73.4  1973   71.9  1923   69.7  1847   82.2  1974  100.1  1928   96.1  1892  131.4  1900  124.8  2016  132.5  1925   347.5  1998   229.9  2013   255.6  1991   354.2  1925  1202.4  1836
  131.7  1854   89.9  1939   86.1  1969   72.4  1908   71.5  1840   69.7  1891   81.9  1985   99.8  1837   94.4  1901  130.1  1988  124.5  1976  132.1  1984   347.3  2003   228.4  1930   253.6  1944   353.3  1997  1200.5  1952
  129.6  1952   89.5  1979   85.5  1976   72.2  2008   71.3  1941   69.5  1885   81.7  1926   99.3  1996   94.4  1922  129.1  1892  124.0  1850  131.9  1881   346.7  1860   228.4  1953   253.5  1908   350.4  1843  1195.4  1985
  128.6  2020   86.0  1984   85.3  2004   71.7  1964   70.1  1999   68.4  1851   80.4  1937   99.0  1914   94.3  1948  128.9  1893  123.1  1844  131.7  1935   346.3  1973   228.2  1888   251.0  1918   350.2  1993  1194.1  1997
  128.4  1894   85.7  2004   84.7  1975   71.1  1919   69.6  1900   68.1  1871   80.4  1858   98.6  1953   94.3  1852  128.8  1844  121.5  1987  131.4  1951   343.7  1987   228.1  1876   250.5  2010   350.0  2001  1194.0  2006
  127.3  1925   84.3  1969   84.2  1846   70.6  1894   69.2  1850   67.9  1952   80.1  1959   97.7  1973   94.0  2012  128.8  1859  121.5  1927  130.3  1992   343.1  1962   228.0  1935   250.1  1838   349.4  1871  1193.2  1874
  127.3  1915   84.0  1918   84.1  1894   70.3  1926   68.6  1910   67.5  1969   79.8  1891   97.3  2001   94.0  2004  128.8  1913  120.6  1952  129.9  1990   343.0  1884   226.7  1949   249.2  1915   348.7  1895  1190.2  1938
  126.7  1996   83.4  1903   83.4  1995   70.3  1841   68.0  1908   67.3  2022   79.3  1933   97.0  1982   93.5  1913  128.5  1968  118.7  1878  129.1  1895   342.9  2022   225.9  1917   248.7  1970   348.1  2021  1188.5  1937
  125.3  1955   82.9  1911   82.2  1839   70.2  1890   66.9  2017   66.5  1842   78.9  2005   96.1  1853   92.7  1891  128.1  1896  117.4  1898  128.6  1903   342.6  1870   225.8  1916   246.1  1926   347.9  1957  1187.7  1865
  124.5  1934   82.8  1991   81.2  1970   69.4  1948   66.8  1902   66.2  1894   78.3  1973   92.9  1919   89.8  1945  127.5  1915  117.3  1991  128.5  1976   341.0  1865   225.7  1849   243.5  1851   347.5  1943  1185.1  2017
  123.6  1957   82.5  1955   80.4  1967   68.5  1880   66.7  1846   65.0  1933   78.0  1841   92.7  1994   89.8  1920  127.5  1945  115.9  1863  128.4  1974   339.8  1837   225.3  1899   242.0  1951   346.0  1911  1183.1  1885
  123.4  1856   82.0  1871   79.6  1930   67.7  1944   65.8  1857   64.7  1864   77.2  1840   92.1  1904   89.5  1908  126.1  1883  115.7  1887  128.0  1968   338.9  1911   225.0  1868   241.7  1892   345.9  1862  1176.5  1922
  123.3  1843   81.7  1843   78.9  1864   67.6  1847   64.8  1842   64.5  2004   77.0  2020   91.4  1944   89.1  1840  124.9  1943  114.7  1975  127.1  1923   338.9  1956   224.7  1891   241.4  1900   345.7  2010  1174.4  1943
  123.3  1958   81.5  1999   78.8  1983   67.5  1911   64.6  1937   64.5  1953   77.0  1947   91.4  2000   89.0  2018  124.5  1920  114.5  1947  126.7  1908   337.0  1892   223.8  1982   241.0  1902   345.2  1865  1173.0  2001
  122.0  1979   79.9  1981   78.2  1855   67.1  1903   64.2  1957   64.3  1898   76.4  1917   91.0  2018   88.7  1991  124.0  1948  112.9  1870  126.5  1969   333.9  1849   223.3  1927   240.6  1866   343.7  1907  1172.8  1881
  121.0  1947   78.8  1889   77.9  1902   66.7  1874   63.7  1995   64.0  2003   75.3  2011   91.0  1839   88.6  1937  123.8  1868  112.5  1906  125.6  1849   333.6  1945   223.2  1954   240.3  1999   343.6  1991  1172.3  1990
  120.1  2001   78.4  1850   77.1  1968   66.3  1898   62.9  1926   62.7  1903   74.5  1850   90.4  1980   88.4  1878  122.0  1983  111.1  1955  124.7  1954   333.1  1901   222.3  1978   240.1  1904   342.4  1868  1167.1  1880
  118.6  1968   78.2  2010   76.1  1999   65.4  2003   62.8  1984   62.7  2009   73.5  2002   90.2  1907   87.2  1877  121.9  1851  109.5  1923  124.2  1961   332.4  1955   221.8  2004   239.2  1859   342.3  1909  1162.9  1961
  118.2  1879   78.0  2019   74.6  1911   65.3  1969   62.5  1977   61.8  1846   73.2  1842   90.1  1939   86.9  1860  119.9  1858  107.9  2020  123.4  1845   329.3  1993   221.5  2005   238.9  2014   337.8  1898  1161.7  1869
  116.7  1862   76.7  1842   73.7  1932   64.5  1978   61.5  1930   61.6  2008   72.4  1907   89.8  1929   85.8  1899  119.3  1958  106.9  2017  120.7  1980   329.0  1903   220.0  1940   238.3  2001   337.0  1989  1161.0  1983
  116.6  1982   76.7  1892   73.7  1996   64.1  1965   60.8  1873   61.2  1964   72.1  1860   89.7  1926   84.4  1988  117.6  2009  106.8  2008  119.3  1866   327.2  1938   219.0  1946   237.3  1969   334.7  1983  1160.9  1989
  115.3  1944   76.6  1839   72.5  1960   63.0  1845   60.8  1976   60.8  1877   71.6  1980   88.6  1906   84.2  1837  116.7  1877  106.5  1837  117.3  1995   326.3  1882   218.5  1898   233.1  1977   333.3  1966  1160.8  1995
  113.9  1941   75.8  2006   71.8  2014   62.7  1838   60.6  1985   60.3  2014   71.5  1881   88.3  2017   83.3  1909  116.2  1911  105.3  1924  115.0  1952   323.9  2019   218.2  1960   232.9  1874   329.6  1931  1152.1  1888
  113.3  1931   74.9  1841   71.5  2002   62.0  1891   60.5  1870   60.1  1857   71.2  1966   87.7  1965   83.1  1857  115.9  1979  105.1  1993  113.6  1967   323.9  1898   217.4  1884   231.2  1893   328.5  1846  1151.2  2016
  113.0  1857   73.6  1859   70.0  1870   61.0  1927   60.2  2012   60.0  1884   71.1  2000   86.9  2013   80.9  1989  115.5  1838  104.4  2013  113.2  1836   321.2  1846   216.0  1923   230.6  1854   328.1  1888  1148.7  1919
  110.9  1842   73.5  1943   69.0  1906   60.7  1904   60.2  1963   60.0  1892   70.8  1986   86.0  1902   80.5  1884  114.1  2011  103.5  1899  113.0  1862   321.0  2012   215.4  2017   230.6  1929   327.3  1892  1147.8  1863
  110.5  1967   73.3  1973   67.6  2015   60.5  1839   60.0  1872   59.9  1906   70.3  1837   85.7  1901   80.4  1873  112.4  1934  103.4  1918  112.9  1916   320.0  1965   213.4  1941   229.3  1916   327.0  1848  1147.2  1940
  107.1  2003   72.5  1898   67.5  1891   59.5  1977   59.2  1914   59.8  2002   69.4  1963   84.5  1969   80.1  1987  111.9  1837  102.9  1907  112.8  1944   317.4  1857   212.5  1948   229.3  1884   326.1  1906  1146.4  1963
  105.9  1836   70.5  1908   66.9  1950   59.5  1917   59.1  1933   59.7  1856   69.4  1929   82.6  1850   79.9  1949  110.8  1942  102.2  1892  111.6  1947   315.7  1947   212.5  1933   228.6  1909   325.8  1917  1144.5  1843
  105.5  1849   69.9  1852   66.5  1962   59.5  1918   58.9  2011   59.0  1957   68.7  1964   81.4  2016   77.7  1916  110.1  1957  101.8  1874  111.0  2005   313.6  1887   212.0  1871   227.0  2016   324.9  2014  1142.0  1969
  105.4  1871   69.8  1873   65.8  1882   59.0  1902   58.9  1921   58.6  1970   67.9  1923   81.1  1967   77.5  1847  109.1  1854  101.7  2001  110.3  1987   313.2  2010   211.6  1838   225.3  1837   323.2  2017  1137.9  1934
  104.0  2012   69.6  2003   65.7  2005   58.9  1875   58.8  1882   58.5  1932   67.9  1928   80.7  2011   77.4  1904  109.0  1849  101.2  1860  110.3  2004   311.3  1861   209.6  2009   225.3  1962   322.4  1965  1136.1  1991
  103.6  1845   68.9  1992   64.2  1880   58.9  1942   58.7  2005   57.4  1960   67.4  1892   80.3  1862   76.9  2005  108.0  1995  101.1  1846  109.9  1937   309.9  1933   209.6  1970   224.7  1973   322.3  2015  1135.5  1867
  103.3  1885   68.8  1868   63.8  2021   58.2  1955   57.5  1881   56.9  1914   67.1  2004   79.1  1861   75.0  1853  107.3  1977  101.0  1953  109.0  1940   308.1  1971   208.4  1936   224.2  1978   321.5  1864  1135.0  1847
  101.9  1891   68.0  1878   63.7  1955   58.1  2016   56.9  1863   56.4  1896   64.6  1859   78.0  1918   74.3  2015  107.0  1937  100.0  1869  108.7  1904   307.3  1959   207.8  1950   222.2  1889   320.4  1881  1133.3  1907
  101.9  1985   67.7  1857   62.8  2009   58.0  1946   56.9  1853   56.0  1981   64.6  1902   77.9  1945   74.3  1893  106.6  1926   99.9  1962  108.4  1850   305.6  1902   207.3  1906   221.7  1836   319.6  1910  1131.9  1945
  101.8  1980   67.5  1963   62.7  1865   57.2  1860   56.8  1950   55.3  1837   63.8  1946   77.0  2009   73.3  1911  105.6  1993   99.3  1964  108.0  2014   304.7  1949   206.3  1866   220.2  1876   318.5  1953  1130.8  1871
  101.2  1887   67.2  1976   62.6  1838   57.0  1866   56.6  1883   54.9  1978   63.5  1896   77.0  2007   72.9  2013  105.5  1964   98.8  1873  107.6  1949   302.8  1893   206.3  2003   219.9  1972   317.7  1849  1125.8  1987
  100.9  1837   66.9  1849   62.0  1874   55.8  1884   56.5  1868   54.1  1873   63.3  1961   76.1  1851   72.8  1963  105.4  1860   98.8  1990  107.4  1894   302.4  2009   205.2  1890   218.0  1942   317.3  1887  1124.4  1842
  100.3  1933   65.2  2018   61.5  1869   54.6  1888   56.2  2022   54.0  2015   62.7  1941   75.9  1911   72.8  1867  104.8  2018   98.7  1853  106.8  1950   302.4  1924   204.8  1973   215.2  2000   315.7  1900  1124.1  1944
   99.8  1882   65.0  1847   61.3  1904   54.0  1851   55.1  1887   53.4  1913   62.1  1948   75.5  1872   72.7  1990  104.1  1856   98.1  1966  106.6  1865   301.6  1843   204.3  1881   213.4  1856   315.2  1977  1123.3  1906
   97.8  2010   64.2  1853   61.2  2022   53.6  1916   54.6  1893   52.9  1840   61.4  1838   74.5  1838   72.1  1902  103.5  1939   98.1  1921  103.8  1887   298.0  1859   204.2  1961   211.9  1842   314.3  1845  1119.6  1861
   97.4  1945   63.3  1953   60.9  1890   52.9  1971   53.9  2004   52.7  2000   61.0  1962   72.6  1858   71.1  2006  103.1  1999   97.7  1868  103.5  1973   297.8  1868   203.7  1902   210.9  1990   312.7  1853  1117.3  1846
   96.2  1847   62.8  1875   59.8  1918   51.9  1900   53.8  1934   51.5  1950   60.2  1987   72.4  1975   70.4  1914  103.0  1873   97.3  1999  103.2  1899   296.4  1863   203.3  1980   210.9  1901   309.4  1844  1113.4  1911
   95.9  1841   62.6  1948   59.5  1871   51.6  1988   52.7  1884   51.4  1959   59.2  1843   72.2  1842   70.0  1917  102.7  1974   96.3  1989  102.9  1957   294.1  1952   201.1  1904   210.8  2005   305.7  1902  1110.4  1978
   95.8  2005   61.2  2009   58.8  1863   51.4  1863   52.0  1888   51.2  1915   58.5  1981   71.1  1896   66.2  1931  102.1  1899   95.3  1943  102.5  1838   292.5  1940   200.1  1975   210.8  2021   304.2  1990  1103.6  1942
   95.5  1901   61.1  2013   58.6  1948   50.3  1869   51.0  1960   51.0  1850   58.0  1844   70.4  1840   65.7  1846  101.5  1902   94.2  1912  101.4  1927   292.3  1856   199.8  1945   210.1  1925   302.5  1837  1103.4  2005
   94.5  1966   60.6  2008   56.9  1974   50.1  1914   49.5  1918   50.3  1859   57.5  1847   69.4  1989   65.4  1919   98.5  2010   93.8  1925  101.3  1902   289.9  1908   198.7  1842   209.7  1935   300.5  2011  1102.8  1926
   91.4  1859   59.5  1836   56.7  1878   50.0  1837   49.4  2018   50.1  2021   55.5  1878   68.2  1915   64.7  1894   97.2  1997   92.6  1919   99.4  1941   288.9  1968   198.7  1879   208.4  1932   300.4  1979  1100.1  1884
   90.7  1870   58.3  1864   56.4  1887   49.2  1928   49.2  1912   49.3  2013   55.5  1994   67.4  1893   64.4  1881   97.0  1927   92.1  1866   97.7  1837   288.1  1914   197.4  1873   208.1  1850   297.1  1975  1099.3  1904
   90.0  1940   58.2  1845   56.3  1984   47.9  1933   49.1  1940   49.1  1934   55.1  1901   67.3  1949   62.8  2001   96.8  1971   90.5  2007   96.9  1871   287.7  1890   196.2  1865   206.5  1979   296.8  1858  1097.4  1996
   89.2  2017   58.0  1907   55.9  1939   47.1  1945   48.7  1971   49.0  1876   54.9  1990   67.3  1935   62.7  1870   94.9  1953   90.1  1978   96.6  1962   285.3  1985   196.0  1928   205.2  1857   296.7  1948  1095.9  1838
   86.5  1923   57.3  1855   55.8  1924   46.9  1981   48.5  1935   48.8  1941   54.7  1852   65.8  2006   61.6  1947   93.3  1887   90.0  1847   96.5  1842   283.1  1927   194.7  2015   203.6  1961   295.1  1936  1093.7  1909
   85.0  1839   56.7  1968   55.0  1953   46.8  2013   45.5  1897   48.7  1973   54.3  1874   65.7  1968   61.1  1969   92.7  1918   89.9  1932   96.0  1861   281.8  1921   194.4  1957   203.1  1987   293.5  1860  1086.4  1947
   84.2  1844   54.9  1846   54.4  1949   46.8  1915   45.5  2010   48.2  1989   53.5  1887   65.2  1849   60.8  1955   91.6  1881   89.2  1958   94.8  1906   278.8  2011   192.0  1895   202.6  1844   291.9  1914  1077.3  1856
   82.4  1864   54.3  2005   53.9  2003   44.1  2020   45.4  1880   48.1  1983   52.9  1897   64.4  1984   60.2  1940   90.3  1901   88.8  1915   93.4  1878   275.8  1874   191.5  1921   202.1  2003   291.4  1899  1073.9  1873
   81.0  1954   54.2  1949   53.7  1923   44.1  1990   45.0  1892   46.3  1865   52.7  2018   63.9  1871   60.1  2007   87.7  1869   88.6  1941   92.8  1877   271.9  1989   189.1  1971   202.1  1967   288.9  1850  1072.1  1853
   80.1  1893   52.4  1913   53.2  1966   42.0  2006   44.9  1866   46.0  1988   52.5  2006   63.8  1884   59.7  1938   87.3  1941   88.1  1849   92.5  1921   270.7  1981   187.9  1995   200.5  1840   285.0  1920  1069.1  2011
   79.2  1916   52.1  1947   52.6  1885   41.8  1941   44.8  1911   45.8  1858   51.8  1982   63.7  1855   59.5  1977   85.8  1992   87.5  1967   90.9  1864   268.1  1850   187.6  1910   198.8  1858   284.8  2016  1067.7  1895
   78.1  1878   51.4  1985   50.0  1843   41.1  1967   43.9  1987   45.7  1919   50.7  1856   63.7  1885   59.4  2020   85.5  1970   87.2  1973   89.5  1932   264.1  1839   187.0  1911   195.5  1886   283.9  1893  1065.7  1917
   74.6  1973   51.3  1938   49.8  1858   40.8  1995   43.2  1909   44.6  1874   50.4  1972   62.2  1870   57.7  1979   83.3  2003   87.2  2011   86.0  2008   262.8  1889   184.0  1853   194.8  1867   282.3  1873  1065.4  1955
   74.5  1989   50.6  1902   49.4  1945   40.5  1881   42.4  1961   43.1  1904   49.7  1995   61.7  1909   57.5  1844   83.1  1955   86.5  1985   85.3  1854   260.9  1876   183.6  1875   193.8  1934   280.0  1962  1064.5  1899
   74.3  1892   50.3  1964   48.7  2000   39.9  2010   42.1  1992   42.5  2001   49.3  1949   61.2  2021   57.4  1905   82.3  1914   85.9  1981   85.1  1889   260.4  2005   182.0  1943   193.1  1923   279.2  1857  1055.5  1962
   72.6  1848   50.1  1860   48.2  1946   39.5  1887   42.0  1851   42.2  1994   48.9  1866   60.1  1847   57.2  1966   79.2  1861   85.9  1968   84.9  1913   257.4  1942   180.8  1839   191.0  1896   273.3  1912  1051.8  1971
   72.2  1897   49.7  1920   47.9  1956   39.4  1892   41.9  1845   41.6  1918   48.7  1951   59.8  1964   56.6  1889   78.9  1985   84.9  1897   84.3  1939   257.1  1871   178.4  1855   190.4  1994   270.7  1972  1036.3  1890
   72.1  2019   49.1  1929   45.5  1853   39.4  1864   41.5  1848   40.2  1899   46.9  1870   59.4  1990   55.7  1985   77.5  2017   82.8  1903   84.1  1943   253.8  1918   178.1  1880   189.8  1964   270.6  1988  1031.7  1851
   70.1  1981   48.1  1851   45.2  1931   39.1  1852   41.0  1859   40.1  1979   46.7  2019   58.5  1886   54.5  1933   76.6  1963   81.9  1904   81.9  1863   250.5  1886   177.0  1958   187.8  1933   270.6  1956  1029.0  1845
   66.6  2000   46.9  1971   44.8  1856   38.5  1956   40.2  1959   39.9  1937   46.4  1919   58.4  1857   53.9  1838   75.8  2015   80.7  1893   81.3  1867   246.9  1954   176.5  2010   187.8  1898   269.6  1934  1028.1  1949
   65.0  1908   45.9  2012   44.7  1958   38.5  1943   39.9  2001   39.2  1893   46.3  1876   58.4  1920   51.7  1996   75.2  1890   80.5  1848   76.6  1855   246.7  1838   168.8  1918   187.3  1847   269.1  1890  1024.7  1956
   64.9  1902   45.3  1901   44.4  1875   37.7  1883   39.0  1982   39.1  1844   45.1  2013   56.8  1887   51.5  1997   73.7  1864   78.4  1948   69.6  1870   245.5  1895   167.6  1939   186.7  2002   267.6  1867  1023.4  1976
   64.1  1850   44.7  1905   43.5  1900   35.9  2022   38.5  1944   39.0  1922   45.1  1921   54.5  1959   51.2  1890   71.6  1908   76.4  1917   68.7  1851   244.8  1862   167.1  1863   186.2  1906   267.0  1897  1019.0  1898
   62.8  1976   43.9  1962   43.3  1883   35.7  1906   38.4  1980   38.7  1996   44.4  1916   53.3  2002   48.9  1964   71.4  1905   75.0  1961   68.7  1931   242.5  1929   166.4  1997   185.9  1959   265.0  1905  1018.9  1849
   62.4  1909   42.6  1858   43.0  1879   32.3  1982   38.2  1839   38.0  2006   43.6  1952   53.2  2005   48.5  1921   71.2  1972   74.5  1957   67.6  1892   242.4  1997   165.0  1900   184.9  1919   262.0  1937  1014.7  1941
   62.0  1876   42.2  1854   41.4  1907   30.4  1958   37.8  1998   37.5  1961   43.5  1900   52.9  1883   48.5  1900   70.1  1866   73.3  1858   66.8  1971   238.9  1878   164.5  1861   184.7  1868   260.3  1889  1011.4  1857
   60.6  1907   41.7  1863   40.9  1997   30.2  1921   37.5  1864   36.1  1895   43.4  2014   52.7  1972   47.2  1928   69.0  1904   73.1  1854   65.4  1970   238.8  2017   160.7  1976   181.3  2013   260.1  1856  1010.6  1901
   59.9  2022   41.6  1975   40.8  1898   29.9  1997   37.4  1927   35.7  1992   42.0  1971   52.5  1978   46.8  1926   68.1  1950   71.6  1884   62.9  1890   236.7  2006   160.6  1926   179.8  1955   258.8  1915   996.8  1908
   59.1  1914   40.4  1886   40.3  1899   29.4  1865   37.1  1922   35.1  1930   41.8  1989   52.3  1998   45.8  1978   67.7  1850   70.7  1920   60.9  1875   234.0  1944   156.1  1896   177.5  1849   255.0  1955   995.1  2010
   58.1  1929   40.2  1917   37.3  1845   29.3  1840   36.1  1837   34.3  2010   41.8  1979   51.4  1983   45.4  1854   67.1  1888   66.9  1983   58.9  1883   233.1  1844   155.7  1864   177.4  1947   253.9  1971   987.9  1896
   57.4  1992   39.9  1983   35.8  1935   26.1  2017   35.8  1861   32.7  1967   41.5  2016   50.7  1899   44.6  1898   66.2  1842   66.4  1937   58.1  1975   232.6  1932   153.3  2022   174.7  1996   253.7  1964   984.5  1850
   53.6  1888   34.5  1944   35.4  1910   26.1  1896   35.2  2019   32.6  1886   40.7  1997   50.4  1993   44.0  1972   64.9  1936   65.6  1889   58.1  1879   224.8  1854   153.1  1874   174.2  1911   253.6  1973   977.9  1953
   52.8  1905   34.2  1890   35.3  1849   25.9  2015   34.6  1970   31.7  1951   39.3  1899   50.3  1867   42.4  1915   63.5  1956   63.8  1908   57.3  2016   222.7  1864   151.4  1915   172.5  1975   250.6  1969   975.9  1893
   52.5  1898   33.1  1952   35.1  1993   25.6  1873   33.6  1901   30.9  1984   38.7  1955   49.0  1854   42.1  2009   63.4  1973   63.5  1922   56.6  1885   218.5  1880   151.0  1887   162.8  1921   246.4  1945   971.5  1837
   52.2  1881   32.1  1862   34.0  1943   25.4  1929   33.2  1975   30.4  1867   38.1  1905   47.5  1913   39.9  1855   59.3  1884   63.1  1851   55.6  2001   215.4  1953   148.0  1974   161.7  1885   242.8  1942   967.2  1902
   49.9  2006   31.9  1930   33.2  1837   24.6  1844   32.7  1936   29.5  1849   37.8  1906   44.8  1836   36.9  1888   59.3  1919   62.3  2004   54.0  1857   213.4  1907   147.3  2020   159.4  1989   238.7  1933   961.4  1858
   49.6  1949   29.5  1888   33.0  1973   22.4  1954   32.2  1978   29.3  1908   36.8  1996   44.5  1864   32.9  2002   58.9  1840   58.3  1934   52.6  1988   213.2  1847   147.0  1870   157.3  2018   236.6  1855   960.4  2003
   49.2  1889   29.4  1887   31.1  1892   22.2  1980   31.9  1919   24.7  1962   36.5  1977   43.5  1933   32.6  1906   57.4  1946   57.4  1857   52.0  1846   209.0  1909   142.3  1845   156.3  2006   236.4  2003   959.8  1889
   48.3  1861   28.7  1924   30.8  1915   20.9  1855   30.6  1956   23.0  1923   35.3  1984   43.1  1932   31.9  1912   56.4  1845   56.1  1988   51.4  1991   206.1  1905   140.2  1929   154.7  1937   230.7  1901   956.8  1975
   47.7  1917   27.2  1998   28.9  2012   19.9  1861   29.6  1928   22.5  1940   33.2  1864   39.0  1991   29.9  1986   54.4  2007   52.1  1862   51.0  1853   203.5  1845   137.6  1883   145.4  1940   228.3  1904   945.2  1905
   47.2  1911   26.5  1896   28.5  1854   19.2  2007   27.1  1990   21.4  1976   32.7  1863   36.3  1987   29.4  1907   53.6  1879   50.3  2021   48.1  1933   200.8  1917   135.2  1852   143.1  1981   227.6  1854   935.9  1964
   46.1  1858   20.8  1993   28.4  1925   19.1  2011   26.8  1939   21.2  1869   30.0  2022   36.0  1869   28.3  1939   52.6  1897   48.5  1956   47.0  1996   196.4  1896   132.3  1844   142.4  1864   225.0  1908   934.4  1973
   42.5  1950   19.8  1909   28.4  1990   16.5  1870   24.4  1874   20.2  1995   29.6  1976   34.3  1937   28.2  1929   52.0  1975   47.4  1909   46.4  2010   195.7  1841   127.0  1984   135.6  1949   221.2  1985   930.5  1840
   40.8  1896   14.8  1942   28.0  2011   15.8  1974   19.6  1871   19.3  1889   29.3  1869   33.4  2022   28.0  1851   50.4  1921   46.3  1856   46.3  1963   190.6  1963   126.8  1854   130.7  2022   217.3  1919   914.9  1870
   39.2  1838   14.5  1956   27.9  1850   14.4  1976   17.9  1905   19.2  1868   28.7  1868   28.5  1981   27.7  1971   46.0  1962   46.0  1901   44.0  1905   188.1  1976   119.3  1837   130.6  1984   213.0  1947   907.4  1933
   37.4  1935   13.3  1959   27.4  1926   13.4  2021   17.3  1989   18.9  1949   28.6  1885   27.2  1976   27.2  2003   45.5  2016   43.2  1871   41.8  1844   186.8  1888   118.0  1944   130.2  1899   213.0  1851   903.1  1892
   37.1  1953   10.5  1934   23.3  1852   12.9  1842   15.7  1895   17.5  1870   28.5  1934   25.9  1880   27.0  1895   43.3  1922   38.0  1896   40.2  1953   183.1  1934   117.0  1956   126.7  1870   211.4  1884   883.5  1844
   28.1  1964    8.2  1921   18.1  1929   12.6  1854   12.1  2020   14.8  1887   24.0  1983   24.5  1947   25.1  1941   41.0  1965   36.4  1867   37.7  1873   177.7  1992   115.5  1892   125.1  1887   205.0  2007   851.2  1864
   28.0  1987    6.8  1965   17.8  1938    9.9  1912   11.4  1876   13.7  2018   22.6  1898   23.7  1936   23.9  1843   39.7  1951   34.6  1933   37.3  1917   169.2  1891   108.6  1938   123.4  1983   201.2  1922   844.0  1854
   26.5  1880    6.2  1986   17.4  1893    8.8  1957   10.3  1991   13.4  1942   22.5  1913   23.4  2003   13.1  2014   36.9  1947   32.6  1942   35.6  1843   155.0  1855   106.1  2011   123.4  1913   201.0  1941   839.8  1855
   26.4  1963    5.0  1895   13.5  1961    7.9  1984    9.8  1836   12.8  1975   21.8  1935   23.2  1955   10.3  1910   36.9  1931   29.2  1855   24.9  1840   142.7  1858   105.0  1840    86.5  1869   199.0  1879   827.8  1887
   17.4  1997    4.5  1891   11.7  1944    7.6  1893    3.7  1896    9.9  1921   20.0  1999   13.4  1995    8.6  1959   26.5  1969   29.1  1945   23.2  1926   124.6  1964    99.5  1990    83.3  1995   197.1  1921   792.9  1921
   12.5  1855    1.9  1932    4.2  1840    5.3  1938    3.3  1844    1.6  1925   15.4  1911   10.8  1940    7.2  1865   18.3  1978   20.5  1879    ---  2022     ---  1836    79.5  1893    78.1  1976   154.2  1978     ---  2022
