Areal values from HadUK-Grid 1km gridded climate data from land surface network
Source: Met Office National Climate Information Centre
Monthly, seasonal and annual total precipitation amount for Midlands
Areal series, starting in 1836
Last updated 01-Dec-2022 10:42
    jan  year    feb  year    mar  year    apr  year    may  year    jun  year    jul  year    aug  year    sep  year    oct  year    nov  year    dec  year     win  year     spr  year     sum  year     aut  year     ann  year
  148.9  2014  162.0  2020  145.7  1947  140.2  2012  144.2  1932  166.9  2007  153.8  1880  167.2  1912  161.6  1918  177.9  1903  173.1  1852  167.9  1868   347.4  2014   289.7  1979   388.4  1912   404.6  2000  1119.9  1872
  144.2  1948  141.4  1977  130.5  1981  137.9  2000  140.7  1886  151.8  2012  146.4  1875  154.9  2004  149.5  1866  150.4  1875  168.9  1940  158.3  1876   347.4  1990   275.2  1981   360.3  1879   372.1  1960  1084.3  2012
  138.9  1939  129.3  1923  116.7  1919  118.7  1920  138.7  1967  136.5  1860  143.7  2007  153.5  1878  144.2  1976  147.7  1960  168.9  1951  157.1  1914   343.5  1915   275.1  1932   352.6  2012   369.1  2019  1033.7  2000
  135.2  1928  126.1  1950  110.0  1979  117.0  1998  127.5  1878  133.6  1982  139.0  1888  147.6  1917  137.1  1871  145.2  2000  167.8  1929  153.6  1929   339.7  1869   274.6  1983   351.3  2007   365.7  1935  1023.9  1960
  131.3  1995  117.0  2002  105.7  1913  113.4  1846  125.1  1969  128.1  1879  133.1  1915  139.8  1956  134.6  1965  143.2  1967  147.4  1970  150.4  1965   333.5  1877   268.5  1947   324.5  1839   348.6  1852  1012.6  1882
  127.1  2008  114.8  1900  105.0  2018  107.7  1983  124.0  1924  124.1  2019  128.6  1936  134.2  1879  132.3  1883  142.6  1891  145.9  1954  149.2  1978   328.6  1995   262.0  1886   313.2  1931   347.2  1875   976.5  1912
  125.7  1960  112.9  1937  103.8  1916   98.2  1961  119.6  2021  123.5  1848  127.9  1839  133.7  1946  131.8  1896  140.8  1907  144.0  2000  144.6  1915   320.3  1960   257.6  1920   312.7  1860   320.5  1954   973.3  2019
  124.6  2021  112.6  1990  103.7  1836   96.5  1966  117.1  1869  121.3  1839  127.5  2009  127.8  1881  128.3  1968  140.5  1998  143.8  1946  138.5  1979   315.2  2021   255.8  1889   312.2  1872   318.0  1872   970.2  1903
  124.1  1988  112.5  1966  102.2  1951   95.3  1882  115.3  1979  119.6  1997  127.3  1939  127.6  1860  127.7  1981  139.1  1882  141.0  2009  137.5  1911   314.6  2020   254.3  1913   307.6  1848   317.2  1903   962.6  1848
  122.5  1943  112.4  1916  100.6  1903   94.0  2001  112.3  2007  119.0  1998  122.1  1920  121.1  1891  125.7  1876  138.1  1880  138.0  1888  137.5  2012   306.1  1966   252.0  1862   300.0  1956   316.8  1882   952.8  1852
  116.0  1872  109.3  1958   99.4  1912   92.9  1931  111.5  1983  117.3  1912  120.6  1872  119.5  1954  121.4  1927  135.8  1870  132.6  1935  133.0  1934   305.4  1977   250.1  1969   297.6  1927   316.8  1976   938.0  2008
  114.9  1999  108.8  2014   99.2  1862   91.5  1989  104.3  1843  112.5  1987  120.4  1988  119.3  1951  121.3  1957  134.1  1987  132.5  1842  132.7  1993   299.7  1916   247.0  1951   295.9  1875   315.4  1880   935.5  1954
  114.6  1930  108.1  2022   94.2  1982   90.2  1935  104.1  1955  111.9  1852  120.3  1855  119.3  1992  120.3  1869  133.4  1865  132.1  1926  131.2  1959   296.1  1994   243.5  2000   292.3  1852   314.6  1841   928.6  1951
  114.1  1984  101.8  1848   93.3  1848   89.0  1913  104.1  2006  111.7  1980  114.2  1922  118.6  1922  119.7  1935  133.3  1906  131.4  1836  128.3  1910   289.7  2016   239.4  2018   287.3  1958   308.0  1883   928.3  2020
  113.6  1877   98.1  1881   89.5  1980   87.8  1889  102.8  2014  110.7  1872  113.6  1930  118.5  2020  115.3  2000  132.9  2013  128.7  1963  127.7  1989   288.8  1980   236.1  1903   283.3  2019   306.2  1944   927.1  2007
  108.6  1852   97.7  1915   87.7  1964   87.1  2004   94.0  1925  110.1  1958  112.6  2012  118.4  1931  115.0  2019  129.7  1843  127.1  1984  126.6  2020   287.9  1912   228.2  1986   278.5  2020   305.7  1984   926.0  2002
  108.2  1986   97.4  1904   87.4  1988   83.3  1993   93.4  1862  105.5  1882  111.9  1861  117.6  1877  114.4  1841  128.9  2019  125.2  2019  120.8  2015   286.0  1930   225.4  2006   274.8  1880   305.3  1885   921.4  1927
  107.0  1990   95.7  1925   87.1  1861   82.8  1986   90.8  1942  104.1  1863  110.2  1968  117.5  1927  113.9  1974  128.1  2020  120.9  1840  117.8  1901   283.4  1937   225.2  1998   274.2  1954   304.3  1940   921.3  1875
  105.5  1906   89.6  1997   86.9  1897   81.6  1970   89.7  1889  102.7  1853  104.7  1871  117.3  1857  113.6  1994  127.8  1855  120.6  1939  117.5  1999   279.2  1883   223.4  1967   271.3  1888   298.3  1839   921.1  1877
  104.1  1912   89.2  1933   86.6  1876   81.3  1932   89.1  1847   99.6  2016  103.8  1912  115.4  1986  108.9  1946  126.4  2002  120.2  1944  116.6  2000   278.0  1939   218.9  2001   270.0  1845   293.1  1929   920.9  2014
  103.4  1956   87.8  1995   84.4  1998   80.1  1858   88.5  1903   99.2  1931  101.9  1882  115.2  1848  107.7  1880  126.4  1949  119.9  1839  115.9  1909   277.9  2007   218.5  1924   269.4  1882   287.6  2012   918.8  1880
  100.3  1886   86.3  1951   84.4  2008   80.1  1867   88.0  1907   97.6  1927  100.8  1958  110.5  1903  105.9  1960  125.3  1885  118.5  1960  114.0  1900   275.5  1923   214.7  2012   267.1  2004   287.4  1866   909.9  1966
   98.8  2016   85.0  2007   83.6  2019   79.1  2018   86.9  1931   96.0  1936  100.1  1960  110.4  1845  104.5  1999  122.8  1846  116.2  1950  113.2  1986   272.1  1900   214.4  1937   264.9  1946   283.0  1876   909.6  1876
   98.6  1899   84.7  1883   83.1  1905   78.6  1871   84.8  1951   95.8  1977   99.3  1973  110.0  1962  104.3  1984  122.1  1976  115.3  2002  113.2  1919   271.6  1979   214.2  1867   263.3  1980   282.7  1998   905.4  1958
   98.5  1913   84.2  1893   83.0  2016   78.3  1959   84.4  1891   95.1  1985   98.2  1895  109.9  1852  103.9  2008  121.4  1872  114.5  1872  110.2  2002   268.6  1928   214.0  1878   262.9  1922   281.4  1974   904.2  1930
   98.3  1937   83.2  1980   82.1  1963   78.2  1872   81.7  1898   93.2  2020   98.1  2008  109.7  1856  103.1  1839  121.3  1848  114.0  1992  110.0  1886   267.5  1910   210.6  1908   261.5  1878   281.3  1967   903.9  1999
   98.0  2004   83.0  1974   81.8  1914   74.7  1876   81.1  1981   90.4  1838   98.0  1879  108.7  1971  102.4  1950  121.3  2004  113.4  1875  109.6  1994   260.8  1984   206.7  2008   259.8  1853   280.6  1946   903.7  1946
   97.6  1936   82.7  1837   81.4  1851   74.0  1922   79.7  1986   89.4  1871   95.9  1924  108.2  1865  101.3  1993  119.8  1928  113.2  2012  109.4  1891   258.3  1919   206.5  1869   256.9  1866   273.5  2022   902.4  1924
   97.5  1919   82.1  1910   80.2  1941   73.3  1877   79.6  1860   88.3  1883   95.7  1931  107.9  1957  101.1  1848  115.9  2001  112.6  2022  107.8  1869   250.6  1958   205.8  1916   256.3  1917   273.1  1981   897.1  1998
   96.4  1974   81.5  2001   79.5  1908   73.1  1859   79.2  2015   87.7  1935   95.2  1957  107.8  1900  100.2  1849  115.1  1886  111.9  1882  105.1  1872   250.2  1948   205.5  1877   255.9  1960   272.2  1836   896.9  1839
   96.1  1900   80.4  1879   79.4  1909   72.7  1908   78.8  1968   86.3  1880   93.5  2002  105.4  1948   99.7  1958  113.5  1935  107.5  2015  103.1  1847   249.2  2001   203.4  1843   253.8  2008   272.0  2002   895.3  1841
   95.7  1994   80.3  1866   79.4  1896   72.5  1930   78.5  2013   86.3  1928   93.4  1877  105.4  1905   98.7  1930  112.9  1932  107.2  1931  102.6  1882   247.2  2013   200.4  1999   252.5  1992   271.8  1992   890.0  1886
   95.4  1998   80.1  1946   79.1  1842   72.1  1849   77.2  1993   85.8  1866   92.2  1956  105.2  1910   97.7  1995  110.5  1980  107.1  1910  101.6  1985   246.4  1925   200.2  2016   252.5  1997   269.5  1927   889.4  1866
   94.4  1875   79.8  1922   78.3  1889   71.8  1843   76.9  1856   85.8  1971   92.1  1965  104.8  1941   94.3  1944  109.5  1924  103.9  1969  100.9  2006   245.3  1920   198.5  1882   252.3  1903   269.3  1930   880.8  1860
   93.7  1869   79.1  1935   77.7  2006   70.5  1848   76.3  1926   84.9  1909   92.1  1850  102.8  2008   93.5  1924  109.1  1916  103.7  1895   99.3  1896   243.6  1936   197.2  1966   252.2  1936   269.1  1968   880.6  1965
   92.7  1895   78.4  1876   76.0  1987   70.2  1937   75.7  1997   84.6  1907   90.9  1932  102.6  2014   93.4  1885  108.9  1841   99.6  1928   97.4  1880   242.9  1935   196.5  1846   250.9  1877   262.9  1924   870.1  1968
   91.9  2007   78.3  1885   75.2  1888   70.1  1999   75.4  1840   83.8  1875   90.4  1884  101.4  1897   91.0  1852  106.2  1966   96.6  1876   97.4  1922   242.0  2008   196.3  2014   250.3  1891   262.7  1891   870.0  1931
   91.9  1883   78.1  1869   73.2  1972   69.2  1850   75.3  1973   82.1  1954   89.8  1940  101.1  1846   90.0  1962  105.5  2021   96.6  2016   96.5  1918   239.4  1848   195.8  1955   250.2  1841   260.1  1994   864.2  1992
   91.4  1978   78.1  2000   73.0  1975   67.3  1962   74.7  2002   80.2  1955   89.3  1914   99.7  1866   89.2  1983  103.7  1945   96.5  1982   96.1  1938   239.2  1922   195.5  1972   249.3  2009   259.3  1848   860.2  1981
   91.2  1922   77.8  1880   72.8  1937   65.8  1947   74.2  1954   80.1  1991   89.2  1853   99.6  1950   88.0  1925  102.9  1954   95.6  1974   95.5  1845   237.3  1961   195.0  1919   249.2  1881   258.9  2008   859.1  1878
   91.0  1971   77.5  1941   72.4  1994   65.8  1879   73.8  1943   79.4  1963   88.8  1918   99.2  1960   87.6  2012  102.6  1938   95.4  1996   95.2  1948   236.3  1943   193.8  1872   247.2  1939   258.3  1918   856.5  1939
   91.0  1959   77.2  1894   71.5  2001   65.4  1924   73.0  2000   78.1  1948   87.8  1909   99.2  1999   86.5  1903  102.5  1892   95.3  1883   94.9  1983   234.4  1872   191.1  1964   246.7  1957   256.2  1949   851.1  1986
   91.0  1863   76.0  1967   71.0  1867   65.3  1973   72.3  1945   77.4  1892   87.6  1992   98.5  1966   86.5  1874  101.9  1923   95.0  1986   94.8  1966   233.2  2000   191.1  1930   245.3  1857   254.6  1951   850.8  1891
   89.5  1837   75.2  1897   70.2  1844   65.1  1899   72.2  1985   76.3  1968   87.1  1886   98.4  2010   85.3  1899  101.6  1917   94.8  1930   94.2  1972   231.6  1837   190.4  1968   245.1  1982   253.5  2006   850.3  1980
   89.3  1938   74.8  1872   69.7  1927   64.9  1953   71.4  1937   76.1  1999   85.8  1923   97.1  1868   85.1  1863  101.4  1929   94.2  1838   93.4  2011   231.5  1974   188.1  1931   244.4  1968   252.7  1987   850.3  1979
   89.3  1884   72.7  1957   69.3  1992   64.8  1950   70.6  1920   75.6  1845   84.8  1941   96.0  1841   84.6  2017  100.1  2022   94.0  1877   93.0  1912   231.3  1899   187.8  1963   243.1  1985   250.5  1896   850.1  1935
   88.8  1915   72.7  1861   69.1  1864   64.3  1979   70.3  1877   75.5  1878   84.1  1845   92.8  1921   84.5  1936   99.4  1952   93.0  1914   92.8  2018   230.9  1970   186.3  1848   241.0  1966   250.1  1950   847.8  1910
   88.6  1926   72.6  1970   68.5  1969   64.0  1857   70.2  1958   75.5  1841   83.0  1883   92.3  1977   84.2  1862   98.9  1909   92.8  2014   91.2  1960   228.4  1999   186.1  1994   239.6  1924   246.9  1965   842.7  1883
   88.4  1860   72.5  2011   68.3  1920   63.8  1963   68.2  1912   75.4  1945   82.5  1927   91.4  1902   83.7  1859   97.2  1933   91.4  1841   90.2  1924   227.8  1897   184.4  1989   239.0  1909   246.6  1938   842.5  1994
   88.0  1961   71.7  1931   68.2  1886   63.6  1981   68.2  1879   75.0  1897   82.4  1953   91.3  1980   83.4  1875   97.2  1940   91.4  1890   89.6  2013   226.9  1946   184.3  1907   238.5  1910   246.0  1863   841.9  1923
   87.4  1993   70.1  2016   67.9  1989   63.3  1940   68.1  1972   74.6  1905   82.1  1851   89.1  1859   83.3  1992   97.0  1862   90.6  1938   88.7  1907   226.5  1986   183.8  1985   237.5  1988   245.9  1906   840.0  2004
   87.3  1970   68.9  1928   67.9  1999   63.2  1968   67.7  1865   74.1  1966   80.4  2021   88.7  1952   82.1  1872   96.8  1847   90.2  1949   88.1  2019   225.9  1978   183.4  1992   236.1  1900   244.6  1874   838.6  1967
   87.0  1975   67.7  1994   67.3  1965   63.2  1949   67.1  1917   73.2  1851   79.9  2017   88.1  2012   81.7  1967   96.5  1863   88.1  1997   88.0  1961   225.8  1926   179.8  1942   235.9  1971   244.3  1980   836.3  1916
   86.8  1920   67.6  1989   67.2  1873   63.0  1991   67.0  1966   72.7  1946   79.5  1867   87.3  1837   81.7  1998   95.7  2005   88.0  1959   87.8  2017   224.2  2004   179.8  1876   235.0  1915   244.3  1842   836.3  1928
   86.1  1972   67.5  1954   66.8  1933   62.9  1856   66.8  1952   71.5  1900   78.9  2019   86.5  1843   81.1  1856   95.1  2006   86.7  1885   87.7  1897   221.9  1950   179.6  1941   234.9  1855   243.6  1926   835.5  1900
   85.4  1840   66.7  1996   66.8  2017   62.8  2008   66.0  1902   70.4  1885   78.8  1841   86.1  1997   76.7  1842   94.6  1898   86.6  1965   87.6  1852   221.7  1988   178.5  1952   232.9  1930   241.2  1982   832.5  1993
   85.2  1890   66.2  1843   65.7  1986   62.1  2016   65.9  1948   69.7  1843   78.7  1894   85.9  1985   75.7  2006   93.6  1894   86.5  1977   86.7  1956   221.4  1913   178.3  1987   230.6  1871   241.1  1923   830.8  1915
   84.2  1867   65.0  1844   65.6  1860   61.8  1923   65.7  1838   69.6  1964   78.2  1950   85.7  1970   75.2  1868   93.0  1853   85.8  1881   85.6  2003   220.4  2022   178.1  2021   229.4  1987   240.8  1928   829.4  1936
   84.2  1921   64.9  1969   65.4  1881   61.7  1934   65.5  2003   68.3  2009   77.8  1993   85.3  1889   75.0  1879   92.9  1913   85.5  1906   85.6  1990   217.7  1904   177.9  1993   228.2  1865   240.1  1932   828.1  1920
   84.2  1941   64.8  1926   65.2  2013   61.7  2005   64.6  1849   68.0  1956   77.4  1938   85.0  2006   75.0  1931   92.0  1939   85.5  1927   85.2  1935   217.6  1881   177.6  1836   224.0  1920   239.6  1939   824.4  1977
   84.1  1962   64.8  1945   63.0  1930   61.5  1985   64.4  1916   67.8  1861   77.3  1893   84.8  1938   74.5  1932   91.7  1925   85.2  1905   84.9  1958   217.6  1894   176.4  2007   223.9  1941   239.6  1963   823.3  1879
   83.2  1977   64.6  1940   62.9  1868   61.1  1987   64.3  1976   67.7  1972   76.9  1854   84.6  1924   73.9  1956   91.6  1944   83.6  1861   84.8  1849   216.1  1941   175.9  1965   223.4  1843   238.9  1970   820.4  1950
   82.5  2018   64.2  1919   62.6  1978   60.1  1951   64.2  1841   67.7  1855   76.7  1978   83.2  1982   73.0  1923   90.8  1981   83.1  1916   84.2  2021   216.0  2002   175.3  1912   222.3  1907   237.5  1993   817.6  1948
   82.3  1942   64.1  1972   62.4  1859   59.5  1975   63.9  1899   67.5  1973   76.6  1903   83.2  1890   72.4  1857   90.7  1990   82.8  2006   82.8  1881   215.1  1967   174.7  1860   221.6  1950   236.5  2013   814.0  1974
   80.0  1965   64.0  2021   62.3  1955   59.4  1862   63.9  1946   67.1  2003   75.9  1865   82.5  1908   72.3  1975   89.3  1889   82.2  1878   80.8  1976   213.9  1873   174.1  1988   219.9  1846   236.1  1869   812.6  1922
   80.0  1983   63.4  1960   62.0  1877   59.3  1910   63.2  1867   66.9  1862   74.9  1842   82.1  1979   72.1  1909   87.4  1878   81.3  1894   80.1  1964   211.8  1957   174.0  1925   219.4  1948   236.0  1878   810.9  1869
   79.5  1851   62.1  1927   62.0  1872   59.2  1836   62.4  1999   66.9  1920   74.9  1901   82.1  1930   71.7  1954   86.8  2012   80.7  1911   79.9  1923   210.5  1991   173.3  1909   219.3  1953   233.8  1886   810.3  2021
   79.5  1866   61.7  1877   61.2  1954   58.2  1907   62.2  1842   66.4  1857   74.8  1849   81.9  1898   71.7  1897   86.6  1858   80.7  1936   79.1  1951   208.8  1870   172.0  1897   219.2  1838   231.3  1999   808.5  1982
   79.4  1846   60.8  1936   61.1  1928   57.5  1901   62.2  1885   66.2  2017   74.5  1840   81.8  1974   71.1  1982   86.5  1896   79.0  1844   78.8  1893   208.0  1882   171.2  2004   216.6  1973   230.8  1957   802.1  1881
   78.8  1873   60.0  1882   60.8  1901   57.5  1878   61.8  1904   66.1  1965   72.7  1954   81.0  1872   71.0  1892   85.0  2014   77.2  1843   78.7  1954   207.5  1911   170.7  1891   216.5  1905   230.5  1925   801.6  1919
   75.9  1991   59.0  1899   59.6  1991   57.4  1905   61.7  1949   65.6  1906   71.8  1991   80.3  2015   71.0  1840   84.7  1900   77.1  1874   78.5  1930   207.3  2018   168.7  1975   213.9  2017   230.4  1859   801.0  1836
   75.5  1944   58.2  1906   59.1  1952   57.1  1994   61.0  1892   65.6  1896   71.6  1846   80.3  2019   70.0  1861   84.5  1852   77.0  1991   78.4  1981   206.8  1931   167.8  1923   213.8  1892   230.1  1871   794.9  2006
   75.4  2015   58.2  1961   58.7  1977   56.8  1926   60.3  1923   65.2  1903   71.6  1908   79.6  1963   69.8  1943   82.8  1989   76.4  2008   78.0  2007   206.0  1867   166.7  1847   213.2  1974   229.8  1870   794.1  2001
   74.9  1904   58.1  1865   58.6  1895   56.6  1925   60.1  1906   64.6  1993   71.4  1866   79.4  1942   69.6  1887   81.5  1961   76.3  1941   77.3  1955   205.9  1951   166.3  1858   213.1  1894   228.7  1877   793.5  1843
   74.8  1969   57.4  1978   58.6  1839   56.5  1969   59.7  1873   64.0  1859   71.3  1919   78.5  1928   69.4  1860   81.0  1874   75.9  1972   77.2  1995   205.8  1885   165.8  1898   212.4  1965   228.6  2001   793.0  1969
   73.7  1951   57.0  1836   58.3  1957   56.3  1971   59.7  1845   64.0  1873   70.7  1890   78.4  1873   68.0  1864   80.5  1883   75.8  1994   77.1  1977   205.4  1840   165.6  2013   211.3  1938   228.6  1916   790.9  1914
   73.7  1958   56.9  1914   57.9  1970   56.1  1939   59.6  1913   63.8  1910   70.6  1852   78.3  1953   67.4  2010   80.1  1849   74.8  1866   76.9  1841   203.5  1962   164.8  1949   211.1  1873   227.9  1843   789.2  1932
   73.5  1856   56.8  1838   57.6  1922   56.0  1992   59.5  2008   62.7  1891   70.5  1907   77.4  1904   67.1  1877   80.1  1895   73.5  1913   76.5  1982   203.1  2003   164.8  1917   211.0  1890   227.9  1840   789.1  1907
   73.3  1853   56.1  2010   56.8  1971   55.7  1898   59.4  1941   61.8  1894   69.8  1974   76.4  1958   66.9  2001   79.7  1912   73.0  1865   76.5  1945   202.5  1846   164.7  1859   210.3  1861   225.9  1849   789.0  1937
   72.4  1924   55.9  2017   56.8  1940   55.3  1918   59.3  1938   61.8  1914   69.6  1836   76.0  1863   66.8  1858   79.1  1999   72.9  1971   76.4  1942   201.0  1956   164.1  1879   210.2  1851   223.6  1838   786.3  1970
   72.2  1868   55.5  1918   56.7  1934   55.2  1885   59.2  1918   61.7  1974   69.5  1910   76.0  1892   66.5  1878   78.6  2008   72.5  1980   76.3  1997   199.9  1892   163.5  1940   208.8  1859   223.3  2005   785.1  1918
   71.7  1903   54.7  1867   55.7  1884   54.6  1909   59.2  1962   61.4  1911   69.0  2001   75.9  1969   66.5  1948   77.5  1986   71.8  1891   75.2  1860   198.9  1969   162.2  1856   208.0  1863   222.8  1892   785.0  2016
   71.1  1849   54.3  1840   55.6  1984   54.6  1964   58.7  1984   61.3  1881   68.9  1848   75.3  1839   65.8  1882   77.2  1836   71.3  2010   74.8  1884   197.1  1866   162.2  2019   208.0  1883   222.6  1952   782.3  2015
   71.0  1927   54.2  1979   55.5  1959   54.1  1972   58.6  1915   61.3  1888   68.7  1873   75.1  2001   65.4  1922   76.0  1881   71.1  1859   73.8  2009   196.9  1875   161.7  1973   207.9  1928   222.5  1907   781.4  2009
   70.8  1968   53.9  1868   55.3  2007   54.0  1965   58.5  1858   61.0  1990   68.5  1966   73.9  1874   64.9  1845   75.8  1930   71.1  1979   73.8  1898   196.3  1852   160.8  1970   206.1  1963   222.0  2009   780.5  1988
   70.2  1946   53.6  1988   55.3  1983   53.9  1895   58.4  1908   60.8  1978   67.8  1937   73.7  1916   63.6  1836   75.7  1859   69.9  1864   73.1  1848   193.0  1955   159.2  1959   205.6  1998   221.5  1913   780.1  1940
   69.6  1910   53.2  1981   55.2  1917   53.2  1927   58.2  1854   60.1  1836   67.5  1947   73.1  1923   62.6  1844   75.5  1942   69.8  2003   72.9  1837   192.2  1887   159.0  1849   205.5  1856   221.2  1966   778.3  1909
   69.5  1857   53.0  1874   54.2  1995   53.0  1886   58.2  1992   59.9  1926   67.4  2013   72.5  1894   62.3  2005   75.4  1993   69.6  1880   72.9  1946   191.1  2010   159.0  1922   204.9  1977   220.0  1936   776.2  1894
   69.4  1940   52.8  1856   54.0  1942   52.6  1952   57.0  2009   59.7  1917   67.2  1843   71.5  1988   62.1  1963   75.3  1839   69.6  1966   72.8  2014   190.7  1901   158.8  1962   203.8  1914   219.2  2004   774.1  1984
   68.2  1979   52.8  1852   53.3  1936   52.6  1944   56.9  1947   59.1  1924   66.8  2020   71.4  1925   61.3  1980   74.7  1910   69.5  1900   72.4  1925   189.4  1998   158.5  1902   203.3  1895   217.6  1958   773.5  1987
   67.6  1932   52.0  1911   52.4  2015   52.3  1897   56.9  1890   58.6  1953   66.4  1891   71.1  1915   60.9  2018   74.5  1992   69.3  1968   72.1  1936   189.2  2015   158.5  1971   202.8  2002   217.4  2020   772.7  1957
   67.1  1980   51.8  1984   52.0  1857   50.9  1919   56.6  1994   58.6  1847   66.0  1889   71.0  1888   60.8  2022   74.4  1984   68.4  1860   71.0  1969   189.1  1853   157.7  2002   202.6  2014   215.3  1881   771.7  1925
   67.1  1952   50.8  1884   50.6  1882   50.9  1853   55.8  2017   58.2  1902   65.9  2015   70.2  1944   60.8  1961   74.2  1868   68.3  1850   70.9  1920   189.0  1902   157.4  1857   202.5  1897   213.8  1865   769.9  1941
   66.5  1865   49.8  1955   50.2  2010   50.6  1902   55.6  1930   57.1  1890   65.7  1844   69.7  1961   60.3  1847   74.1  1899   67.7  1837   70.6  1998   189.0  1996   157.2  1842   201.2  1837   213.7  1894   769.1  1862
   66.3  2002   49.3  1871   50.1  1985   50.5  1894   55.3  1894   56.9  1944   65.6  1904   69.6  1844   60.0  1953   73.8  1941   66.8  1869   70.5  1916   186.7  1983   157.2  1905   199.4  1978   211.4  1847   769.0  1983
   66.1  2009   49.0  1991   49.6  1932   50.4  1888   55.3  2018   56.6  1960   65.3  1838   69.1  1895   59.9  1867   73.6  1982   66.3  1985   70.3  1952   185.9  1906   156.9  1899   198.8  2016   210.7  1899   764.9  1944
   65.5  1854   49.0  1870   49.2  1841   49.1  1977   55.1  2016   56.1  1943   65.0  1925   69.0  1919   59.7  1908   73.3  1867   66.2  1923   68.8  1937   185.3  2012   156.6  1927   197.7  1908   207.1  1895   763.7  1845
   65.2  1882   48.1  1947   49.1  1967   48.9  1948   55.1  1910   56.0  1842   64.4  1961   68.8  1996   59.5  2021   73.1  1937   65.4  2005   68.3  1949   184.6  1940   156.5  1864   197.1  1945   206.7  1931   763.7  1885
   64.7  1918   47.5  1903   49.0  1939   48.1  1996   54.6  1965   55.8  2011   64.3  1944   68.3  1858   59.5  1951   71.9  1974   65.2  1952   68.2  1921   184.1  1972   156.0  1841   196.8  1999   206.6  1844   758.8  1868
   64.6  1934   47.4  1839   48.4  1968   47.9  1880   54.0  2011   55.8  1876   64.1  2003   67.9  2017   59.2  1838   71.9  1837   65.2  1995   67.6  1957   184.0  1938   154.9  2015   195.5  1986   206.5  2015   757.5  2013
   64.6  2003   47.2  1889   47.6  2005   47.8  1868   53.7  1872   54.9  1989   63.0  1837   67.9  1853   59.0  1973   71.7  1902   64.6  2007   67.1  1866   182.9  1860   154.7  1926   192.8  1902   206.4  1862   757.1  1926
   64.5  2020   47.1  1864   47.4  2014   47.7  1936   53.4  2001   54.5  1933   62.1  1985   67.8  1939   58.3  2016   71.5  1968   64.5  1987   65.9  1859   182.3  1987   154.5  1885   191.9  2010   203.8  1846   755.6  1867
   64.5  1955   46.3  1912   47.3  1846   47.1  1891   52.7  1882   54.3  2005   61.7  1857   67.8  1967   58.1  1853   70.8  1926   64.4  1863   65.8  1856   182.1  1959   154.3  1838   191.4  1944   203.7  1853   754.1  1985
   64.5  1874   45.7  1953   46.8  1866   47.0  1903   52.6  1875   52.9  2008   61.5  2005   67.4  1945   58.0  1952   70.7  1994   63.6  1907   65.8  1895   181.4  1947   152.9  1977   189.8  1970   203.6  2010   753.6  1978
   64.2  2013   45.5  2013   46.6  1890   46.7  1838   52.5  1893   52.5  1858   61.2  1975   67.3  1907   57.9  1837   70.3  1971   63.0  1947   65.7  1839   180.8  1868   152.5  1851   188.1  1867   201.2  1860   753.5  1897
   62.9  1887   45.4  1920   46.2  1855   46.3  1837   51.9  1953   52.1  1939   61.1  1926   66.3  1909   57.0  1886   70.2  1838   62.7  1915   64.9  1947   180.8  1879   152.0  1888   187.9  1840   201.1  1995   753.3  1846
   62.8  2012   45.0  1987   46.2  1870   46.1  2014   51.8  1988   52.0  1952   60.5  1862   65.7  1875   55.4  1991   70.0  1958   62.5  2018   64.6  1927   180.4  1849   151.6  1934   187.8  1951   198.9  2021   751.6  1859
   61.6  1894   44.8  1892   46.0  1845   45.4  2002   51.7  2012   51.8  2004   60.4  1980   65.6  1943   55.0  1913   68.7  1873   62.3  1898   64.5  1967   178.4  1945   151.6  1982   187.2  1993   198.0  1864   749.6  1972
   61.2  2010   44.6  2005   45.7  1923   45.2  1869   51.3  1950   51.5  1916   60.4  1892   64.4  1876   55.0  1889   68.5  1988   61.7  1886   64.3  1874   175.4  1865   151.5  1914   184.8  1884   197.4  1837   748.8  1837
   61.1  1836   44.4  1859   45.5  1911   45.0  1883   51.3  1850   51.4  2014   60.4  2004   64.4  2016   54.5  1934   68.1  1857   60.7  1993   64.3  1854   175.1  1884   149.4  1894   183.9  1862   197.0  1868   745.3  1956
   60.7  1982   43.8  1850   45.1  2021   43.9  1956   50.2  2022   50.9  1837   60.2  1949   63.6  1840   54.2  1987   67.5  1877   60.5  1998   64.0  1992   175.0  1965   149.3  1845   183.7  2015   196.5  1983   744.8  1938
   60.4  1925   43.0  1999   45.0  1880   43.7  1847   49.6  1887   49.8  1840   60.1  1970   63.5  1838   53.4  1881   66.8  1959   60.0  1924   63.0  1870   173.6  1903   149.2  1950   183.6  1926   195.8  1910   742.1  1906
   60.4  1947   42.9  1939   45.0  1906   43.6  1845   49.4  1929   49.7  1947   60.1  1881   62.9  2002   53.4  1938   66.6  1871   58.8  2013   63.0  1906   173.3  1933   148.4  1901   181.3  2001   194.0  1909   741.4  2017
   60.3  1841   42.7  1898   44.8  1904   43.6  2006   49.2  1864   49.2  1938   59.7  1942   62.5  1926   52.2  1978   66.6  1893   58.2  1887   62.5  1888   172.8  1850   147.7  1873   179.1  1969   193.5  1911   739.3  1856
   59.7  1862   41.7  2006   44.4  2020   43.4  1884   48.9  1964   49.1  1856   58.5  1946   62.5  1867   52.2  1920   66.3  1856   58.0  1845   61.2  1894   172.5  1982   147.6  1954   178.2  1842   192.8  1861   739.2  1871
   59.3  1843   41.2  1908   44.3  1869   43.3  1946   48.3  1933   49.0  1901   58.2  1969   62.0  1984   51.3  2004   65.5  1996   57.2  1912   61.2  1899   171.5  1968   147.5  1953   177.2  1850   191.5  1917   738.0  1849
   59.0  2017   41.1  1948   43.6  1894   42.8  1978   47.7  1995   47.3  1884   56.8  1900   62.0  1882   50.8  1873   65.1  1844   57.0  1955   60.8  1928   171.3  1975   147.4  1918   176.2  1916   191.5  2014   735.2  1929
   58.9  1992   41.0  2015   42.9  1960   42.6  1841   47.3  1880   47.2  1846   56.4  1987   61.9  1978   49.7  1919   65.0  2010   56.9  1870   60.8  1877   171.0  1924   147.4  1871   176.0  1901   189.5  1961   734.4  1913
   58.8  1878   40.6  2004   41.9  1838   42.5  1917   46.8  1855   46.4  2002   55.6  1859   60.5  1987   48.7  1945   64.7  1983   56.7  1873   60.6  1858   169.8  1861   147.2  2005   175.0  1923   189.4  1986   733.2  1961
   58.8  1945   40.5  2009   41.9  1902   41.3  2003   45.5  1900   46.2  1867   55.0  2000   60.1  1885   48.5  1911   64.5  1948   56.6  1902   59.4  1836   168.6  1908   146.5  1904   174.4  1962   188.1  1888   733.1  1997
   56.8  2011   39.9  1847   41.8  1921   40.4  2009   45.4  1971   45.6  1992   54.7  1972   57.9  1968   48.4  1937   64.3  1911   56.4  1967   59.2  1968   167.5  1973   144.9  1868   173.6  1836   186.6  1991   731.3  1888
   56.6  1931   39.3  1907   41.6  1958   40.0  1941   45.0  1977   45.6  1988   54.3  1945   57.9  1929   48.3  1891   64.1  1851   55.5  1901   57.9  1980   165.0  1857   144.8  1948   173.1  1991   185.8  2017   728.0  1865
   55.6  1985   39.2  1944   41.2  2004   39.9  1904   44.3  1996   45.4  1854   53.3  2010   57.2  1934   47.6  1970   63.6  1919   55.0  2017   56.7  1974   165.0  1893   144.6  1933   171.5  1889   185.6  1887   726.8  2018
   54.3  1891   38.5  2019   40.5  2022   39.8  1874   44.2  1853   45.2  1899   52.8  1933   57.1  2011   47.3  1988   63.4  1860   54.6  1981   56.0  1962   164.8  1952   144.1  1978   169.5  1858   184.7  1914   725.7  1989
   54.3  1917   38.2  1875   39.9  1949   38.1  1864   43.6  1881   45.0  1969   51.5  1929   56.5  1862   46.2  1850   63.1  1866   54.3  1847   55.8  2005   164.5  1949   143.8  1861   169.2  2005   184.0  1996   725.5  1952
   53.7  1933   38.1  1878   39.7  1887   37.6  1945   43.4  1940   44.8  1984   51.0  1959   56.3  2000   46.2  1917   62.6  1927   54.3  1957   55.3  1908   163.8  1981   140.6  1961   169.0  1961   183.3  1943   725.3  1917
   53.3  1897   37.4  1943   39.5  1974   37.6  1916   42.9  2004   44.8  2022   51.0  1916   55.7  1994   45.4  1966   60.8  1943   53.7  2020   55.3  1996   163.7  1843   140.3  1880   168.6  1919   183.3  1855   725.1  1889
   53.1  1976   37.4  1841   39.2  1891   37.3  1839   42.6  2019   44.1  1865   50.9  1962   55.5  2018   44.9  1884   60.7  1876   53.0  1854   54.9  1944   163.7  1842   139.7  2003   168.5  1932   183.0  2016   718.5  1853
   52.7  1981   37.0  2018   39.1  1874   36.4  1851   42.0  1963   44.0  1970   50.2  1964   55.0  1851   44.8  2013   60.1  1864   53.0  1897   54.7  2008   163.5  1876   138.9  2017   168.5  1952   182.3  1857   716.3  1971
   52.7  1885   36.8  2008   38.8  1996   36.3  1866   41.5  1914   43.8  1950   49.5  2006   54.2  1965   44.7  1972   59.3  1920   52.8  1903   54.6  1867   163.4  2019   137.2  1939   167.2  1893   181.7  1845   714.8  1838
   52.5  1847   36.4  1973   38.8  1976   36.0  2019   41.4  1857   43.6  1908   49.0  1917   54.0  1981   44.6  1904   59.3  1997   52.8  1932   54.4  1984   163.2  1921   135.9  1850   166.2  1844   181.1  1990   705.9  1895
   52.4  1957   36.3  1968   38.1  1907   35.6  1967   41.2  1987   43.6  1957   48.8  1858   53.9  1893   44.0  1905   58.9  1845   52.7  1921   54.4  1902   161.4  1863   135.9  1935   166.0  1904   179.5  1856   705.7  1899
   52.1  1870   36.1  1849   37.6  2002   34.9  1942   41.0  1921   43.1  1864   48.7  2014   53.8  1896   43.5  1933   58.0  1915   52.7  1943   54.3  1940   161.4  2009   135.4  1945   164.6  1886   178.9  1858   704.6  1842
   51.3  1842   36.1  1902   37.1  1885   34.9  1988   40.7  1883   42.1  2000   48.5  1860   53.5  2009   43.1  1942   58.0  1979   52.5  1853   52.0  1973   161.3  1993   134.9  1946   163.4  1964   178.7  1933   704.5  1857
   51.1  2001   35.4  1842   33.9  1847   34.1  1875   39.3  1909   40.2  2010   48.5  2011   53.5  2005   42.8  1990   57.7  1887   51.6  1953   51.1  1904   161.0  1895   134.6  1881   162.7  1918   177.5  2018   703.3  1847
   49.7  1879   34.6  1901   33.8  1966   33.8  1863   39.2  1960   39.9  1877   48.0  1967   52.7  1932   42.3  1893   57.5  1953   51.4  1934   50.8  1864   160.5  1898   134.5  1980   162.6  1854   176.8  1898   701.4  1963
   48.9  1876   34.5  1855   33.5  1871   33.5  1960   39.1  1852   39.5  1898   47.1  1963   52.7  1914   41.7  1846   57.4  1934   51.3  1899   50.7  1878   157.7  1878   134.0  1991   162.2  1896   176.2  1873   696.0  1945
   48.8  1923   34.3  1976   33.1  1950   32.6  1900   38.7  1978   39.3  1849   46.8  1997   52.6  2013   41.7  2015   57.3  2009   50.8  1925   50.6  1939   157.0  1971   133.4  1910   161.4  2011   175.5  1997   693.2  1863
   47.0  1954   33.5  1992   32.9  1853   32.3  1911   38.0  2005   38.7  1929   46.7  1856   52.1  1850   41.5  2011   57.3  2015   50.5  1976   50.3  1887   156.9  1997   132.7  1958   161.3  1876   174.8  1900   690.4  1947
   45.7  1892   33.4  1982   32.9  1918   32.0  1990   37.5  1874   38.0  1981   43.8  1983   52.1  1901   41.4  1947   57.0  1914   50.3  1962   50.3  1862   156.8  2011   131.2  1996   161.1  1849   173.7  1889   687.5  1861
   45.3  1839   32.8  1949   32.9  2003   31.2  1928   37.2  1957   37.5  2015   43.2  1902   50.7  1911   40.7  1926   55.2  1957   50.3  1989   48.4  1850   154.9  1927   130.8  1943   160.4  2021   173.5  1905   686.6  1908
   45.1  1996   32.5  1888   32.5  2000   31.0  1943   36.3  1975   37.3  1986   43.1  1928   49.8  1973   40.6  1902   54.8  1936   50.3  1918   47.7  1889   153.3  1856   130.5  1890   158.6  1943   172.9  1948   683.5  1990
   45.0  1893   31.4  1962   32.4  1962   30.8  1921   35.8  1846   37.2  1959   42.8  1896   48.9  1918   40.4  1955   54.2  1991   49.8  1919   46.1  1861   152.9  1890   130.3  1884   158.2  1972   169.5  1912   682.6  2005
   44.3  1967   30.2  1983   32.3  2009   30.7  1887   35.3  1871   37.2  2001   42.8  1986   47.6  1870   39.7  1949   54.2  2018   49.3  1892   45.8  1950   152.8  1918   129.9  1895   156.2  2013   169.1  1953   679.7  1896
   44.2  1850   30.0  1873   30.7  1953   29.6  1896   35.2  1866   37.2  1930   42.5  1989   47.3  1842   38.7  1894   52.7  2011   49.0  1893   45.4  1903   151.8  1838   129.7  2009   155.7  1942   169.0  1989   679.1  1949
   43.6  1845   29.9  1913   30.2  1879   29.6  1933   35.0  1911   36.8  2021   42.2  1994   47.1  1884   38.3  2007   51.3  1921   48.6  1975   45.0  1975   151.5  1851   129.6  1906   153.4  1935   168.9  1902   678.2  1942
   43.2  1966   29.7  1857   30.0  1948   29.5  1915   34.9  1944   36.2  2013   42.0  1934   47.0  1849   38.2  1940   50.9  1901   47.9  1958   44.0  2004   150.7  1917   128.0  1853   153.4  2000   168.7  1890   678.0  1976
   42.8  1916   29.1  2012   29.5  1883   29.4  1860   34.7  1851   36.0  1895   41.4  1971   46.9  1855   37.2  1870   49.0  1869   47.7  1999   44.0  1987   150.6  1871   127.1  1997   151.0  2006   168.0  1971   676.2  1874
   42.4  2005   29.0  1971   29.3  1865   29.3  1955   34.2  1868   36.0  1893   41.3  1899   46.6  1998   36.4  1916   48.9  1963   47.6  1868   43.7  1871   150.0  1944   126.7  1936   149.2  1898   166.7  1962   674.1  1892
   42.1  1901   28.6  1860   29.1  1924   29.0  1861   33.8  1927   35.3  1937   41.1  1876   46.2  1906   35.9  1989   48.9  1850   47.6  1990   42.3  1991   148.9  2017   124.0  1865   149.1  1967   166.1  1941   673.7  1995
   42.1  1844   28.5  1985   29.0  1878   28.3  1929   33.6  1974   34.8  1961   40.0  1998   46.0  1935   35.6  2020   48.4  1977   47.3  1961   41.9  1863   147.5  1942   123.2  1995   148.0  1929   165.0  1977   672.6  1840
   38.7  1908   28.2  2003   28.4  1898   28.2  1914   33.2  1934   34.3  1941   38.4  1951   45.9  1887   35.0  1890   48.3  1955   46.5  2004   38.9  1838   146.9  1886   123.1  1984   147.1  2003   163.5  1850   671.4  1962
   38.3  1871   28.2  1853   27.9  1899   28.2  2020   32.8  1897   33.3  1967   37.3  1874   45.7  1989   34.9  1901   47.6  2003   45.8  2001   38.5  1941   144.9  1954   122.7  1928   145.7  1885   163.4  1945   667.9  1943
   38.1  1929   27.6  1975   27.7  1858   27.4  1997   32.6  1982   33.1  1934   36.9  1996   44.9  1886   34.7  1969   46.9  1973   45.6  1978   38.1  1842   142.4  1859   120.0  1887   143.0  1989   163.4  1937   663.6  1959
   37.6  2000   27.5  1846   27.7  1946   27.1  1892   32.0  1939   33.0  1850   36.8  1943   44.7  1993   34.7  1914   46.4  1985   45.5  1849   37.3  1865   141.3  1953   119.7  1896   139.9  1906   163.3  1934   662.5  1873
   37.4  1859   27.5  1854   27.6  1915   27.0  1890   31.6  2010   32.6  1886   36.5  1905   44.3  1949   32.8  1921   46.4  1918   44.5  1904   37.0  1913   139.0  1889   119.4  1976   138.6  1925   163.1  1919   660.9  1991
   37.1  1914   26.7  1905   27.6  1837   26.9  1865   31.4  1961   32.2  1869   35.9  1948   44.1  1847   32.7  1979   46.3  2017   43.7  1917   36.9  1970   138.5  1985   118.2  1866   138.0  1979   162.8  1897   660.2  1901
   36.9  1973   26.7  1942   27.4  1956   25.7  1881   31.2  1837   30.9  1844   35.5  1981   44.0  1836   32.6  1912   46.0  1854   42.8  2011   36.2  1875   137.7  1989   116.5  1874   135.2  1996   161.7  1979   655.4  1934
   36.5  1949   26.0  1964   27.4  1843   24.9  2010   31.2  1884   30.8  1915   34.9  2016   43.6  1964   30.5  1854   45.9  1956   42.7  1973   36.2  1988   136.1  1874   115.7  1915   133.4  1874   159.7  1867   652.2  1955
   35.1  1902   25.9  1938   26.0  1943   24.7  1982   31.2  1870   30.1  1922   32.5  1878   43.5  1975   30.4  1855   44.3  1905   42.6  1983   35.9  1892   134.7  1992   115.7  1839   132.3  1934   158.6  1959   652.2  1973
   34.4  1848   25.9  1917   25.5  1945   24.6  1906   30.4  1928   30.1  1951   32.0  1870   43.2  2021   30.3  2002   43.8  1970   41.9  1948   35.3  1943   134.2  1907   115.6  1960   131.1  1937   157.8  1893   651.9  1884
   34.0  1989   23.6  1845   24.0  1997   23.7  2022   30.1  1901   29.8  1979   31.6  1887   40.7  2007   30.0  1977   42.4  1964   41.8  1937   35.0  1883   132.4  1976   115.2  1883   130.3  1947   157.3  1942   648.4  1904
   33.9  1909   23.5  1851   23.7  1863   23.3  2015   29.4  1980   29.5  1996   30.7  2018   40.3  1854   29.1  2003   42.3  1890   41.8  1857   35.0  1851   131.5  1839   114.4  2022   129.7  1847   155.0  1988   647.1  2010
   32.4  1864   22.2  1909   23.4  1925   21.9  1870   29.1  1859   29.3  1913   30.1  1995   39.3  1869   28.8  1985   41.8  1908   41.6  1908   34.1  2016   131.1  2005   113.6  1921   128.5  1933   153.1  1969   645.7  1902
   32.2  2019   21.6  1858   23.1  1892   21.9  2013   28.6  1863   28.3  1919   28.6  1990   37.6  1990   28.7  1851   41.5  2007   40.2  1884   33.9  1971   131.0  1914   112.8  1911   127.5  1981   151.5  1972   644.4  1911
   32.0  1907   21.0  1963   22.9  2012   21.4  1995   27.7  1861   28.3  1870   28.2  1982   36.6  1883   28.3  1915   39.1  1861   39.9  1964   33.6  1931   123.2  1880   111.7  1855   127.1  1990   149.1  1915   638.4  1898
   30.8  1935   20.3  1956   22.7  1875   20.8  1958   27.3  1922   28.2  1887   28.1  1906   36.5  1871   28.1  1997   38.2  1995   39.3  1846   32.7  2001   122.5  1862   111.1  1892   125.1  1984   148.6  1973   637.3  1953
   30.2  1898   20.1  1863   22.4  1856   20.8  1873   27.3  1919   25.3  1994   27.9  1863   36.0  1913   27.6  1888   38.1  1897   39.2  1988   32.6  1917   121.4  1864   109.4  1875   123.9  1940   148.6  1975   636.5  1890
   29.3  1889   20.0  1890   22.3  1849   19.1  1840   26.4  1888   24.9  1918   27.8  1898   35.8  1972   27.1  1906   36.8  1884   38.7  1942   32.3  1879   120.2  1844   106.7  2010   123.3  1994   146.5  2003   623.1  1905
   28.0  2022   20.0  1896   21.7  1900   18.7  1855   25.7  1936   24.9  1932   27.8  1952   35.0  1920   27.1  1939   36.0  1840   38.0  1933   30.4  1953   119.8  2006   105.1  1837   122.8  1868   145.6  1955   618.8  1851
   27.9  1896   19.4  1886   21.6  1926   16.3  1976   25.3  1959   22.9  1904   27.8  1913   34.7  1880   24.8  1971   35.1  1842   36.9  1848   30.4  1932   118.6  1847   102.5  1957   122.7  1921   144.5  1956   617.5  1996
   27.5  1950   19.3  1887   21.0  1935   16.3  2017   25.0  1989   22.1  1874   27.1  1847   32.8  1899   24.0  1964   31.9  1879   36.1  1922   27.6  2010   118.5  1854   101.2  1840   121.4  1911   144.4  2007   616.3  1858
   27.1  1911   18.7  1924   21.0  1973   15.9  1842   24.7  1935   22.0  1940   26.1  1979   30.8  1976   23.9  1929   31.5  1950   33.9  2021   27.3  1885   116.8  1929    99.8  1900   120.5  1949   143.4  1920   613.0  1850
   27.1  1963   18.6  1952   20.3  1990   15.6  1980   23.9  1998   21.9  1983   26.1  1897   30.6  1861   23.7  2009   30.9  1972   32.2  1856   26.9  1855   113.6  1896    99.3  1870   120.1  1975   143.0  1908   611.8  2003
   27.0  1905   17.9  1929   19.1  1910   14.2  1854   22.5  1848   20.2  1889   25.4  1976   30.0  2022   23.4  1895   28.1  2016   32.1  1896   26.2  1846   113.6  1841    97.6  1944   119.3  1899   141.5  1985   609.2  1893
   25.3  1953   17.8  1930   18.0  1854   13.5  2021   21.4  1970   17.4  1976   23.1  2022   29.1  1959   23.1  1996   28.0  1946   31.9  1920   25.5  1853   111.4  1909    90.5  1854   119.1  1955   141.3  1901   607.4  1933
   24.9  1888   17.6  1998   17.3  1993   12.2  1954   19.8  1839   16.6  1942   21.5  1999   28.1  1864   21.4  1928   27.6  1975   29.5  1879   22.1  1905   110.8  1855    90.4  1956   117.4  1959   137.0  2011   603.4  1855
   24.1  1987   16.7  1862   15.4  1850   11.9  1852   19.0  1956   16.5  2006   19.9  1955   28.0  1937   21.1  1843   26.3  1962   29.4  1889   21.8  1926   108.7  1932    89.5  1844   107.8  1870   136.8  1921   600.9  1870
   23.2  1964   16.7  1986   13.5  1893   11.7  1844   18.5  1876   16.1  1923   19.6  1935   27.5  1936   20.5  1900   26.3  1951   26.5  1867   21.1  1890   107.7  1888    86.1  1863   105.6  1887   136.5  1879   597.0  1975
   22.3  2006   14.9  1965   12.0  2011   10.2  1974   17.7  1990   15.9  1949   19.5  1864   27.2  1983   19.8  1898   25.7  1965   26.4  1871   20.3  1857   104.9  1905    84.5  1929    97.8  2022   129.5  1854   595.1  2011
   22.1  1881   10.6  1934   11.9  1852   10.2  1893   17.4  1895   15.4  1975   18.6  1921   21.2  1933   18.2  1907   24.5  1931   25.6  1858   19.7  1963   104.1  1963    83.2  1974    97.6  2018   122.4  1922   590.2  1964
   22.0  1838    9.9  1993   11.8  1938    8.7  2007   16.6  1905   14.9  1995   18.3  1984   21.2  1991   17.0  1986   23.3  1904   25.2  1851   18.7  1873    88.0  1934    79.3  2020    93.2  1913   121.9  1884   580.1  1844
   21.9  1861    8.1  1921   11.1  1961    8.7  1984   14.6  1836   13.6  1962   17.2  1869   19.0  1955   16.0  1941   22.4  1888   25.2  1862   16.0  1840    78.9  1891    76.2  1893    92.9  1983   118.2  1947   575.4  1864
   19.3  1858    7.5  1932   10.2  1944    7.9  2011   11.4  1991   11.5  1868   16.7  1977   15.9  2003   14.0  1910   20.8  1922   25.0  1855   13.1  1843    77.7  1845    75.6  1938    90.7  1864   118.0  1851   543.7  1887
   13.1  1880    7.0  1895    8.3  1931    7.8  1912   10.7  1896   11.4  2018   15.2  1885   13.1  1947   13.7  2014   14.4  1969   24.8  1956   12.8  1933    68.9  1964    73.9  2011    88.7  1869   112.4  1904   539.9  1854
   12.1  1997    6.2  1959    6.8  1929    7.0  1957    7.6  1844   11.3  1921   14.2  1868   12.1  1940    7.5  1865   14.2  1978   22.9  1909   10.6  1844    61.3  1858    69.9  1990    73.6  1976   112.1  1978   533.7  1921
   12.0  1855    3.4  1891    6.7  1840    4.5  1938    6.6  2020    2.2  1925    9.4  1911    8.3  1995    3.9  1959   13.7  1947   11.0  1945    ---  2022     ---  1836    62.9  1852    53.2  1995   106.3  1964     ---  2022
