Areal values from HadUK-Grid 1km gridded climate data from land surface network
Source: Met Office National Climate Information Centre
Monthly, seasonal and annual total precipitation amount for Northern Ireland
Areal series, starting in 1836
Last updated 01-Dec-2022 10:42
    jan  year    feb  year    mar  year    apr  year    may  year    jun  year    jul  year    aug  year    sep  year    oct  year    nov  year    dec  year     win  year     spr  year     sum  year     aut  year     ann  year
  196.0  1877  231.8  2020  160.7  2019  143.8  1961  155.0  1916  178.2  2012  183.3  1936  206.6  2008  197.1  1950  247.0  1870  235.4  1852  226.4  1876   519.7  1877   353.1  1986   418.9  1912   471.9  2000  1423.9  1872
  186.5  2008  194.9  1990  153.7  1903  127.7  1858  144.9  1981  170.3  1897  170.1  1896  191.2  1985  181.0  1946  210.1  2011  218.2  1890  222.3  1999   504.9  2016   351.4  1947   412.0  1958   463.0  2011  1410.1  2002
  184.3  1928  176.0  1848  145.2  1897  124.8  1993  136.5  1993  168.0  1860  164.8  1960  190.0  1930  179.6  1999  205.7  1990  216.7  2009  220.2  2015   489.3  2014   329.7  2006   405.2  2008   447.0  1954  1341.7  1928
  183.1  1984  170.7  2014  144.9  1992  121.8  1867  135.6  2002  153.3  1912  163.6  1950  179.4  1889  178.0  1962  200.9  2002  191.9  2002  203.5  1929   485.0  1994   328.2  1993   401.6  1879   444.8  1872  1323.6  2020
  179.4  1988  165.4  2002  143.3  2006  121.1  1950  135.4  1843  148.1  2007  163.1  1882  179.3  1956  174.1  1981  188.1  1976  190.2  2015  203.4  1919   437.2  1984   323.9  1916   398.0  2020   435.0  2002  1319.1  2015
  179.3  2018  161.5  1977  141.0  1947  119.5  1850  134.4  1924  147.5  1958  162.6  1867  171.9  1992  162.5  1872  183.2  1938  180.5  1963  198.0  1978   431.3  1848   321.2  1981   395.3  2012   433.4  2022  1314.9  1877
  175.9  1942  161.1  1966  139.8  1988  118.8  1991  133.0  1925  145.7  1852  157.1  1879  171.4  1943  162.0  2010  182.2  1998  178.0  1882  196.9  1993   426.5  1995   315.9  1972   395.3  1861   433.1  1944  1300.3  1903
  175.5  2016  157.5  1923  133.2  2008  118.8  1916  129.5  1986  142.8  1907  153.7  1871  170.2  1923  160.7  1934  180.9  2000  177.6  2014  188.9  1852   420.8  1850   311.2  2002   391.5  1956   422.2  1938  1296.7  1954
  173.8  1948  150.4  1910  131.0  1981  115.6  1857  127.9  2003  138.6  1931  152.9  1888  168.5  1929  159.0  1918  175.9  2022  170.9  1951  188.7  1914   415.7  1920   307.4  1907   384.7  1888   418.6  1981  1292.6  2014
  173.6  2014  144.6  2022  130.6  1994  114.8  1899  123.4  2015  138.6  1879  141.3  1880  167.0  1910  156.5  1985  175.3  1916  166.8  1979  180.6  1847   412.9  1990   302.3  1992   383.7  1985   410.9  1935  1275.8  2008
  166.6  1851  142.3  1997  128.2  1908  113.4  1996  123.4  1878  135.4  1928  139.5  1938  165.5  1891  152.6  1974  172.8  1917  165.1  1842  175.0  1966   412.2  2020   297.1  1913   383.1  1897   408.7  1995  1269.2  1852
  163.2  1926  136.0  2011  127.9  1912  111.2  1940  122.9  1892  127.6  1990  139.4  1861  165.1  2009  151.4  1924  170.4  1995  163.1  1982  169.4  1911   411.6  1915   293.8  2019   383.0  2007   408.0  1967  1269.0  1990
  163.1  1974  135.6  1937  127.3  1914  111.0  1880  121.3  1967  125.6  1872  138.9  1836  160.9  1861  148.4  1861  169.2  1903  161.9  1900  168.9  1915   406.0  1937   293.5  1925   381.8  1950   405.1  1875  1266.3  1998
  162.4  1903  133.5  1914  127.2  1861  110.3  2009  117.3  1976  123.9  1966  138.3  1953  160.9  1905  146.3  2017  165.3  1967  160.6  1931  166.6  1959   400.9  2000   288.9  1966   375.4  1910   401.7  1998  1265.9  1966
  158.6  1986  132.8  1850  127.1  1940  109.9  1909  117.1  1972  122.6  2020  136.3  2010  157.8  1873  146.1  1885  165.0  1863  159.7  1938  163.7  1986   388.4  1894   287.4  1897   372.7  1960   394.7  2006  1261.6  2011
  158.5  1872  132.8  1994  124.9  1989  109.0  1992  116.3  1945  119.7  2002  136.2  1873  155.2  1917  145.8  1944  164.5  1954  158.1  2000  163.5  1948   384.1  1869   285.7  1867   363.2  1930   394.4  1928  1257.1  2009
  158.1  1866  132.1  1894  121.6  1896  108.7  1898  115.2  1906  119.0  1955  134.5  1958  154.5  1892  144.8  1967  164.1  1867  153.9  1939  158.3  1934   384.1  1966   283.2  2015   362.4  1924   394.3  1918  1255.0  1999
  157.4  1975  130.7  1869  121.5  1978  108.4  1925  113.9  2006  118.9  1888  134.0  1988  154.3  1950  142.8  1883  162.4  2020  153.4  1995  157.8  1872   378.0  1974   283.2  1920   358.0  2009   392.9  1963  1247.1  1950
  155.4  1994  130.4  1970  120.9  1907  106.8  1871  113.8  1842  118.6  1982  133.6  1854  154.3  2020  142.5  1968  160.5  1930  153.2  1877  156.6  1899   377.9  2018   281.2  1862   357.2  1882   392.5  1968  1244.7  1923
  155.3  1937  128.8  1918  120.2  1848  106.7  1989  110.9  1954  118.5  1945  133.6  2009  152.7  1912  141.6  1942  156.7  2013  150.9  1944  155.9  2011   376.1  1960   280.7  1963   350.5  1860   388.2  1870  1242.2  1988
  153.9  1884  123.5  1844  119.0  1876  105.8  1986  110.9  1907  117.6  1998  130.6  1924  152.5  2019  139.2  1908  156.4  1928  150.7  1954  153.9  1868   375.5  1916   279.6  1979   349.8  2017   386.9  1982  1236.3  2000
  152.7  1995  122.5  1876  118.8  1868  105.0  1947  110.5  1902  117.2  1935  129.7  2007  152.2  1928  138.7  2022  155.1  1843  149.5  1928  152.9  2000   374.9  2002   279.5  1899   349.4  1928   386.6  1950  1228.0  1882
  151.2  1849  122.2  1928  117.8  1986  104.8  1913  110.0  1931  115.4  1938  129.1  1939  152.0  1942  137.4  2006  152.4  1855  148.4  1947  152.1  1994   372.1  1958   279.0  1903   348.6  1946   384.2  1970  1225.8  1924
  148.7  1850  121.7  1995  117.1  1905  104.3  1922  108.6  2021  114.6  1900  128.9  1845  151.4  1904  136.2  1896  151.2  1865  145.7  2010  150.3  1932   371.5  1923   278.4  1909   342.1  1873   381.8  1890  1225.3  1981
  148.7  1852  121.4  1925  116.4  1983  103.0  2000  107.9  1886  114.1  1980  127.1  1843  149.5  1903  135.5  1927  150.8  1981  145.0  1917  150.0  1965   371.1  2021   278.3  1908   342.0  2019   378.8  1976  1214.1  1900
  147.1  1999  121.1  1915  114.5  1963  102.2  2002  106.9  2011  112.8  1881  126.8  1957  145.9  1895  134.8  1849  150.4  1845  144.2  2018  147.5  1886   371.0  1977   275.0  2009   339.6  1896   378.5  1979  1209.8  1912
  143.5  1894  118.6  1922  114.0  1972  101.4  1998  105.5  1947  111.7  1845  125.6  1998  145.6  1897  134.2  1957  149.5  1996  144.1  1991  147.2  1949   370.5  1912   273.9  1940   338.5  1931   377.0  1917  1209.7  2019
  142.8  1860  117.8  1954  114.0  1982   98.2  1966  105.3  2013  111.2  1863  125.5  1903  145.4  1946  134.0  1879  149.1  1968  141.9  1869  145.6  1858   369.3  1883   272.1  2005   338.4  1936   376.7  1863  1204.3  1958
  142.2  1993  117.3  1916  113.5  1980   97.2  1999  105.2  1969  108.6  2004  124.4  1915  145.2  1924  132.8  2000  146.6  1875  140.7  1872  145.0  2013   368.1  2015   270.8  2013   337.6  1843   376.4  1883  1200.9  1967
  141.9  1840  116.0  1958  112.7  1991   93.5  1923  105.2  1997  107.3  1947  123.8  1932  144.2  1934  131.8  1954  146.4  1853  140.3  1888  144.9  1982   366.5  1928   270.0  1843   334.3  1998   374.7  1852  1199.8  1938
  141.7  2015  115.9  1883  112.0  1842   92.8  1932  104.4  1943  106.6  2019  123.3  1940  143.5  1986  131.1  1935  146.1  2008  139.6  1969  143.9  2014   365.5  1840   268.4  1967   334.1  1900   373.5  2009  1198.5  1986
  141.0  1883  115.8  1935  110.5  1841   92.6  1862  103.8  1899  105.7  1910  122.6  2008  138.7  1979  129.9  1923  145.7  1989  139.5  1992  143.1  1912   363.8  1988   265.5  1906   329.3  1929   372.3  2010  1194.2  1960
  140.8  2013  114.1  1881  110.0  1909   92.2  2005  103.2  2005  104.5  1844  122.5  2017  137.1  1893  128.8  1980  145.4  1949  137.8  1941  143.1  1980   360.5  2008   264.2  1989   326.4  1907   371.5  1930  1183.4  1876
  140.4  1990  113.9  1988  108.4  1995   91.0  1924  101.4  1860  103.8  2017  122.1  1956  136.3  2014  126.5  1936  145.1  1935  137.6  1970  141.3  1957   358.2  1926   260.4  1857   325.2  1892   370.7  1900  1179.3  1942
  139.9  1978  113.5  2000  107.3  1987   90.6  1920  101.3  1879  103.5  1882  121.2  2020  133.9  1960  126.4  1970  144.9  1988  137.2  1864  140.8  1983   356.8  1970   259.2  1965   325.1  1938   366.8  1882  1178.0  2012
  139.1  1943  113.3  1872  107.3  2010   89.3  1994  101.2  1942  103.3  1854  120.6  1846  132.2  1952  125.3  1975  144.8  1920  136.7  1845  139.2  1849   356.7  1922   258.2  1994   325.0  1943   365.6  2017  1178.0  1992
  137.6  1913  113.3  1984  106.7  1895   88.3  1970  100.5  1865  103.0  2011  119.6  2015  131.3  1860  122.9  2011  143.6  1929  136.6  1940  138.9  2006   356.2  1900   256.3  1996   322.4  1903   364.6  1923  1176.2  1980
  137.1  1875  111.9  1904  106.6  1857   88.2  1882  100.2  2009  100.7  1948  119.5  1945  131.0  1988  122.8  1875  142.9  1980  136.0  1998  138.5  1956   354.8  1999   255.8  1942   315.5  1877   362.8  2020  1173.1  1920
  136.8  1952  109.6  1852  106.0  2017   87.8  1889   98.3  1920  100.7  1965  118.4  1931  130.6  1951  122.7  1866  141.6  1872  135.7  1875  137.8  1891   354.8  2007   255.6  1917   314.3  1895   361.1  1839  1167.0  1931
  136.6  1873  109.4  2021  105.1  1881   87.7  1877   97.7  1917  100.3  1878  117.8  1937  130.0  1958  121.9  1869  141.4  1846  134.7  1935  137.0  1997   353.4  1910   255.2  1924   313.1  1988   360.8  1980  1166.5  1982
  136.5  1921  109.3  2016  102.1  1928   87.0  1872   96.3  1856  100.1  1896  117.4  1942  129.6  1868  121.8  1859  140.9  1934  133.8  1840  136.9  1942   353.3  1967   254.5  1983   311.7  1872   359.3  1845  1166.1  1965
  136.0  1920  108.8  1885  101.5  1939   87.0  1971   96.2  1867   99.7  1851  115.9  1985  127.6  1883  120.8  1978  139.9  1987  133.4  1986  136.5  2020   352.7  1853   253.8  1961   306.0  1854   358.9  1876  1165.8  1897
  135.5  2005  105.7  1865   98.9  2015   86.6  1959   96.0  1966   99.6  1927  115.9  1947  127.0  1900  119.0  1842  139.8  1900  131.5  2006  136.2  1958   349.5  2013   251.4  1877   302.1  1992   356.6  1846  1164.1  1930
  135.2  1965  105.7  1961   98.8  1979   86.5  1849   95.5  1979   99.0  1963  115.6  1848  125.6  1865  118.5  1976  139.5  1909  130.5  1929  136.0  1954   348.9  1957   251.1  1886   299.9  1891   355.7  1940  1163.6  1948
  134.8  2009  105.0  1898   98.7  1941   85.8  1965   95.5  1898   98.9  1987  115.4  1954  123.5  2017  118.3  2008  139.3  1964  130.1  2011  135.4  1897   348.7  1943   250.9  1858   299.7  1851   355.7  1842  1159.3  1994
  134.4  1969  104.8  1893   98.3  1954   85.3  1979   94.4  1913   98.3  1841  114.6  1895  122.6  1906  116.7  1876  137.3  1862  129.1  1971  134.9  1940   348.5  1930   249.1  1882   299.7  1881   355.6  1874  1156.9  2006
  134.3  1862  102.4  1989   97.9  1913   84.8  1972   92.7  1963   97.7  1991  114.5  1877  122.5  1962  115.6  1961  136.4  1944  128.8  1926  134.5  1951   348.2  1903   248.3  1902   299.2  1904   352.2  1999  1156.0  1979
  133.2  1886  101.8  1974   97.8  1965   83.4  1934   91.1  1862   96.2  1946  113.6  1850  122.3  1957  115.2  1836  136.1  1983  128.4  1996  134.3  1869   346.7  1866   247.6  1860   297.7  1852   350.4  1903  1155.7  1993
  132.9  1938  101.7  1884   97.7  1888   83.1  1908   89.3  2014   95.1  1843  113.4  1862  120.3  1866  115.1  1898  135.5  1894  127.5  1914  134.1  2012   345.4  1955   245.0  1898   297.2  1927   345.8  1946  1153.2  1916
  132.6  1976  100.3  1960   97.5  1862   82.6  1859   89.0  1847   95.0  1861  112.8  1912  120.3  2015  114.9  1958  135.4  1940  127.1  1977  132.7  1839   345.0  1872   243.2  1985   296.2  1957   345.4  2008  1152.7  1849
  132.5  2004  100.2  1996   97.4  1919   81.7  1901   89.0  2022   94.6  1997  112.3  1930  119.7  1987  112.3  1863  134.1  2014  127.0  1883  132.4  1955   343.7  1925   242.2  1991   294.4  1948   345.1  1836  1147.9  2017
  131.8  1957   99.5  1945   96.8  1864   81.6  1931   88.2  1996   94.1  1971  111.0  1921  118.8  1877  112.3  1899  133.3  2004  127.0  1997  131.6  1944   339.7  1980   241.7  1868   292.8  1980   342.0  1927  1147.8  1940
  131.2  1968   99.0  1950   95.6  1860   80.8  1949   86.9  1889   93.9  1892  109.4  1851  118.5  1874  112.1  1988  133.3  1876  127.0  1866  131.1  1946   337.0  2012   240.7  1889   292.8  1951   341.5  1990  1141.8  1918
  130.9  1972   98.7  1955   95.5  1884   80.8  2018   86.6  1926   93.5  1875  108.7  1853  118.5  1941  112.0  1874  132.3  1979  126.9  1839  130.9  1896   334.3  1884   237.7  1872   291.6  1965   338.8  1901  1141.3  1970
  128.8  2007   98.6  1980   94.7  1966   80.5  1843   86.2  1891   93.4  1943  108.5  1925  117.2  1898  111.6  1983  132.2  2021  124.9  1892  130.5  1924   333.0  1949   237.7  1931   290.2  1987   338.2  1849  1140.4  1946
  127.1  1936   97.8  1911   94.6  1921   80.3  1935   85.5  1934   92.4  1839  107.2  1894  117.0  1989  110.7  2019  131.9  1906  124.8  1959  130.5  2021   328.9  1945   236.9  1934   290.0  1953   338.1  1984  1140.3  1883
  126.9  2002   97.3  1877   94.3  1920   79.6  1897   85.1  1938   90.1  1956  107.1  1993  116.5  1863  110.1  1965  129.7  1895  124.4  1846  130.0  1845   328.5  2022   235.7  1998   289.3  1871   337.0  1934  1137.0  1944
  125.3  1946   96.8  1931   93.4  1853   79.5  1977   85.0  1858   90.1  1972  107.0  1946  116.4  1872  109.4  1948  129.2  2005  124.1  1946  130.0  1854   327.2  1935   235.7  1878   289.3  1845   336.7  1877  1134.9  1886
  125.2  1845   95.6  1951   93.2  1942   79.4  2004   84.5  1900   89.6  1864  106.1  1922  115.3  1843  108.5  2012  129.1  1839  122.9  1978  129.7  1918   326.2  1913   235.0  1976   286.8  1844   336.5  1974  1134.4  2013
  125.2  2021   94.1  1941   92.9  1846   78.7  1845   83.2  1955   88.8  2016  105.9  1842  115.3  1901  108.4  1882  128.1  1941  122.3  1865  129.2  1895   323.9  1981   233.4  1954   285.6  2004   336.5  1936  1133.7  1985
  125.1  1847   93.7  1866   92.6  1882   78.5  1900   82.6  1973   88.8  1862  105.1  2002  114.0  2004  107.6  1955  127.8  1963  121.9  2020  128.3  1964   322.1  1867   233.1  1932   285.4  1923   331.6  1892  1133.6  1917
  124.1  1906   93.3  1992   92.4  1866   78.3  2016   81.7  1983   87.0  1901  104.5  2012  112.9  1888  107.3  1993  127.1  1959  121.5  1901  128.2  1979   321.5  1948   231.7  1905   285.4  2015   329.7  2019  1130.7  1848
  122.8  1927   93.1  1926   92.2  1967   78.0  1848   81.3  1974   87.0  1890  103.7  1849  112.6  2012  106.8  1913  127.0  1874  121.4  1880  123.7  1974   321.3  1939   231.4  1842   284.2  1889   329.6  1920  1127.2  1910
  122.8  1890   92.9  1903   91.8  1859   76.8  1847   80.7  1884   86.6  1924  103.5  1918  112.1  1996  106.3  1984  126.2  1886  120.2  1918  123.6  1862   321.1  1873   229.6  1848   284.1  1905   327.5  1916  1124.6  1843
  122.1  1998   92.1  1912   91.7  1957   76.6  2013   79.3  1849   86.4  2003  103.4  1837  112.0  1964  105.8  2004  125.9  2006  119.8  1911  123.0  1991   320.7  1933   228.6  2003   284.0  1945   325.9  1861  1122.5  1936
  122.0  1865   91.4  1900   90.0  1964   76.6  1985   78.9  1840   86.4  1981  103.1  1904  110.7  2001  105.2  1901  125.6  1982  119.6  2019  122.3  1923   320.5  1979   227.7  1988   283.8  1942   324.2  1885  1119.8  1866
  121.0  1983   90.9  1840   89.6  1927   75.5  1907   78.8  1968   86.0  1898  102.7  1910  110.6  1881  105.2  1839  124.7  1961  119.5  1838  121.9  1938   319.6  1961   227.7  2000   283.1  1990   321.1  2014  1118.7  1974
  120.9  1962   90.5  1982   89.3  1985   75.3  1846   78.8  1958   85.6  1919  102.0  1944  109.8  1970  103.0  1878  124.7  1966  119.3  1965  121.2  1866   317.6  1870   227.4  1999   282.9  1917   319.1  1866  1116.0  1978
  120.5  1867   90.3  1967   89.2  1844   75.1  1960   77.6  1903   84.8  1913  101.4  1902  109.3  1926  101.2  1902  124.2  1952  118.9  1930  121.0  1998   317.2  1978   227.3  1888   282.5  1848   318.7  1949  1113.6  1957
  120.1  1930   89.2  1933   89.2  1886   74.6  2001   77.4  1985   84.7  2022  100.5  1838  109.0  1878  101.1  1932  122.1  1923  118.7  2022  120.4  1990   316.7  1946   225.9  1968   281.9  2002   317.1  1898  1112.2  1934
  120.1  1996   88.4  1870   88.9  2013   74.2  1902   76.1  1855   84.6  2013   99.0  1909  108.5  1971  100.9  1903  122.0  1960  118.3  1936  120.1  1984   316.5  1852   224.8  1914   281.5  1915   316.8  1886  1111.3  1845
  120.0  1878   88.0  1939   87.7  1877   74.2  1917   76.0  1877   83.7  1969   98.8  1941  108.3  1948  100.5  1956  122.0  1877  117.8  1881  119.8  1837   316.4  1975   224.2  1901   280.4  1839   316.6  1869  1109.5  1862
  119.4  1944   87.3  1871   87.2  2014   74.0  1990   75.8  1888   83.4  1880   98.7  1920  108.2  1922   99.6  1887  121.6  1891  117.7  1972  119.4  1900   314.0  1983   224.2  1969   279.5  1963   315.9  1964  1102.0  1961
  119.1  1924   87.2  1929   87.1  1901   73.9  1906   75.6  1965   82.3  1936   98.4  1839  108.0  2021   98.2  1982  120.6  2012  117.3  1916  119.3  1921   313.4  1904   224.0  1879   278.3  1922   315.6  1996  1101.8  1850
  119.1  1919   87.0  2007   86.8  2004   73.7  1894   74.3  1932   82.2  1877   98.3  1926  106.9  1963   97.0  1880  120.6  1836  116.7  1874  119.2  1962   311.8  1849   223.9  1849   278.2  1926   315.5  1988  1101.7  1947
  118.8  1922   86.7  1999   86.5  1970   73.5  2019   72.0  1872   81.3  1944   97.8  2016  105.8  1879   96.6  2016  120.2  1970  116.3  1984  119.2  1910   311.5  1931   222.0  1891   277.6  1867   315.0  1965  1100.2  1907
  117.8  1846   85.9  1940   85.8  1998   73.5  1963   71.8  1961   78.6  1894   96.9  1884  105.7  1965   95.3  1892  119.1  1844  116.2  1853  118.5  1969   311.5  1950   221.7  1884   276.4  1954   314.4  1960  1097.5  1929
  117.4  1961   83.1  1868   85.5  1968   72.6  2006   71.8  2007   78.5  1964   96.9  1959  105.2  1890   95.1  1925  117.5  1878  115.6  1973  118.1  1877   310.5  1998   221.6  1912   276.2  1893   313.7  1992  1097.2  1943
  116.7  1973   82.9  2018   85.5  1977   72.2  1904   71.7  1929   78.1  1954   96.5  1997  105.2  2007   94.9  1953  116.9  1907  115.3  2003  117.3  1884   310.3  1952   220.9  1881   271.7  1937   313.2  1991  1095.4  1899
  115.8  1868   82.5  2015   84.6  1976   72.0  1969   71.6  1863   76.6  1985   95.7  1974  105.1  1967   94.5  1890  116.5  2009  114.4  1999  116.9  1874   308.2  1969   220.1  2014   271.6  1883   313.0  1966  1094.5  2007
  115.7  1842   82.5  1906   84.4  1959   71.8  1915   70.3  1894   76.0  2008   94.0  2003  105.0  2000   94.5  1864  115.5  1984  114.4  1843  116.1  1920   306.4  1859   217.3  1846   271.5  1971   312.8  1987  1091.5  1867
  115.6  1853   82.5  1969   83.7  1917   71.4  2022   70.2  1854   75.3  1968   93.8  1951  104.4  1907   93.2  1904  115.1  1918  113.9  2017  115.9  1952   306.0  1918   216.8  1964   271.3  1846   312.4  1924  1090.5  2004
  114.8  1958   81.8  1973   81.5  1951   70.6  1955   70.1  1962   74.8  1993   93.7  1970  104.0  1927   93.0  1886  114.2  1889  113.6  1927  115.7  2017   305.0  1846   216.4  1850   271.2  1944   312.4  2012  1089.7  1861
  114.0  2012   81.7  1899   81.4  2018   70.1  1937   69.6  1933   74.0  1960   93.6  1927  103.2  1921   92.6  1919  112.6  2001  112.6  1974  115.1  1936   302.9  2005   215.6  2018   270.7  1890   311.4  1961  1089.3  1884
  112.9  1980   81.7  1842   81.3  2007   69.3  2012   69.4  1904   71.8  1952   92.5  1900  102.2  1914   92.0  1930  112.1  1901  112.6  1923  113.1  2007   302.5  1842   215.0  1864   270.0  1875   306.2  1977  1088.8  1951
  111.3  1939   81.4  1946   81.1  1855   69.0  1869   69.4  1870   71.4  1929   92.4  1889  100.9  1918   90.8  1846  111.7  1945  112.5  1868  113.0  1973   299.7  1885   214.5  2004   266.2  1862   306.1  2015  1084.7  1963
  110.7  1955   80.9  1897   78.8  1872   68.9  1943   68.4  1882   71.1  1838   91.8  1844  100.0  1953   90.3  1945  111.4  1892  112.3  1902  112.8  1893   298.2  1851   213.7  1950   266.0  1880   306.1  1929  1082.6  1842
  109.2  1960   80.4  1867   77.6  2021   68.9  1885   67.0  1908   71.0  1933   91.6  1980   98.9  2018   90.1  1992  111.1  1848  111.2  1960  112.4  1882   297.5  1973   212.4  1941   264.8  1986   303.3  1926  1082.6  1996
  109.1  1947   80.2  1908   77.1  1838   68.4  1911   67.0  1881   70.6  1926   90.1  1908   98.9  1973   89.7  1884  111.0  1885  110.3  1905  111.9  2005   296.5  1992   211.6  1841   263.9  1970   302.0  1962  1078.4  1968
  109.0  1912   79.6  1889   77.0  1890   68.0  1891   67.0  2000   69.8  1908   90.1  1886   98.2  1876   89.6  1850  110.4  1986  110.1  1895  111.9  1901   296.4  1954   211.5  1970   263.7  1934   301.3  1864  1077.5  2018
  108.8  1899   79.2  1972   76.7  2005   67.6  1874   66.6  1910   69.0  1994   90.0  1992   98.1  1848   89.6  1840  109.4  1873  109.3  1884  111.2  1967   296.0  1941   210.6  1943   263.3  2014   300.5  2005  1076.4  1926
  108.5  1923   79.0  1971   76.5  1906   67.4  1910   66.4  1982   68.8  1848   89.4  1929   97.1  1846   89.4  1964  109.2  1991  109.3  1836  110.9  1840   294.7  1898   210.0  1880   262.6  1997   300.5  1941  1073.5  1977
  108.4  1904   78.6  1849   76.1  1851   66.9  1905   65.3  1999   68.8  1999   89.0  1858   97.0  1999   89.2  2005  106.5  1883  108.9  1876  110.5  2019   294.0  1878   209.6  2022   257.3  1894   300.2  1939  1073.5  2005
  108.1  1900   78.6  1957   75.7  1865   66.5  1975   64.8  1964   68.5  1951   88.5  1967   95.2  1875   88.5  1928  106.3  1932  108.6  1966  110.0  1945   293.4  1951   209.3  1945   256.1  1918   300.0  1975  1073.2  1908
  108.0  1970   78.6  2019   74.8  1984   65.8  1876   64.7  1971   68.3  1876   88.4  1883   95.0  1937   88.3  1856  105.4  2017  108.2  1849  109.4  1906   293.3  1844   209.2  2021   254.9  1966   299.7  2004  1071.1  1995
  107.6  1981   77.8  1886   74.6  1937   64.8  1864   64.6  1918   67.0  1939   87.8  1840   94.6  1961   86.4  1987  105.1  1977  106.2  1920  108.9  2018   292.3  1942   208.8  2016   254.3  1952   299.1  1978  1070.1  1894
  107.5  2003   77.1  1949   73.5  1930   62.5  1939   63.6  1921   66.9  1905   85.4  1948   94.0  1919   85.6  1871  105.0  1841  105.5  1921  108.6  1930   291.7  1914   208.7  1894   254.2  2016   299.1  1931  1069.2  1927
  107.2  1977   76.3  1920   73.4  2002   62.5  1944   63.4  1869   66.9  1899   85.2  1911   93.8  1856   85.3  1870  103.7  1957  103.8  1949  107.3  2004   291.7  1875   208.5  1904   249.6  1993   299.0  1843  1068.4  1846
  106.9  1932   76.1  1882   72.9  1948   62.0  1964   62.7  1885   66.0  1866   85.2  1965   93.7  1977   85.0  1995  102.5  1950  103.1  1913  107.0  1881   291.7  1982   208.0  1949   249.3  1866   296.4  1878  1068.3  1984
  106.4  1982   75.8  1880   72.1  2016   61.5  1968   62.6  1868   65.4  2001   85.2  1887   93.5  1982   84.6  1963  102.1  1926  103.1  1850  105.9  1909   288.9  1860   207.6  1959   248.6  1850   296.3  1913  1065.6  1906
  106.3  1863   75.7  1843   70.9  1933   61.3  1853   62.6  1897   64.3  1915   85.1  1893   92.8  1915   83.9  2021  101.9  1943  102.8  1910  105.5  1922   287.6  1924   207.2  2010   247.2  1979   296.1  1959  1062.6  1901
  106.1  1931   74.7  1837   70.1  1936   61.3  1942   61.1  1873   64.3  1920   84.1  1841   92.0  1990   83.7  1940  101.6  1898  101.5  1953  105.1  1841   286.6  2001   206.5  1855   246.0  1964   295.9  1985  1058.0  1896
  105.6  1871   74.7  1978   69.7  2020   60.9  2015   60.3  2012   64.0  1922   83.4  1933   91.6  2006   83.6  1998  101.5  1851  101.3  1912  103.8  1888   285.7  1865   206.5  1923   245.8  1841   295.5  1891  1056.7  1925
  105.2  1934   74.7  2013   68.5  2001   60.9  1948   60.2  1953   63.8  1950   82.9  2019   91.5  1855   83.4  1848  100.9  1942  100.9  1968  103.8  1894   285.6  1968   206.4  1847   245.8  1874   293.3  1884  1053.3  2021
  104.4  1940   74.3  2017   68.0  1949   60.3  1868   60.1  1875   63.0  1917   81.8  1973   91.5  2005   82.6  1947   99.4  2019  100.4  1898  103.3  1908   285.6  1936   206.3  1922   244.4  1863   292.5  1853  1048.4  2016
  102.5  1854   73.3  1981   68.0  1934   60.2  1879   60.0  1941   62.6  1959   81.4  1874   91.4  1994   82.4  1943   98.7  1921   99.4  1863  102.6  1977   285.4  1996   204.6  1982   243.9  2010   291.0  2013  1048.3  1881
  102.3  1844   73.1  1838   67.9  1891   59.6  1852   59.5  2019   61.9  1916   81.3  1875   91.1  1998   81.2  1960   97.9  1896   99.3  1861  102.4  1976   283.7  1899   203.6  1997   243.9  2011   290.2  1850  1045.2  1935
  101.7  1915   72.8  1907   67.7  1867   59.4  1838   59.4  1883   60.9  1930   81.2  1981   90.6  1882   80.8  1847   97.5  1850   97.9  1967  102.3  1928   282.1  1940   203.0  1865   243.7  1939   289.7  1947  1045.1  1976
  100.5  1991   72.7  1943   67.1  1960   58.6  1878   59.2  1949   60.8  1978   79.2  1907   90.6  1851   80.7  1937   96.3  1881   97.7  1841  101.9  1925   282.0  1921   202.2  1919   242.9  1908   289.6  1865  1044.7  1997
  100.1  1857   70.7  1902   66.9  1904   58.6  1973   59.0  1960   60.7  1891   78.5  1890   90.6  1844   80.7  1838   95.9  1893   97.6  1886  100.8  1950   281.8  1919   202.0  1876   242.2  1838   288.5  1983  1043.8  1956
   99.5  1869   70.5  1841   66.9  1993   57.4  1863   58.4  1909   60.4  1970   78.4  1995   90.6  1859   80.7  1891   95.3  1849   94.7  1847  100.1  1907   281.8  1871   201.8  1971   240.5  1901   286.0  1848  1043.0  1889
   98.5  1901   70.3  1905   66.8  1880   56.7  2010   58.4  2016   60.4  1871   77.4  1899   89.5  1839   80.5  1922   94.2  1884   94.4  1994   99.0  1972   281.7  1906   201.2  1960   240.2  1902   286.0  2021  1042.0  1904
   97.8  1945   68.8  2003   66.4  1885   56.4  1983   57.4  1944   60.3  2000   77.4  1923   88.0  1949   80.5  1873   93.7  1854   93.7  1981   98.9  1985   279.3  2004   199.0  1995   238.8  2001   283.0  1908  1041.4  1892
   97.1  1910   68.3  2001   66.0  1889   55.8  1953   56.4  2017   60.1  1902   76.7  1892   88.0  1944   79.7  1966   92.9  1927   93.2  1891   98.7  1913   278.6  1965   198.6  2008   238.1  1853   281.2  1932  1041.3  1860
   97.0  1951   68.2  1855   65.9  1932   55.7  1962   55.5  1850   59.7  1857   76.3  1881   87.1  1980   79.4  1979   92.3  1925   91.9  1904   97.6  1856   278.1  1991   197.9  1885   235.7  1947   281.2  1881  1040.4  2010
   94.9  1870   67.7  1859   65.5  1962   55.6  1926   55.4  1901   59.4  1984   74.2  1855   87.1  1887   79.2  1938   91.7  1936   91.5  1848   96.7  1935   277.5  1887   196.7  2011   235.6  1932   281.2  1951  1038.0  1863
   93.9  1956   67.5  1948   64.9  1999   54.9  1967   54.4  1951   59.2  2009   73.9  1986   84.5  1840   78.6  1920   91.6  1975   91.4  1906   96.5  1960   277.1  1938   196.5  1987   234.9  1967   280.9  1957  1037.5  1875
   93.5  1909   67.2  1896   64.7  1894   54.0  1886   54.2  1957   59.0  1856   73.8  1978   82.9  1954   78.4  2020   91.2  1948   91.2  1985   95.8  2003   276.7  1987   195.8  1926   233.1  1982   280.4  1948  1037.2  1913
   93.1  1859   67.2  2012   64.6  1990   53.8  1888   53.5  1911   59.0  1937   73.8  1975   82.9  1908   76.9  1841   90.4  1912   90.6  1859   95.6  1961   275.7  1889   195.1  1939   232.8  1878   279.7  1841  1036.3  1972
   92.4  1949   66.5  1851   64.4  2009   53.8  1919   53.5  1841   58.9  1976   73.7  1891   82.6  1974   76.7  1889   89.8  1911   90.4  1943   95.0  1865   275.7  1947   194.4  1896   232.3  1941   275.4  1840  1035.7  1888
   92.3  1889   64.3  1987   63.9  1873   53.7  1941   53.5  1923   58.3  1989   73.6  1963   82.1  1842   76.3  1973   86.3  1913   90.1  1899   94.7  1981   274.7  1962   194.1  1921   232.0  1920   274.7  1943  1035.1  1991
   91.7  1925   64.1  1963   63.6  1902   53.4  1895   53.4  2018   57.3  1853   73.4  1972   81.5  1931   75.5  1951   86.2  1933   89.5  1908   94.0  1889   272.3  1892   193.9  2001   232.0  1962   273.0  1902  1034.9  1937
   91.4  1979   63.9  1917   62.4  1879   52.6  1928   53.3  1864   56.8  1840   73.1  1852   81.2  1978   74.1  1994   85.7  1965   89.1  1980   93.1  1898   270.1  1956   193.9  1977   231.9  1842   270.9  1942  1034.5  1898
   90.1  1918   63.9  1909   61.7  1871   52.4  2003   53.3  1995   56.1  2014   72.8  1961   81.0  1850   74.0  1851   84.2  1992   88.7  1919   93.1  1903   269.9  1989   193.2  1910   229.2  1840   270.7  1896  1033.7  1914
   89.3  1916   62.2  2010   61.3  1863   52.3  1927   52.4  1887   56.0  2005   72.3  2013   78.8  1852   74.0  1977   83.1  1860   88.0  1990   92.9  1880   269.0  2011   192.1  1869   228.4  1994   269.5  2018  1032.3  1879
   88.0  1967   61.9  1936   60.9  1899   51.9  1930   51.2  1922   55.6  1883   71.9  2018   78.8  1902   73.9  1893   83.0  1997   87.3  2007   92.8  1902   268.2  1868   191.3  1962   228.0  1996   269.3  1859  1031.2  1949
   87.9  2010   61.2  1856   60.3  1975   51.9  1951   51.0  1919   55.2  1909   71.7  1987   78.4  1968   72.4  1926   82.4  1868   87.2  1964   92.5  1988   267.5  1863   190.7  1937   228.0  1974   267.5  1997  1030.3  1945
   86.1  1954   60.9  2008   59.7  1869   51.7  1896   50.8  2001   55.1  1979   70.9  2014   77.8  1884   72.1  1845   80.8  1871   87.1  1950   92.5  1953   267.4  1886   190.5  1900   225.0  1921   267.0  1862  1030.1  1939
   85.6  1895   60.7  1861   59.5  1923   51.1  1912   50.5  1930   54.3  1977   70.0  1916   77.6  1916   69.5  1949   80.6  1958   86.5  1987   91.8  1939   266.5  1901   190.2  1863   224.9  1973   265.4  1873  1029.2  1890
   85.5  1908   60.2  2005   59.2  1910   50.6  1860   50.3  1948   54.1  1886   70.0  1996   77.0  1867   69.0  1900   80.4  1882   86.0  1924   91.3  1968   266.0  2003   190.2  1871   223.5  1972   263.4  1952  1023.6  1962
   82.7  1892   59.4  1879   58.5  1839   50.2  1887   50.2  1990   54.1  1850   69.6  2011   76.5  1858   68.8  1852   80.3  1956   84.9  1907   91.1  1937   265.8  1908   189.0  1928   222.0  1906   262.2  1906  1020.8  1865
   81.3  1933   59.2  1857   58.1  1849   49.5  1914   49.1  1846   53.9  1893   69.6  1872   75.2  1871   68.6  2013   79.2  1897   83.2  2012   90.0  1887   265.5  1897   188.7  1990   221.5  1909   261.4  1899  1020.7  1878
   80.8  1971   58.9  1927   57.7  2000   49.3  1855   48.7  1890   53.8  1895   69.2  1949   74.6  1849   67.3  1939   78.9  1939   83.1  1975   89.6  2002   264.2  1911   188.5  1978   221.5  1849   260.1  1953  1018.2  1891
   80.2  1992   58.2  1962   56.3  1974   48.8  1881   48.6  1998   53.7  1846   68.8  1971   74.6  1966   67.3  1909   78.3  1861   82.4  1894   88.8  1931   262.8  1986   188.4  1927   221.4  2018   258.2  1895  1016.8  1909
   78.9  1893   58.0  1874   55.8  1874   48.8  1945   48.4  1992   53.3  1934   68.0  1994   72.8  1936   67.2  1931   78.2  1955   82.2  1897   88.8  1870   260.7  1909   187.8  1951   220.0  1898   258.0  1955  1015.7  1868
   78.5  1856   57.7  1860   54.8  1996   48.0  1856   48.3  2004   52.3  1911   67.9  2006   72.5  1984   67.1  1881   77.0  1915   82.1  2005   88.4  1859   259.7  1993   187.5  2017   219.3  1876   258.0  1867  1015.2  1869
   76.0  1887   57.2  1991   54.7  1950   47.7  1903   48.0  1914   51.7  1918   67.2  1897   72.1  1853   65.5  2003   75.0  1924   81.1  2016   87.2  1917   258.1  1893   186.1  1955   219.2  1999   257.4  1880  1012.1  1932
   75.3  1861   57.1  1846   54.0  1843   47.7  1841   47.7  1905   51.6  1953   66.3  1906   71.5  1997   64.2  1844   74.3  1847   81.1  1952   86.3  1992   257.2  1902   185.2  1933   219.2  1989   254.8  1844  1008.5  1874
   75.0  1989   56.0  1942   53.7  1878   47.5  1987   47.1  1988   51.2  1983   66.2  1914   71.4  1894   63.8  1897   73.2  1858   80.9  2008   85.8  1916   256.9  1857   184.7  1957   218.6  1935   253.6  1909  1004.8  1922
   74.8  1843   55.9  1878   53.6  2011   47.2  1866   46.5  1927   50.8  1961   66.2  1934   71.3  2011   62.9  1855   71.6  1842   80.2  1903   82.7  1863   255.2  1841   184.0  1948   218.2  1933   253.5  1925   999.6  1902
   74.7  1902   55.3  1976   53.6  1926   47.1  1883   46.4  1851   50.6  2018   65.6  1859   70.7  1838   61.5  1877   71.3  1931   79.8  1948   82.6  2001   252.1  2009   183.3  1859   218.2  1961   252.9  1986   999.5  1964
   74.7  1848   54.0  1887   52.6  1836   47.0  1997   46.1  1936   49.6  1974   64.7  1917   70.3  1938   61.0  1858   71.3  1974   78.7  1887   82.0  1848   251.6  1896   181.8  2007   216.9  1836   252.2  1958   998.0  1915
   74.6  1985   53.6  1847   52.1  1956   46.4  2008   46.0  1937   48.3  1847   64.7  1976   69.4  1896   60.0  1991   70.5  1852   78.6  1862   80.2  1947   249.8  1890   178.4  1866   215.9  1978   252.2  1889   994.5  1969
   73.8  1841   53.2  1938   52.1  1925   45.5  1884   43.4  1837   48.2  1873   63.5  1990   69.0  1854   59.8  1867   69.7  2018   78.2  2001   79.9  1878   249.5  1882   175.9  1930   212.1  2013   251.9  1911   992.5  1919
   73.7  1905   51.8  1892   51.8  1952   45.2  1981   43.2  2010   48.1  1988   63.0  2004   68.9  1920   59.2  1917   69.7  2015   75.9  1878   79.3  2008   246.9  1876   175.8  1892   212.1  1856   251.5  1989   989.9  1989
   73.5  1885   51.4  1998   51.5  1938   45.2  1870   42.7  1912   48.1  1962   63.0  1866   68.9  1932   58.1  1952   69.6  1864   75.5  1873   78.8  1883   244.1  1972   175.4  1895   209.9  1981   250.5  1973   986.5  1841
   73.0  1966   51.0  2004   51.4  1997   44.8  1958   42.2  1852   47.4  1903   62.7  2001   67.7  1993   57.9  2001   69.4  1866   74.5  1962   78.3  2016   242.6  2019   174.7  1973   209.4  1916   249.8  1847   985.9  1871
   69.9  2020   50.3  1858   50.8  1922   44.6  1933   41.7  1987   47.4  1986   62.6  1991   67.6  2016   57.5  1857   69.0  1890   74.0  1837   77.9  2009   240.4  1838   173.1  1958   208.3  1886   248.7  2001   983.0  1895
   69.7  1959   48.6  1901   50.2  1883   43.5  2014   41.6  1952   47.2  1957   62.1  1865   67.2  1909   57.5  1997   64.6  2010   73.9  1871   77.6  1989   240.1  1929   170.0  1861   207.3  1899   246.9  1956   983.0  1987
   69.6  1874   48.6  1864   50.2  1971   43.4  1952   39.4  1893   45.9  1996   61.9  1928   66.1  1935   57.2  2007   63.9  1994   73.8  1932   77.0  1904   239.9  1907   169.5  1853   205.6  1914   245.6  1855   981.5  1851
   68.7  1879   48.6  1845   50.1  1916   42.5  1837   39.1  1874   45.9  1874   61.4  1962   66.0  1857   56.7  1905   63.7  1953   73.0  1915   75.2  1943   237.8  1959   168.5  1856   205.5  1865   244.5  1921   975.8  1955
   67.6  1888   48.3  1853   49.5  1958   40.8  1988   38.8  1866   45.6  2010   60.2  1943   64.1  1886   55.5  2018   62.6  1971   72.2  1857   75.1  1905   236.4  1997   168.0  1980   205.3  2000   242.8  1868   966.6  1941
   67.0  1941   48.1  1983   49.2  2022   40.0  1890   38.7  1956   45.5  2015   59.3  1856   64.0  1862   54.7  1989   62.3  1969   72.2  1955   74.3  1892   234.0  1862   165.8  1911   203.3  2003   242.2  1969   965.5  1959
   66.9  1917   46.7  2006   48.4  1845   39.7  1918   38.3  1994   44.7  1904   58.5  1857   63.9  1911   51.7  1854   61.3  1937   72.2  1976   73.1  1871   232.5  1944   165.7  1890   202.2  1977   240.3  1871   963.9  1840
   66.4  1882   46.2  1924   48.3  2003   38.9  1957   38.2  1857   44.2  1973   58.0  1869   63.8  1933   51.2  1862   59.9  1887   71.6  1844   71.6  1855   232.4  1881   165.5  1974   201.8  1858   238.2  1887   961.6  1973
   66.1  2011   45.5  1913   47.9  1852   38.3  1956   37.9  1950   44.0  1842   57.0  1885   63.4  1925   47.9  1868   59.4  1902   71.0  1961   70.4  1987   232.1  1985   164.3  1838   201.5  1884   237.0  1904   961.5  1983
   66.0  1836   45.3  1854   47.0  1969   37.4  1893   36.7  1970   43.4  1836   56.4  1966   63.4  1841   47.8  1990   58.9  1899   70.5  1854   70.3  1875   228.7  1976   162.5  1874   201.4  1911   236.2  1893   961.1  1870
   65.3  2001   43.8  1956   46.6  1946   37.3  1995   36.7  1959   43.2  1849   56.2  1905   63.0  1899   47.7  1914   58.9  1905   69.9  2021   69.3  1867   228.0  2010   158.9  1845   200.9  1919   235.8  1907   960.7  1905
   65.2  1950   43.2  1968   46.1  1931   36.9  1839   35.6  1940   42.9  1932   55.6  1964   62.6  1864   46.2  2015   58.7  1947   67.0  1885   68.7  1860   226.9  1847   157.4  1851   199.3  1864   233.8  1919   958.7  1839
   65.1  2000   39.6  1953   44.2  1945   36.7  1844   34.7  1980   41.9  1859   54.2  1977   62.0  2010   45.2  1837   58.5  1973   66.4  1893   67.6  1838   224.5  1927   156.7  1883   199.0  1991   233.2  2003   953.5  1873
   63.8  1864   39.0  1952   43.9  1911   36.1  2011   34.3  1928   41.6  1870   53.8  1984   60.2  1969   44.3  1959   58.3  1999   66.2  1925   67.5  1843   221.9  1963   155.2  2012   198.0  1859   232.9  1851   950.7  1880
   61.7  1858   38.0  2009   42.7  1875   35.9  1921   33.0  1946   41.3  1967   53.4  1999   60.0  1972   42.3  1911   56.9  1859   66.1  1956   66.9  2010   220.9  1905   150.8  1870   197.9  1855   232.4  1994   948.9  1921
   61.6  1837   37.9  1944   41.5  1850   35.5  1929   32.7  1989   40.2  1992   53.3  1979   58.8  1870   42.3  2002   56.3  2007   65.7  2013   66.2  1842   216.8  1843   150.2  1935   195.8  2006   231.6  1971   946.1  1952
   59.6  1914   37.9  1964   41.0  1893   35.1  1978   32.3  1880   38.5  1940   52.8  1876   58.4  1885   41.1  1860   55.8  1972   61.3  1889   65.1  1995   216.7  1917   149.7  1852   194.6  1925   229.7  1945   937.1  2003
   57.6  1907   37.7  1875   40.8  1898   34.9  1851   32.2  1915   38.3  2021   51.2  1860   57.1  2002   40.3  1921   55.4  1978   60.5  2004   65.0  1850   214.4  1855   147.3  1975   194.3  1968   228.6  1838   933.6  1911
   55.2  1896   37.6  1863   40.6  1847   34.6  1836   31.9  1978   38.0  1867   50.2  1952   55.2  2013   40.3  1969   54.3  1910   60.0  1993   62.5  1861   211.3  1856   144.5  1938   193.6  1959   226.2  1888   933.5  1847
   55.1  2019   37.4  1985   39.7  1935   33.1  1976   31.8  1845   37.8  1923   49.6  1870   54.5  1975   40.3  2009   54.3  1908   58.5  1988   62.3  1996   209.7  2006   144.4  1873   193.3  2005   225.9  1905   926.7  1893
   54.9  2017   37.2  1862   38.7  1854   30.7  1984   31.4  1848   37.1  1914   48.9  1969   48.6  1845   39.9  1971   52.8  1869   57.4  1851   61.4  1933   209.7  1895   143.8  1944   193.0  1940   225.2  1897   924.6  1844
   54.5  1964   35.5  1947   38.6  1918   28.8  2007   31.0  1939   36.9  1869   47.0  1864   47.6  1939   38.8  1906   52.5  1919   56.6  1958   60.3  1941   208.0  1879   143.6  1936   192.9  2021   225.1  1912   917.8  1854
   54.2  1898   35.3  1975   38.2  1961   28.6  1946   31.0  2020   36.3  1858   46.6  2021   47.0  1869   38.3  1888   52.4  2003   55.9  1870   60.0  1927   207.5  2017   142.8  1918   192.7  1969   224.7  1894   909.1  1853
   54.2  1876   33.0  1919   38.2  1858   27.9  1974   30.2  1935   36.2  2006   45.9  2005   46.0  1945   37.7  1996   52.0  1840   55.4  1922   58.8  1857   204.8  1861   140.7  1887   192.4  1887   223.5  1879   899.7  1859
   53.7  1897   33.0  1890   38.1  1887   27.7  1892   28.8  1977   33.0  1906   45.8  2022   45.6  1837   37.4  1915   51.9  1904   51.2  1989   58.2  1851   203.1  1971   137.4  1915   189.8  1955   222.4  2016   898.7  1971
   53.4  2022   31.9  1959   37.3  1943   27.4  1936   27.9  1838   32.4  1837   43.8  1989   44.5  2022   34.9  1916   51.5  1879   49.7  1860   58.0  1864   200.8  1932   136.7  1952   187.8  1949   221.5  1914   897.7  2001
   53.4  1891   31.7  1839   36.2  1870   26.9  1865   27.1  1839   32.2  1995   43.2  1913   42.3  1981   34.8  1910   51.0  1857   49.1  1856   56.3  1885   196.7  1845   134.3  1844   185.7  1984   215.9  1854   896.7  1885
   53.1  1935   31.2  1993   33.4  1973   25.1  2017   22.6  1984   32.1  1855   40.6  1968   41.4  1880   34.5  1941   49.5  1962   48.5  1937   55.4  1890   195.1  1864   132.0  1953   184.2  1857   207.6  1993   885.9  1864
   51.1  2006   31.2  1979   33.3  1915   24.2  1982   21.7  1871   31.5  1975   40.0  2000   38.7  1991   34.0  1907   48.3  1985   46.8  1909   55.1  1879   194.1  1953   129.2  1956   181.4  1837   200.8  2007   883.6  1858
   50.6  1929   29.5  1921   32.3  1955   24.1  1954   21.1  1861   30.6  1949   39.0  1955   34.6  1836   33.4  1912   47.6  1888   43.5  1933   48.2  1846   192.9  1854   128.1  1984   178.4  1868   191.9  1910   852.8  1953
   48.7  1987   26.7  1873   29.8  1924   23.9  2020   21.1  1896   27.7  1868   38.1  1901   34.5  1983   32.0  1929   46.4  1914   43.0  1957   45.2  1853   183.7  1888   124.6  2020   174.9  2022   190.5  1937   843.5  1857
   48.4  1880   26.1  1888   27.5  1900   23.0  2021   20.5  1975   26.8  1884   36.7  1847   34.1  1959   29.9  1853   44.6  2016   40.8  1983   43.4  1970   179.3  1880   122.5  1839   162.0  1913   187.8  1972   840.5  1975
   47.5  1838   25.7  1836   25.5  2012   21.6  1861   18.9  2008   22.7  1925   35.2  1935   34.1  1913   29.5  1843   44.4  1856   39.1  1858   42.8  1926   177.7  1934   120.7  1929   159.8  1975   187.4  1915   823.3  1838
   47.2  1911   24.8  1930   25.2  1892   20.9  1840   17.2  1876   20.5  1885   23.5  1878   33.0  1847   20.0  1933   41.4  1922   38.1  1879   40.8  1975   170.7  1858   118.1  1854   150.0  1870   181.8  1856   805.9  1855
   38.6  1963   20.3  1895   24.1  1856   19.9  1980   15.4  1895   20.1  1887   22.9  1983   31.9  1955   18.4  1895   40.7  1946   36.6  1896   38.3  1873   165.9  1874   117.8  1893   142.0  1869   180.8  1857   799.7  1856
   38.6  1953   15.1  1965   23.9  1944   19.5  1873   14.8  1853   17.8  1865   21.3  1919   31.2  1940   16.2  1865   40.3  1993   35.4  1934   34.0  1971   160.1  1837   117.2  1875   141.0  1976   177.3  1922   791.3  1887
   31.7  1997   11.1  1934   16.1  1953   14.4  1875   10.9  1836   15.0  1941   21.1  1868   22.8  2003   14.3  1972   39.1  1880   34.1  1867   28.9  1963   129.6  1839   115.6  1840   135.9  1885   174.0  1860   784.9  1933
   30.3  1839    9.5  1891   15.8  1840    9.2  1854   10.7  1991   14.4  1942   21.1  1982   17.5  1976    9.5  2014   34.8  1951   30.3  1855   23.8  1836   121.3  1964   108.2  1946   123.9  1995   173.3  1858   775.6  1836
   25.4  1881    5.4  1986   13.5  1929    7.9  1938    8.9  1859   12.4  1889   16.7  1898   13.4  1995    9.1  1986   31.6  1837   28.4  1942   22.9  1844   118.3  1891    98.1  1836   118.0  1847   150.8  1837   685.8  1837
   16.2  1855    5.0  1932   11.7  1837    5.5  1842    8.3  1844   10.8  1921   16.7  1863   12.6  1947    6.8  1894   28.4  1838   27.7  1945    ---  2022     ---  1836    97.5  1837   108.6  1983   149.7  1933     ---  2022
