Areal values from HadUK-Grid 1km gridded climate data from land surface network
Source: Met Office National Climate Information Centre
Monthly, seasonal and annual total precipitation amount for Scotland E
Areal series, starting in 1836
Last updated 01-Dec-2022 10:42
    jan  year    feb  year    mar  year    apr  year    may  year    jun  year    jul  year    aug  year    sep  year    oct  year    nov  year    dec  year     win  year     spr  year     sum  year     aut  year     ann  year
  263.3  2016  228.4  1848  161.1  1903  147.5  1934  159.5  1906  162.0  1838  182.6  1940  208.1  1948  199.4  1950  212.4  1903  262.4  1984  269.7  2015   629.7  2016   372.7  1947   427.7  1877   528.5  1984  1600.3  1872
  231.2  2008  211.7  2020  154.0  1897  147.4  1998  149.1  1967  149.6  2017  174.1  1988  198.5  2004  195.2  1995  212.3  2020  231.8  1951  262.8  1876   582.2  2014   349.8  1913   425.8  1948   502.1  1872  1441.3  2002
  222.9  1993  204.9  1990  152.9  1994  147.3  1947  139.9  1986  147.7  1848  157.2  1846  194.9  1877  179.5  1981  208.0  2002  219.4  2009  260.2  1852   534.9  1877   326.7  1909   419.8  1985   494.7  1982  1422.4  1877
  207.3  1928  202.3  1894  151.1  1992  134.7  2012  139.6  1954  144.2  1860  152.0  2009  184.2  1985  177.1  1927  207.5  1932  195.5  1963  214.8  1929   501.7  1853   321.9  1934   404.2  1846   480.9  1954  1398.1  1903
  204.8  1974  188.0  1923  148.6  1913  133.5  2000  136.9  1925  143.9  1872  151.2  1958  181.3  1930  170.1  1872  199.8  1976  188.5  1888  214.3  2013   474.0  1848   316.0  1979   403.8  2012   480.1  2000  1390.3  1916
  203.6  1852  186.0  1997  147.1  1851  126.1  1871  134.2  1969  141.0  2012  148.6  2015  179.1  1910  167.3  1856  198.9  2004  185.8  1872  212.0  1914   472.6  1915   314.9  1993   387.7  1956   460.3  1935  1362.4  2000
  199.7  2014  171.3  2002  139.9  1908  125.0  1898  133.2  2021  139.8  1966  148.2  1867  172.2  1874  167.1  1839  196.1  1982  185.6  1946  200.7  1978   465.2  1903   314.7  1925   380.8  1879   459.1  1995  1358.0  2014
  190.3  1937  168.3  2014  139.6  1979  120.5  1867  132.9  1924  135.1  1948  147.0  1836  172.1  1992  164.0  1869  190.0  1954  183.9  1954  197.7  1915   457.5  1894   312.8  1986   378.2  2004   457.3  1981  1349.0  2015
  180.1  1984  167.5  1915  138.5  1836  115.5  1935  125.9  1847  129.5  1997  144.4  1985  170.5  1956  157.6  1985  184.6  2021  183.2  2002  194.4  1986   453.7  1990   304.6  1967   369.4  2011   457.1  2022  1345.8  2011
  175.5  1975  156.7  1872  138.5  1928  115.2  1993  124.6  1945  128.4  1931  143.6  2010  165.7  1861  155.0  2000  184.5  1846  182.2  2022  194.1  2012   443.2  1916   295.0  1963   367.3  2007   449.7  2009  1337.5  1954
  175.0  1877  156.1  1903  137.2  1909  111.5  1925  124.1  1983  128.3  2007  142.4  1837  165.3  2011  152.4  1965  184.2  1935  178.6  1931  187.7  1868   439.9  2007   294.2  1983   358.2  2009   445.1  1938  1328.0  2020
  173.5  1990  153.1  1925  135.5  1963  110.8  1889  123.7  1993  127.5  1897  141.1  1957  164.9  1889  150.6  1962  180.0  1916  177.4  2010  185.5  1999   437.2  1869   290.9  1899   355.4  2019   436.0  1926  1326.0  1948
  166.7  1948  147.6  2022  131.7  1876  110.6  1899  120.1  2011  124.6  1907  140.8  1888  161.6  1917  147.2  1918  179.1  2001  177.1  1959  185.4  1955   436.6  2020   290.6  1916   354.1  2008   434.1  1864  1316.3  1928
  163.9  1849  147.0  2021  127.6  1905  108.2  1868  119.5  1968  123.0  1938  139.3  1883  160.5  1923  147.1  1982  177.5  2014  176.7  1890  185.1  1911   434.3  1995   289.1  1920   351.9  1838   433.4  1927  1314.9  1998
  163.9  1853  141.8  2011  126.8  1984  107.3  1910  116.5  1907  120.7  1879  139.1  1903  159.7  2008  146.9  1976  176.1  2005  176.5  1940  182.4  1934   430.7  2021   288.6  1992   351.2  1958   431.0  1976  1314.8  2008
  163.5  1903  136.7  1989  126.4  2006  106.5  2004  115.1  1997  120.2  1991  138.9  1916  158.0  1891  144.9  1975  174.5  1998  172.9  1861  180.8  1959   424.6  1937   285.5  1862   351.1  1861   427.7  2002  1305.4  2009
  163.2  1851  135.1  1850  124.7  1989  106.4  1932  112.8  1916  119.7  1862  138.4  1858  156.6  1963  144.6  1946  174.5  1960  172.7  1938  179.4  1896   418.9  1994   284.6  1998   348.6  1872   422.4  2006  1294.9  1876
  161.5  1890  132.2  1995  124.5  1914  105.8  1909  110.8  1886  119.4  1980  137.7  1924  156.2  2019  144.0  1999  174.0  1864  171.8  2015  178.3  1847   415.8  1960   281.4  2019   348.2  2002   422.1  1875  1288.3  1852
  159.3  1868  129.2  1876  124.3  1981  104.6  2005  110.5  1913  119.3  1990  137.6  2002  156.2  1868  143.9  1836  172.0  1841  170.3  1905  173.8  2020   411.8  2000   280.1  1932   343.2  1895   419.4  1930  1283.5  2012
  159.2  1872  128.9  1977  123.7  2019  102.1  1882  109.1  1976  118.8  1877  136.7  2007  153.5  2014  143.6  1891  171.5  1853  169.6  1911  173.7  2006   410.6  1883   279.9  1906   341.9  1927   413.2  2010  1273.6  1900
  159.0  1988  128.6  1941  120.6  1978  101.8  1843  108.3  1943  118.2  2004  135.8  2012  152.1  1878  142.2  1885  171.2  1906  169.0  1926  171.8  1900   409.9  1925   279.1  2005   341.8  1910   409.9  1836  1271.2  1836
  157.6  1875  127.2  1866  120.6  1947   99.4  1859  108.2  2015  116.5  1928  134.9  1918  148.6  1895  140.9  1930  171.0  1938  165.8  1844  162.9  1919   408.9  2008   278.4  1882   341.5  1916   407.6  1998  1260.1  1882
  155.7  1994  126.5  1883  116.8  1921   97.1  1876  107.5  1894  115.9  1882  134.6  1884  148.1  1927  138.2  1896  169.3  1990  161.9  1939  162.5  1872   408.5  1984   277.1  1867   340.6  1931   402.4  1944  1254.4  1990
  155.2  1962  124.9  1868  116.6  1842   96.3  1846  107.1  1872  115.1  1846  134.4  1956  146.1  1894  137.6  1935  169.2  1845  160.5  1944  161.7  1912   405.1  1912   276.3  1968   338.1  2020   395.1  1950  1247.1  1848
  155.0  2005  123.4  1916  115.2  1980   96.0  1951  106.8  1920  110.7  2002  133.6  1936  145.7  1962  137.2  1861  167.9  1967  159.1  1877  159.0  1924   404.7  1872   275.6  1868   337.2  1903   392.7  1861  1243.8  1982
  154.9  1884  121.6  1966  114.7  1848   95.9  1877  106.2  2003  110.3  1912  133.5  1998  144.8  1841  136.9  1924  166.7  2000  158.4  2000  158.2  2000   402.7  1974   272.2  1897   336.5  2017   389.0  1839  1243.5  1985
  154.8  1938  121.5  1914  114.5  2018   95.1  2008  105.6  1885  105.9  1935  132.5  1939  142.9  1906  136.8  1908  163.5  1907  157.4  1916  156.4  1979   399.2  2002   271.1  1872   335.1  1930   387.0  1916  1242.1  1846
  154.2  1926  120.3  1885  114.0  1862   94.8  1880  104.9  2002  104.1  1844  132.5  1873  142.8  1897  135.7  1983  159.5  1892  156.6  2018  155.8  1993   390.9  1920   270.8  2000   333.7  1848   386.7  1960  1239.8  1868
  152.6  2002  120.1  2007  113.9  1988   93.9  1904  104.7  1931  104.0  1856  130.0  1882  142.0  1892  134.0  1992  157.7  1995  153.9  2006  155.7  1954   389.6  1923   270.1  1903   329.8  1957   386.7  1845  1238.9  1927
  150.3  1863  119.9  1926  113.4  1987   90.8  1913  104.7  1947  103.2  1987  126.4  1953  140.8  1928  131.2  2022  156.7  1865  153.7  1836  154.8  1882   386.8  1957   267.4  1886   328.5  1897   382.2  1940  1233.9  2004
  150.0  1840  119.8  1893  112.6  1977   89.8  1856  104.2  1972  102.7  1927  124.3  1895  139.8  1943  129.7  1864  156.2  1875  153.6  1997  153.9  1958   385.7  1926   262.9  2006   327.3  1946   378.3  1903  1233.2  1938
  149.6  1995  119.0  1871  110.9  1882   89.7  1985  103.6  2019  102.7  2016  123.3  1871  139.5  1903  127.4  2010  156.2  2013  153.0  1914  153.9  1948   373.1  1930   260.5  1976   326.2  1963   375.9  1846  1226.0  1999
  149.6  1972  116.0  1967  110.7  1976   89.2  2016  101.5  2007  102.1  1963  122.9  1931  138.8  1912  127.2  1984  156.1  1847  151.9  1919  152.5  1994   372.0  1866   259.8  2015   324.3  1837   375.7  1932  1225.7  1923
  149.3  1999  115.3  1950  110.6  1982   89.0  1922   99.9  1862  101.6  1853  122.6  1879  138.5  1960  125.8  1875  155.4  1996  151.5  1982  151.3  1956   369.9  1840   259.6  1907   323.7  1883   375.7  1877  1222.4  1926
  148.0  2015  115.2  1880  110.0  1920   87.9  1961   97.9  1938  101.2  1854  122.3  1946  137.6  2009  125.4  1956  155.0  1926  149.2  2014  149.7  1983   366.4  1900   257.0  1905   322.1  1988   375.3  1898  1217.4  1993
  146.0  1867  115.0  1870  109.2  1888   87.3  1960   97.2  1878   99.9  1845  122.1  1950  137.5  1879  124.7  1857  153.5  1909  148.7  1974  149.3  1932   361.6  1928   256.7  1954   320.2  1900   374.2  1963  1215.4  1988
  146.0  2007  114.4  1900  108.7  1967   86.5  1999   96.2  1840   99.4  1852  121.2  1938  134.0  1951  124.2  1866  152.8  1981  146.0  1906  147.8  1949   361.4  1967   255.3  1876   319.7  1966   372.9  1891  1212.7  1960
  145.9  1873  112.6  2000  107.7  1861   85.3  1923   95.4  2009   99.3  1926  119.2  1970  134.0  1957  124.2  1873  152.7  1988  146.0  1881  147.5  1945   361.2  1933   253.9  1908   319.0  1928   370.5  2005  1210.9  1984
  145.3  1862  112.5  1937  107.6  2008   85.0  1950   95.4  1843   98.1  2020  118.4  1880  131.9  1846  121.4  1945  151.3  1968  145.9  1941  146.2  1891   360.4  2013   252.9  1994   317.2  1860   368.9  1977  1209.8  1934
  143.8  1869  111.7  1856  106.0  1857   84.9  1916   95.1  1854   98.0  1999  117.5  1843  131.5  1863  121.1  2011  150.0  1934  145.5  1852  145.5  1902   359.7  1975   252.9  1985   316.4  1882   368.4  1928  1204.8  2019
  142.7  1894  111.5  1910  105.6  1859   84.8  1959   94.7  2005   97.7  1998  116.2  1922  127.6  1966  119.9  2006  148.9  1943  142.0  1898  144.6  1985   359.5  1868   252.2  1977   315.2  1862   368.2  2020  1203.4  1930
  141.4  1921  110.8  1904  104.4  1884   84.7  1996   93.7  1942   96.4  2019  114.8  1910  127.0  2012  119.8  1868  148.6  2006  141.0  1882  143.5  1974   357.3  1867   251.2  1969   314.6  1980   366.8  1869  1199.0  1966
  140.5  1986  110.4  1945  104.1  1990   84.0  1991   93.5  1979   95.1  1916  114.7  2020  125.3  2020  116.9  1944  148.5  1961  140.9  1970  141.5  1897   356.9  1945   250.5  1988   314.2  1912   365.3  1890  1194.5  1862
  140.5  1983  110.3  1996  103.7  1866   83.4  1919   93.5  1899   94.4  1900  114.1  1915  125.1  1964  116.8  1863  147.8  1877  140.1  1875  141.0  1997   355.9  1899   249.8  1999   313.3  1894   365.2  1939  1189.3  1951
  139.4  1936  110.0  1960  103.4  1895   83.4  1992   92.8  1892   94.2  2011  114.1  1877  124.8  1988  116.7  1899  147.7  1928  138.5  1935  140.7  1966   353.3  1873   248.1  1838   312.7  1998   365.0  1874  1179.7  1986
  137.5  1922  109.6  1978  102.6  1886   82.8  1979   92.4  2006   92.7  1890  113.4  1937  124.1  1921  113.5  1878  147.5  1862  137.7  1930  140.0  1839   351.0  1939   248.0  1851   309.7  2015   364.1  1841  1178.8  1894
  136.9  1866  109.5  2017  102.0  1991   82.6  1953   91.1  1865   91.2  1985  111.8  1968  122.8  1904  113.5  1961  146.8  1898  137.2  1900  139.8  1898   350.8  1922   247.4  1843   309.2  1853   364.1  1967  1174.1  1978
  136.0  1899  109.0  1918  101.1  1868   82.1  1863   90.3  1966   90.7  1892  110.4  1853  122.4  1929  112.5  1942  146.5  1874  136.8  2019  139.6  1957   348.8  1913   246.5  1972   309.2  1881   363.8  1881  1173.4  1912
  134.7  1932  108.7  1837  100.1  1838   81.2  1994   90.1  1923   90.4  1896  109.9  2011  121.9  1900  112.0  1926  146.2  1872  136.4  1991  138.4  2011   348.3  1852   246.3  1885   308.2  1907   362.0  2011  1172.8  1992
  133.0  1957  108.1  1933   99.8  1912   81.1  1986   89.7  1999   90.2  2008  109.6  1861  121.8  1881  111.9  2017  145.0  1927  135.1  1960  137.4  1860   346.1  1980   245.5  1987   306.6  1924   359.6  1876  1172.2  2006
  131.9  1900  108.1  2001   99.5  2015   80.4  1965   89.6  1873   89.5  1863  109.2  1965  121.1  1934  110.7  1840  144.4  1859  134.7  1977  136.1  1982   342.9  1956   244.3  2011   304.5  1874   359.2  1906  1167.7  2007
  131.8  1943  107.4  1994   97.7  1839   79.9  1905   88.2  1958   89.4  1945  106.8  1849  120.7  1989  110.6  1887  143.7  2022  133.8  1998  134.6  1866   342.8  1884   243.5  1877   302.3  1938   358.9  1873  1165.1  1861
  131.3  1854  106.8  1939   97.0  1940   79.9  1857   87.6  1932   88.9  1947  105.4  1896  119.8  1941  109.1  1876  143.7  2008  132.6  1880  132.3  1901   341.9  1988   243.2  2021   300.8  1892   356.8  1918  1162.6  2005
  131.3  1836  106.8  1920   96.9  1879   79.0  1975   84.8  1858   88.9  1965  105.0  1932  119.5  1961  108.8  1838  142.6  1848  131.3  1929  130.2  1895   341.7  1849   242.8  2002   300.4  1841   354.0  2014  1161.5  1883
  131.1  2004  106.6  1844   96.5  1864   78.8  1963   83.6  1909   87.7  1839  104.3  2008  119.2  1946  108.0  1925  140.7  1930  130.6  1947  130.0  1862   339.9  2001   242.3  1857   299.9  2014   351.6  1999  1160.7  2016
  130.8  1939  106.1  1884   96.4  1934   78.7  1972   83.6  1838   86.6  1944  104.2  1881  118.3  1852  107.9  1968  140.2  1993  130.4  1996  128.0  1990   339.9  1999   240.7  1879   298.2  1970   350.2  1992  1158.5  1866
  130.4  1947  105.8  1869   95.9  1891   77.6  1968   83.1  1856   85.8  1946  104.0  1900  116.4  1865  107.8  1934  138.9  1984  130.4  1980  125.6  1916   338.8  1863   240.7  1898   294.5  1836   348.6  2019  1157.5  1945
  129.3  1883  104.7  1951   95.4  1939   77.3  1983   82.4  1867   84.5  1958  102.8  2019  115.6  1950  107.6  1953  137.3  1917  130.3  1864  125.5  1980   338.5  1998   240.6  1846   292.6  1888   348.5  1965  1150.3  2021
  128.5  1913  104.7  1852   94.7  1860   77.1  1837   81.8  2013   83.2  1851  102.5  1933  115.6  1970  107.0  1967  136.1  1939  129.6  1917  125.3  1942   337.9  1943   240.5  1914   292.3  1890   346.8  2018  1150.0  1950
  127.9  1912  102.5  1957   94.2  1964   76.9  1966   81.5  1973   83.2  1881  102.4  1865  115.6  1958  107.0  1954  135.9  1896  129.5  1986  125.3  1836   336.2  1993   239.8  1888   291.2  1951   346.6  2004  1148.1  1963
  127.9  1942  101.9  1881   93.5  1937   76.4  1851   80.7  1902   82.9  1972  101.7  2016  114.9  1905  106.0  1841  135.7  1979  129.2  1928  122.2  1858   335.8  1935   238.6  1904   291.2  1873   346.1  1946  1145.6  1967
  127.8  1969  101.7  1972   92.9  1916   76.3  1850   80.7  1963   82.9  1956  100.0  1951  114.8  1866  104.4  1978  135.0  1949  129.2  1992  121.9  1920   335.5  1962   238.1  1964   290.6  1987   346.0  1878  1143.8  1910
  126.6  1978   99.9  1970   92.8  1983   76.1  1926   80.6  1955   82.7  1840   98.7  1894  114.7  1986  104.3  2019  134.8  2009  128.0  1895  121.8  1936   334.5  1950   236.3  2012   290.4  1950   344.4  2021  1143.7  1906
  125.5  1945   99.0  1864   91.8  1986   76.0  1977   80.5  1926   82.2  1876   98.7  1841  114.3  1883  104.0  1923  134.4  1987  127.9  2005  121.3  1869   332.7  1910   234.0  1951   289.0  1960   344.4  1882  1141.7  1977
  125.1  1970   98.8  1935   90.4  2007   76.0  1988   80.4  1904   82.1  2005   98.3  1929  114.0  1907  103.7  1886  134.4  1843  127.1  1910  121.0  1907   331.8  1958   232.0  1928   287.8  1856   344.3  1970  1139.1  1995
  125.0  1960   97.2  1911   89.9  1872   75.5  1901   80.3  1944   81.7  1969   97.3  1886  114.0  1872  102.7  1970  133.8  1945  127.1  1899  120.9  1944   329.5  1991   231.9  2008   286.2  1962   343.4  1980  1137.5  1875
  122.4  1930   97.2  1877   88.8  2011   75.4  1964   79.3  1877   81.4  1875   97.0  1840  113.6  1979  102.4  1883  133.1  1977  126.3  1850  120.7  1856   328.8  1983   231.6  1966   285.4  1852   343.0  2001  1136.7  1974
  122.1  1916   97.1  1948   88.7  1957   74.3  2014   78.6  1995   80.4  1857   96.8  1851  113.5  1920  101.7  1948  132.8  1983  125.0  1981  120.1  1899   328.8  1948   231.4  1927   285.3  1867   342.3  1852  1136.5  1915
  121.9  1998   96.8  1922   88.4  2017   74.3  1987   78.3  1918   79.2  1943   96.4  1890  113.4  1954  101.5  1938  132.2  1933  123.1  1999  119.9  1870   326.1  2005   231.4  1889   284.9  1845   341.7  1991  1134.8  1920
  121.2  1920   96.7  2016   87.8  1883   74.2  1931   78.2  1948   79.2  1878   96.2  1866  113.1  1855  101.1  1977  131.8  1873  123.0  1978  119.7  1910   325.8  1977   227.8  1978   283.0  1929   341.4  1900  1131.2  1924
  119.2  1886   93.0  1991   87.5  1896   74.1  1872   77.9  1934   79.1  2014   96.2  1959  112.1  1924  100.7  1845  131.1  1940  122.8  1994  118.5  1930   325.4  2015   226.8  2009   282.1  1851   341.0  1923  1131.1  1994
  118.6  1843   92.1  1912   87.1  1890   73.9  2013   76.1  1985   78.4  1888   96.0  1891  111.5  1901  100.3  1874  130.7  1941  121.7  1979  118.4  1951   323.1  1949   225.6  2004   281.3  1891   338.7  1859  1129.6  1958
  118.2  1860   91.4  1980   87.1  1985   73.4  1885   76.0  2022   77.9  1952   95.5  1961  110.4  2000   99.4  1988  130.5  1876  120.9  1950  117.7  1962   322.1  1938   225.6  1836   280.3  1943   338.4  1892  1127.9  1932
  117.2  2003   91.3  1954   87.1  1927   73.4  1879   75.6  1850   77.8  1836   95.1  1960  109.7  1982   99.3  1998  128.2  2012  120.5  1843  117.4  2019   322.0  1986   225.6  2014   277.3  1889   337.9  1905  1127.7  1979
  115.7  2009   91.2  1936   86.8  1899   72.7  1907   74.8  2012   75.8  1861   94.1  1839  109.2  1949   98.2  1936  128.1  1870  120.4  2007  116.9  1845   319.8  1987   225.3  1847   276.9  2016   334.3  1968  1126.9  1980
  115.3  1951   90.5  1958   86.5  2001   72.4  2018   74.2  1941   75.7  1847   94.0  1909  108.8  1873   98.0  1958  128.0  1923  120.3  2011  116.6  1921   319.1  1859   225.0  1945   276.7  1992   334.2  1961  1118.4  1838
  114.6  1927   90.4  1961   86.4  2021   72.3  1949   73.9  1981   74.8  1911   93.7  1920  108.2  1980   97.8  1846  126.3  1886  120.1  1876  114.8  1909   319.0  1972   224.7  1958   275.7  1965   332.0  1974  1114.7  1935
  114.5  1859   89.6  1988   86.2  1995   72.2  1920   73.5  1965   74.0  1837   93.1  1855  107.9  1837   95.8  1943  125.8  1852  119.3  1949  114.3  1884   318.6  1978   224.4  1923   274.0  1917   330.3  1988  1113.5  1914
  114.1  1934   88.7  1865   86.2  1932   71.6  1862   73.0  1884   73.9  1981   92.4  1962  107.5  1916   95.7  1974  125.6  1991  118.7  1838  114.3  1946   318.0  1850   223.9  1910   270.8  1923   330.0  1886  1110.1  1962
  113.7  1906   88.6  1974   85.8  1919   71.5  1927   73.0  1849   73.5  1953   92.2  1874  107.2  1860   95.5  2009  125.5  1966  118.5  1953  114.1  1953   316.1  1946   223.7  1989   269.8  1858   329.0  1917  1108.3  1839
  113.7  2000   87.7  1861   85.1  1952   71.4  1970   73.0  1900   73.4  1901   92.1  1987  106.2  1952   94.3  1881  125.5  1900  118.2  1854  114.1  2003   315.3  1885   223.7  1997   269.7  1953   325.8  1996  1107.8  1899
  113.2  1976   87.4  1928   84.0  1881   71.2  1940   73.0  1929   73.2  1954   92.1  1875  106.0  1838   94.2  1980  125.3  1858  118.1  1874  113.4  1964   314.9  1901   223.4  1884   268.8  1855   325.8  1951  1106.1  1970
  112.5  2013   86.3  2008   83.9  1855   69.7  1973   72.9  1870   72.7  1893   92.0  1930  105.8  1856   94.1  1932  125.1  1944  117.5  1969  113.4  1938   311.9  1941   222.3  1943   266.4  1954   322.5  1853  1104.4  1946
  112.1  1982   86.3  2010   83.7  2002   69.6  1902   72.9  1927   72.1  1977   91.8  1862  104.5  2017   94.0  1880  124.4  1912  116.8  1845  112.9  1859   309.7  2004   221.8  1981   266.3  1871   321.0  1847  1101.6  1845
  111.7  2018   85.2  1992   83.2  1951   69.1  1944   71.6  1881   71.6  1964   91.8  1971  104.1  2001   93.9  1963  124.1  1895  115.0  1985  112.7  1864   309.6  1970   221.8  1965   266.1  1844   320.4  1959  1101.6  1931
  110.8  1971   84.6  1836   82.7  2010   68.6  1848   70.8  1888   71.0  1983   91.5  1975  103.7  1862   93.5  1993  123.4  1881  113.9  1848  112.7  1984   307.9  1936   221.0  2018   264.6  1945   319.7  1943  1101.5  1873
  110.8  1919   84.0  1955   82.7  2014   68.3  1969   70.4  1937   70.5  1959   91.4  1848  103.2  1890   93.1  2018  122.8  1929  113.5  1842  112.5  1893   306.6  1870   219.0  1894   261.7  1937   319.6  1924  1101.3  1997
  109.8  2021   83.8  1882   82.6  1958   68.2  1900   70.4  1879   70.3  1895   91.1  1927  103.0  1845   92.9  1964  122.6  1878  113.2  1891  112.5  1998   305.5  1865   218.9  2003   261.6  2010   318.5  1985  1100.3  1884
  108.5  1991   83.2  2005   81.8  1998   68.1  1911   69.0  1921   70.1  1883   90.8  1872  102.3  2007   92.8  1892  120.5  2011  112.0  1887  111.6  1925   305.5  1860   218.7  2013   261.2  1934   315.3  2012  1099.6  1890
  108.5  1961   82.3  1859   81.4  1950   67.2  1943   68.8  1953   69.0  1913   90.5  1934  102.1  1851   92.7  1947  118.9  1918  111.9  1859  111.3  1875   305.4  1947   218.7  1848   260.9  1866   314.7  1838  1095.2  2010
  107.5  2020   82.1  1879   80.0  1844   66.8  1849   68.6  2014   68.6  2009   90.3  1899  101.2  1850   92.6  1903  118.8  1980  111.3  1927  111.3  1937   305.3  1876   218.6  1926   259.1  1893   314.3  1896  1093.4  1947
  107.2  1965   80.7  1943   79.9  1954   66.5  1836   68.5  1964   68.5  1894   88.9  1947  100.7  1978   91.5  1928  118.6  1942  110.9  2003  110.9  1854   304.8  1871   218.4  2007   256.9  1896   314.0  1941  1092.8  1965
  106.4  1910   80.1  1899   79.7  2005   65.4  1978   68.1  1914   67.6  1869   88.0  1902  100.5  1893   90.7  2008  118.3  1889  110.6  1839  110.6  2014   304.5  1892   218.0  1921   255.9  1961   312.9  1934  1092.4  1957
  104.6  1967   79.9  1840   79.5  2009   65.2  1948   67.7  1846   66.4  1864   87.1  1941   99.9  2002   90.1  1882  117.7  1959  109.9  1878  109.4  1952   304.3  1966   217.7  1924   255.7  1926   312.5  1979  1091.9  1925
  104.1  1865   79.0  1962   79.2  1968   64.4  1838   67.5  1971   65.7  1994   87.0  1980   98.9  1898   88.3  1870  116.4  1869  109.0  1923  109.4  1973   304.1  1997   215.9  1942   255.2  1875   312.3  1990  1090.8  1864
  103.8  1933   78.8  1949   77.6  1874   63.0  1847   67.2  1982   64.8  2001   86.7  1945   97.2  1853   88.0  1987  116.3  1871  107.7  1966  108.7  1841   303.8  1837   215.2  1931   254.7  1878   311.9  2008  1090.5  1907
  102.1  1931   78.7  1984   77.2  1971   62.6  2001   66.3  1868   64.1  2015   86.1  1978   97.0  2015   87.3  2004  116.2  1891  106.7  1849  108.7  1842   301.9  2022   214.6  1991   253.9  1843   311.3  1899  1090.0  1841
  101.7  1846   78.3  1931   76.6  1846   62.2  1930   66.2  1952   63.7  1859   86.1  1908   95.9  1942   86.4  1898  113.5  1952  106.5  1847  108.3  1965   301.9  1955   213.3  1901   252.1  1839   311.0  1966  1089.3  1939
  101.6  1958   78.1  1982   76.1  1993   61.1  1897   66.2  1891   63.4  1970   85.9  1893   95.2  1987   85.9  2012  113.2  1882  106.5  1840  107.9  1865   301.9  1851   212.9  1871   252.0  1840   310.9  1885  1089.2  1897
  100.3  1946   78.1  1999   75.7  1906   60.5  1962   65.7  1842   63.1  1880   85.7  1889   94.9  1937   85.9  1879  112.4  1860  106.2  1995  107.2  2021   301.5  1979   212.7  1950   251.7  2001   310.6  1840  1088.4  1956
   99.2  1923   77.8  1889   75.1  1901   59.9  1942   65.6  1898   62.8  1902   85.6  2013   94.7  1915   85.8  1842  112.3  1855  105.7  1860  106.1  1863   300.9  1861   212.6  1922   251.2  1997   309.7  1883  1085.7  1891
   98.3  1980   77.7  1853   74.8  1997   59.8  1888   65.6  1996   62.7  1842   85.3  1914   94.7  1848   85.5  2016  112.3  1836  105.4  1883  103.4  1877   300.8  1897   211.8  1982   251.1  1940   306.1  1919  1085.4  1943
   98.1  1918   77.3  1849   74.3  1867   59.4  2022   65.4  1882   62.5  1855   83.9  1838   93.8  1977   82.9  1919  111.4  1948  105.0  1902  102.7  1886   300.0  1961   211.7  1940   250.8  1915   305.2  1949  1081.8  1860
   97.9  1925   76.9  1898   73.6  1999   58.3  1866   65.4  1917   62.4  1917   82.7  2001   90.3  1885   82.5  1859  111.3  1839  102.9  1873  102.5  1940   298.9  1931   211.6  1995   248.9  1918   303.9  1888  1081.6  1881
   97.6  1956   76.7  1867   73.5  1974   57.9  2003   65.2  1974   62.3  1929   82.6  1942   89.3  1931   82.1  1890  109.0  1924  102.3  1965  102.4  1922   294.4  1989   210.9  1996   248.0  1964   303.6  1863  1079.0  1944
   97.2  1909   76.0  1842   72.3  2000   57.8  1917   64.9  2000   62.0  1986   82.5  1948   88.7  1876   81.0  2021  108.4  2010  101.2  2012  102.4  1923   292.0  1954   210.7  1937   247.6  1939   302.9  2017  1077.1  1898
   96.9  2010   75.6  1998   71.5  1845   57.6  1915   64.7  1889   61.8  1930   82.5  1973   88.5  1945   80.9  1858  107.5  2019  100.5  1884  102.2  1928   290.7  1904   210.7  1859   244.2  1952   302.4  1844  1076.6  1976
   96.7  1977   75.3  1841   70.4  1907   57.3  1887   63.9  1962   61.0  2000   82.5  1844   87.0  2021   80.3  1893  106.5  1890  100.1  1886  101.3  1961   288.2  1969   209.2  1902   242.0  1979   301.1  1880  1074.9  1874
   95.9  1895   74.5  1969   69.4  1894   56.9  1941   63.6  1977   60.8  1871   82.4  2017   83.3  1843   79.7  1991  106.0  1915   98.9  1865  101.2  1960   287.3  1846   207.4  1948   241.8  1986   298.4  1848  1074.3  1991
   94.6  1996   74.5  1860   69.0  2004   56.5  1869   62.7  1901   60.7  1993   82.3  2021   82.9  1867   79.6  1904  104.9  1863   98.5  1962  100.6  1848   285.6  1921   205.9  1952   241.2  1849   298.2  1983  1073.9  1895
   94.3  1944   71.6  1907   68.4  1936   56.3  2010   62.6  1949   60.4  1849   82.0  1845   82.2  2006   79.3  2001  102.1  1989   98.0  1920  100.2  1976   285.2  1951   202.8  1891   241.0  1901   297.8  1911  1071.1  1981
   93.7  1989   70.2  1892   68.3  1877   56.3  1924   60.8  1890   60.3  1919   80.7  1993   82.1  1871   78.9  1913  102.0  1883   98.0  1972   99.2  2008   282.0  2011   202.4  1935   240.3  1920   297.7  1987  1069.5  1961
   93.1  1915   68.8  1846   67.9  1965   55.8  1874   60.8  1908   60.1  2018   80.1  1926   82.1  1971   78.9  1867  101.3  1894   96.6  1866   98.8  1849   280.7  1864   202.0  1866   239.2  1978   297.4  1912  1068.5  1937
   92.5  2012   68.3  1906   67.8  1946   55.5  1933   60.5  1988   59.6  1982   79.7  1954   81.9  1908   78.8  1900  100.7  1854   95.0  1857   98.7  2002   280.3  1875   201.9  1919   238.7  1863   297.0  1866  1065.0  2013
   92.2  1874   68.3  1946   67.3  1885   54.6  1903   57.8  1987   59.5  1971   79.1  1921   81.7  1875   78.2  1912  100.7  1970   94.8  1912   98.6  1904   279.5  1843   201.7  1878   238.0  1936   296.8  1993  1065.0  1867
   90.4  1949   67.8  1838   67.0  1922   54.6  1952   57.0  1897   58.5  1903   78.9  1991   81.5  1998   77.8  1966  100.5  1955   93.6  1846   96.4  1880   279.2  2010   200.8  1960   237.4  1906   295.3  1962  1062.9  1856
   90.0  2011   67.5  1839   66.2  1925   54.2  2002   56.8  1957   58.2  1989   77.9  1856   80.9  2010   77.3  1871  100.5  1867   93.4  2017   96.4  1972   279.0  1914   199.1  1990   236.9  1922   295.1  2015  1062.2  1909
   89.5  1857   66.8  2015   66.0  1915   54.1  2019   56.8  1852   57.2  1951   76.1  1944   80.4  1925   77.1  1960  100.3  1905   93.3  1913   96.1  1894   276.7  1898   198.9  2022   236.6  1990   291.8  1895  1059.1  1983
   88.7  1908   65.4  1968   65.8  1941   53.9  1886   56.7  1922   57.0  1939   75.6  1923   79.6  1844   76.6  1844   98.3  1884   92.5  1893   96.1  2009   275.2  1862   196.9  1941   236.5  1991   290.3  1931  1058.6  1968
   88.2  1892   65.3  1908   65.1  2020   53.9  1958   56.4  1857   56.9  1841   75.1  1974   78.7  1918   74.5  1940   97.5  2017   90.6  1918   95.3  1857   275.0  1908   196.7  1971   235.5  1854   289.7  1870  1053.5  1859
   87.3  1842   64.5  2004   65.0  1917   53.2  1908   55.8  1864   56.7  1924   74.5  1847   78.4  1902   74.4  1897   97.4  1925   90.5  2020   95.1  1837   274.5  1996   194.7  2016   235.3  1865   288.0  1953  1052.6  1987
   87.0  1904   64.5  2006   64.4  1966   53.0  1895   55.5  1946   56.6  1984   74.1  1981   77.6  1965   74.3  1915   97.1  2018   90.4  1933   93.4  1987   274.0  1890   193.9  1900   233.3  1971   287.7  1868  1050.6  1886
   86.6  1954   63.2  1987   64.3  1904   52.2  1883   55.3  1998   55.4  1973   73.6  1979   77.4  1967   73.5  1884   96.0  1901   89.3  1971   92.9  1903   273.8  2009   191.9  1864   233.2  1941   285.5  1929  1050.5  1853
   86.3  1844   62.9  1897   64.0  1948   52.1  2015   55.0  1960   55.3  1960   72.2  1854   77.1  1858   73.3  1922   95.3  1893   89.2  1967   91.3  2007   272.3  2012   190.8  1949   233.0  1944   284.5  1945  1048.7  1940
   85.6  1839   62.4  2018   63.6  1972   52.0  1971   54.9  1841   54.8  1979   71.6  1859   76.3  1887   72.7  1990   94.8  1937   88.8  1952   89.0  1992   272.0  1856   190.5  1883   230.8  1904   283.6  1857  1047.9  1888
   85.3  1845   61.9  1901   63.4  2022   51.8  2009   54.8  1951   54.6  1957   71.3  1864   76.2  1926   71.8  1853   93.9  1994   86.4  1869   88.8  1871   272.0  1842   189.0  1863   229.2  1902   283.1  2013  1046.2  1863
   85.3  1878   60.9  1905   63.2  1910   51.2  1989   54.7  1912   54.3  1858   70.6  1842   76.0  1974   71.2  1957   93.7  1965   86.3  1936   88.3  1918   270.6  1982   188.7  1890   229.2  1884   282.8  1947  1045.5  1918
   85.1  1952   60.7  1947   63.0  2013   50.7  1853   54.4  1903   54.2  1867   70.0  1887   75.9  2005   71.0  1852   93.5  1840   86.2  1915   87.9  2004   268.2  1911   188.2  1917   227.1  2000   282.8  1887  1040.3  2017
   84.4  1924   60.7  1981   62.8  1959   50.3  1929   54.4  1911   53.9  1975   69.6  1907   75.6  1935   70.3  1901   92.4  1868   86.1  1841   87.3  1878   267.6  1981   187.8  1842   226.3  1921   282.5  1994  1030.8  1871
   84.3  1985   60.5  2019   62.3  1942   49.4  1858   54.1  1992   53.8  1898   68.8  1967   75.0  1914   68.7  1877   91.7  1986   86.1  1892   87.2  1996   261.5  1918   187.3  1881   223.2  1876   282.0  1843  1026.8  2001
   84.1  1850   60.0  1887   62.1  1930   48.8  1939   53.5  1910   53.7  1974   68.0  1892   74.0  1849   67.5  1850   91.3  1920   85.4  2016   86.0  1968   255.0  1857   187.1  1880   221.3  1935   281.1  1865  1026.0  1869
   83.6  1888   59.9  1845   62.0  1926   48.3  1990   53.4  1874   53.3  1937   67.6  1852   73.4  1888   67.5  1969   89.7  1971   84.6  2001   85.9  1888   254.0  2003   187.0  2010   216.8  1908   280.3  1856  1024.8  1847
   83.2  1856   59.9  1956   61.9  1880   48.3  1878   53.0  1863   53.0  1843   67.4  1963   73.3  1969   67.4  1905   88.5  1885   84.4  1871   85.2  1906   252.2  2017   186.8  1874   216.6  1975   278.3  1858  1021.8  1949
   83.1  1992   59.4  1976   61.1  2016   47.8  1914   51.4  1860   52.7  1950   67.3  2014   72.4  2016   67.2  1939   88.5  1911   84.3  1976   84.9  2018   252.0  1965   186.3  1849   215.7  1942   278.0  1871  1021.1  1878
   82.5  1968   58.9  2009   60.6  1996   47.4  1928   50.5  1883   52.4  1922   66.8  1992   72.3  1840   66.5  2005   88.3  1921   84.0  1894   84.7  1850   251.9  1942   185.6  1858   215.6  1905   277.4  1908  1020.8  2018
   82.3  1882   58.6  1913   60.3  1841   47.2  1945   50.3  1875   52.4  1978   66.3  1997   72.2  1990   66.3  1920   87.7  1974   83.4  1901   84.6  1969   249.6  1959   185.1  1957   214.2  1968   275.2  1948  1020.3  1941
   82.2  1887   58.5  1863   60.0  1873   46.8  1995   50.1  2004   52.0  1904   66.1  1925   72.2  1973   66.0  1955   87.4  1936   82.8  1973   84.6  2016   248.9  1882   183.9  1973   212.8  1850   273.3  1850  1017.8  1929
   81.5  1981   57.3  1942   59.3  1911   46.8  1937   49.9  1845   51.9  2022   65.8  1860   71.2  1975   66.0  1952   87.2  1838   82.1  1897   84.2  1873   248.4  1992   181.8  1911   212.6  1977   273.3  1907  1016.5  1879
   81.2  1901   55.9  1938   59.1  1956   46.7  1967   49.8  1839   51.7  2003   65.1  1912   70.5  1882   65.8  1994   87.0  1992   81.9  1863   83.5  1887   247.9  2018   180.5  1959   211.8  1999   272.9  1933  1004.1  1892
   80.8  1941   54.6  1940   58.9  1902   46.6  1845   49.4  1905   50.2  1850   65.1  1986   70.4  1839   65.5  2020   84.8  1963   80.2  1885   82.9  1881   245.4  1906   180.2  1861   211.3  1909   272.4  1884  1001.1  1896
   80.7  1885   54.0  1851   58.6  1871   45.9  1884   49.0  1837   49.9  1873   64.8  2018   70.3  1944   64.9  1951   84.5  1999   79.1  1853   82.4  1977   245.2  1919   180.1  1912   211.0  1982   272.4  1975  1001.1  1936
   80.5  1841   53.8  2013   58.6  1960   45.8  1841   48.8  1970   49.9  1866   63.7  1999   70.1  1919   64.3  1902   84.2  1888   78.8  2021   81.7  1883   245.0  1887   179.4  1939   210.0  1973   271.9  1936  1001.0  1849
   77.4  1914   53.1  1971   57.3  1875   45.5  1896   48.0  2010   49.8  2006   63.7  1905   69.9  1884   64.3  1989   82.6  1861   78.6  1975   81.4  1908   239.8  1902   179.3  1961   208.8  1949   270.3  1978  1000.9  1942
   76.1  1917   52.3  1862   57.1  1970   44.7  1906   47.8  1930   49.6  1934   62.3  2003   69.8  1953   63.5  1837   82.6  1910   78.2  1988   80.4  1981   239.4  1952   179.2  1856   207.1  1880   268.6  1997  1000.4  1911
   75.8  1861   52.2  1843   57.0  1933   44.1  2006   47.8  1989   49.2  1909   61.6  1928   69.7  1836   63.1  1862   82.4  1956   77.5  2008   80.1  1991   236.7  1886   178.9  1895   204.8  1974   268.5  1909   990.8  1913
   75.7  1864   52.2  1983   56.2  1878   43.7  1855   47.2  1961   48.8  1908   61.4  2004   69.2  2018   62.6  1997   80.4  1837   75.5  1868   80.0  1913   234.9  1881   178.1  1984   204.7  1989   268.3  1952   989.4  1837
   75.2  1979   52.2  1963   55.9  1889   42.1  1894   46.8  2020   48.0  1962   61.4  1943   68.3  1922   62.1  1917   79.5  1850   75.3  1987   77.6  1861   234.8  1878   177.2  1970   204.7  1868   268.2  1893   987.3  1922
   74.4  1966   52.1  1854   55.9  1949   40.7  1890   46.7  1990   48.0  1936   61.4  1850   68.0  1909   61.7  1973   78.8  2015   75.1  1908   77.4  2005   234.1  1854   177.1  1944   203.5  1969   266.5  1915   987.2  1865
   73.7  2001   51.3  1944   55.3  1935   40.7  1976   46.4  1855   48.0  1910   60.0  1952   66.9  1994   60.2  1909   77.2  1958   75.0  1943   77.4  1874   232.4  1838   176.9  1962   202.8  1993   266.2  1862   986.9  1885
   72.6  1858   50.6  1927   55.1  1865   40.7  1891   46.3  1950   47.9  1968   59.1  1949   64.5  2022   59.4  1937   76.3  1851   75.0  1968   77.3  1935   231.7  1893   176.4  1873   201.6  1914   266.2  1842   986.4  1996
   71.4  1950   49.9  1929   54.7  2003   39.7  1864   46.1  1928   47.1  1899   58.5  1857   62.9  1996   58.4  1847   76.2  1866   74.9  1907   77.1  1855   230.7  1924   176.1  1860   201.3  1959   261.4  1854   985.3  1843
   70.5  1973   48.9  1874   54.5  1887   39.6  1957   45.5  1893   46.6  1967   58.2  1897   62.1  1854   56.9  1849   75.8  1957   74.2  1932   75.3  1867   229.8  1917   175.1  2001   199.0  1847   260.5  1914   985.1  1969
   70.3  1870   48.9  1855   53.9  1863   38.4  1875   45.0  1933   45.8  1870   57.8  1906   61.3  1993   55.8  2007   74.7  1950   74.0  1837   75.3  2001   225.9  1895   174.4  1854   198.5  2021   258.9  1942   983.5  1908
   70.0  1959   48.2  1886   53.2  1945   38.0  1956   44.4  2016   44.7  1933   57.6  1996   61.1  1896   55.3  2013   74.5  1880   73.8  1921   75.2  1989   225.3  1879   174.2  1839   197.4  2005   258.4  1860   982.3  1919
   69.9  1837   46.1  1919   52.7  1900   37.2  1954   43.5  2017   42.5  2013   57.6  2022   59.0  1859   55.2  1979   73.5  2016   73.6  1924   75.0  1931   225.3  1874   174.2  1850   194.3  1859   255.7  1920   980.5  1905
   69.5  1838   46.1  1878   52.4  1962   36.0  1955   43.5  1940   42.0  1915   56.1  1901   58.7  1842   50.9  1949   71.3  1919   73.3  1870   74.9  1889   225.2  1971   174.0  1855   194.1  2018   253.9  1956   979.4  1901
   67.3  1848   45.3  1875   52.0  1955   35.8  1870   43.3  1869   41.3  1914   56.1  1904   58.1  1938   50.3  1933   70.0  1849   73.2  1903   73.9  2017   224.5  1880   173.9  1953   193.6  1933   253.3  1986   978.7  1959
   66.8  1902   44.9  1873   51.4  1858   35.5  2011   41.8  1978   41.2  1955   55.8  1995   58.0  1939   49.8  1921   69.4  1913   72.2  1961   69.6  1995   224.1  1844   173.7  1837   193.0  1857   249.7  1901   976.3  1840
   65.9  1871   44.8  1857   50.2  1843   34.6  1936   40.8  1956   40.9  1961   55.6  2000   57.3  1911   49.7  1916   69.0  1897   72.1  1858   69.2  1885   224.0  1963   172.2  1930   192.8  1967   248.5  1925   965.5  1854
   65.0  1893   44.8  1953   50.0  1898   34.5  1893   40.0  1866   40.5  1949   55.0  1911   56.4  1936   49.2  2003   67.8  1914   71.5  2013   67.8  1971   222.3  1909   170.1  1865   192.0  1842   244.5  2016   964.2  1850
   64.7  1876   43.9  1924   49.1  1923   34.0  1982   38.8  1861   40.1  1874   53.1  1976   55.4  1997   44.7  1931   67.5  1899   70.3  1990   67.0  1927   221.2  1896   168.5  1955   187.1  1911   243.5  1969   960.0  1858
   64.5  1891   43.7  1909   48.9  1938   33.8  1997   37.8  1975   38.7  1995   52.3  1876   54.6  1972   44.5  2015   67.0  1931   68.0  1879   66.8  1941   220.4  1985   168.0  1845   186.2  1898   241.6  1913   957.0  1880
   64.3  2006   42.3  1973   48.7  1969   33.6  1861   37.4  1915   38.5  1886   52.3  2006   54.5  1968   42.8  1851   67.0  1902   65.3  1964   66.4  1838   219.8  1932   163.0  1974   184.8  1972   240.5  1910   956.4  1851
   62.2  1987   42.2  1964   48.1  1854   32.2  1921   35.7  1936   37.8  1992   52.3  1966   54.4  2013   42.5  1854   66.9  1842   64.8  1922   65.1  1950   219.5  1839   161.8  1975   184.3  2006   236.3  1902   949.8  1917
   62.2  1955   42.1  1888   47.6  1837   31.8  1881   35.4  1848   37.3  1942   51.3  1964   54.1  1857   42.0  1906   65.5  1908   63.1  1993   65.1  1947   219.5  1889   161.6  1938   183.0  1886   233.5  1849   948.8  1952
   59.7  1847   41.5  2012   46.8  1943   31.1  1892   35.4  1887   37.1  2010   50.0  1917   50.2  1870   41.9  1848   64.0  1857   62.2  1948   64.0  1988   213.7  1907   161.0  1841   182.6  2013   225.5  1897   948.5  1857
   58.6  1897   41.4  1847   46.5  1853   31.1  1854   35.3  1939   37.1  1905   48.5  1969   50.0  1999   40.2  1860   63.8  1964   60.8  1856   63.5  1967   213.5  1976   160.9  1915   181.8  1947   224.6  2007   939.6  1989
   58.3  1898   40.8  1902   46.5  1849   30.0  1860   34.1  2018   37.0  1996   47.5  1994   48.9  1847   40.0  1996   62.9  1922   60.5  2004   63.4  1905   211.3  1968   159.6  1892   180.1  1994   223.8  1955   939.5  1904
   58.1  2017   40.7  1975   45.1  1869   28.3  1918   32.9  1959   36.6  1906   47.3  1972   47.1  1886   39.8  1911   61.9  1953   57.3  1955   61.3  1970   209.2  1888   159.6  1896   177.9  1932   222.0  1964   936.6  1921
   56.8  1907   40.1  1896   45.0  1975   27.5  2017   32.7  1919   35.2  1918   46.9  1870   46.4  1933   39.7  1895   60.9  1973   55.6  1862   59.5  1939   209.2  1973   159.4  2017   177.4  1864   217.8  1837   936.4  1893
   55.9  1879   38.0  2003   44.2  1961   26.8  1873   31.7  1935   34.9  1976   46.8  1977   45.1  1940   39.7  1914   60.3  1887   55.5  1957   59.1  1879   206.3  2006   157.5  1933   173.9  2022   213.8  2003   934.3  1844
   55.7  1889   37.6  1890   37.9  1918   26.7  1839   30.4  1880   34.7  1923   45.4  1984   40.4  1913   37.3  1941   59.9  1844   55.1  1934   54.4  1917   205.3  1905   153.8  1980   169.5  1899   213.8  1971   933.4  1953
   54.7  1935   36.9  1986   36.4  1847   26.4  2007   29.4  1853   33.2  1932   45.1  1990   39.7  1932   36.5  2002   59.5  1947   54.8  1909   54.1  1890   204.9  1841   148.1  1946   169.5  1981   211.9  1921   928.0  1972
   54.1  1963   36.0  1952   36.4  1931   25.5  1912   29.3  2008   33.2  1920   41.6  1982   39.6  1864   35.2  1889   58.5  1969   53.1  1855   50.9  1846   204.7  1855   147.2  1887   168.2  1887   207.6  1958   927.8  1902
   51.4  1911   35.9  1930   35.7  1892   24.8  1946   28.6  1991   30.5  1868   39.8  1935   37.7  1869   34.9  1907   53.8  2003   50.0  1851   50.6  1853   203.2  1927   146.1  1875   166.2  1925   205.6  1989   918.0  1842
   51.0  1896   33.9  1895   32.7  1973   24.3  1974   28.1  1871   30.5  1885   39.4  2005   37.4  1991   34.9  1971   52.3  1997   49.9  1904   50.6  1943   199.4  1858   144.9  1869   159.5  1885   205.4  1973   916.4  1889
   50.2  1880   31.5  1858   31.9  1893   24.0  1865   27.7  1984   29.3  2021   38.7  1885   34.7  1959   32.1  1986   52.2  1856   46.0  1956   50.2  2010   198.5  1929   144.5  1918   157.6  1996   205.4  1894   907.8  1975
   47.1  2022   31.3  1965   29.8  1870   23.9  1844   26.7  1896   27.3  1891   38.2  1869   32.0  1899   31.4  1929   48.8  1975   45.7  1889   49.1  1840   197.0  1953   138.7  1936   154.5  1919   204.6  1867   905.7  1964
   46.6  1940   28.1  1917   28.5  1924   23.6  1984   26.6  1876   26.7  1889   33.5  1898   30.8  1984   31.2  1888   48.4  2007   43.1  1925   47.0  1892   196.1  1944   138.5  1870   143.5  1869   202.5  1957   876.3  1870
   46.3  1929   25.6  1959   27.7  1944   23.6  2021   26.3  1980   26.3  1941   32.5  1955   28.7  1983   30.7  1910   46.1  1962   40.1  1896   46.4  1963   191.4  1845   138.3  1929   142.9  1870   201.0  1922   875.7  1933
   45.8  1905   25.6  1979   26.8  2012   23.6  1981   26.0  2001   24.7  1884   25.8  1989   27.0  1955   27.3  2014   46.0  1985   39.2  1989   46.2  1844   186.8  2019   137.9  1956   138.8  2003   199.3  1889   875.6  1971
   44.9  1855   24.2  1993   25.7  1840   16.7  2020   24.5  1851   23.4  1940   24.6  1983   25.6  1880   27.1  1843   44.3  1904   32.4  1958   40.9  1975   171.3  1934   134.7  1840   132.8  1984   197.9  1879   840.8  2003
   42.8  1953   23.5  1985   22.5  1953   16.6  1852   22.8  1844   23.1  1988   24.2  1919   24.8  2003   25.7  1959   43.9  1879   29.7  1983   40.0  1851   160.8  1940   128.6  2020   132.3  1913   188.1  1855   824.7  1955
   41.8  1964   22.3  1921   22.3  1850   14.8  1938   22.5  1895   23.1  1921   23.4  1878   24.3  1976   25.4  1865   42.9  1978   29.3  1945   39.8  1933   152.0  1847   126.6  1844   124.3  1983   181.9  1937   823.9  1887
   41.4  2019   18.0  1891   18.7  1852   12.8  1840   20.5  1836   21.9  1887   22.8  1913   22.5  1995   22.7  1855   35.0  1972   27.8  1942   38.0  1926   136.6  1891   126.6  1853   117.0  1995   173.8  1904   821.5  1973
   36.6  1881   17.4  1934   15.0  1929   12.3  1980   18.8  1994   19.8  1925   17.9  1868   21.5  1981   20.1  1894   29.0  1951   27.7  1937   31.2  1843   130.5  1964   111.9  1893   112.3  1976   169.2  1851   801.8  1855
   30.9  1997   10.0  1932    6.2  1856    5.6  1842    5.7  1859   16.5  1865   17.7  1863    4.0  1947   16.0  1972   15.9  1946   25.2  1867    ---  2022     ---  1836    92.1  1852   100.8  1955   149.1  1972     ---  2022
