Areal values from HadUK-Grid 1km gridded climate data from land surface network
Source: Met Office National Climate Information Centre
Monthly, seasonal and annual total duration of bright sunshine for Scotland N
Areal series, starting in 1919
Last updated 01-Dec-2022 10:41
    jan  year    feb  year    mar  year    apr  year    may  year    jun  year    jul  year    aug  year    sep  year    oct  year    nov  year    dec  year     win  year     spr  year     sum  year     aut  year     ann  year
   50.9  2001   95.4  1975  154.4  2022  210.0  1942  225.4  2008  235.2  1970  212.0  1955  232.7  1947  139.3  1996  104.8  2016   62.0  1925   39.0  1995   150.5  1963   484.7  2020   577.9  1995   270.1  1959  1319.6  1955
   45.7  1963   93.5  2003  141.6  1929  200.6  2020  223.5  1994  224.9  1920  187.1  1990  210.7  1976  133.9  1959   99.8  1939   57.9  2011   38.2  1920   147.6  1930   484.5  1942   539.7  1955   256.2  2003  1307.3  2018
   42.2  1991   91.0  2018  138.1  1923  197.0  2021  220.0  1992  224.2  1949  183.4  2013  203.6  1995  131.0  1928   93.6  1959   56.2  1989   34.8  1960   145.8  2003   479.1  2008   486.5  2009   248.3  2016  1254.9  2003
   41.4  1941   90.9  1986  131.3  1931  195.1  1962  219.6  2018  220.6  2009  180.1  1995  179.5  1997  125.1  1933   92.7  2003   54.2  1993   33.8  1972   145.2  1947   477.2  1929   486.3  1947   245.9  1928  1253.1  2009
   41.3  2021   86.5  1968  126.1  1953  188.7  1974  218.4  1948  213.2  1940  172.9  2014  178.5  1968  122.2  1987   91.5  1973   54.1  2018   33.0  2007   143.1  1985   475.2  1948   480.8  1976   242.8  1996  1225.5  1995
   41.2  1947   86.3  1930  125.0  2003  175.4  1954  218.4  2000  212.5  1936  172.7  1989  178.3  1938  121.8  1997   86.9  1971   54.0  2003   32.9  1961   139.7  2001   471.3  2018   477.0  1997   238.2  1998  1177.2  1989
   39.5  2009   83.4  1963  124.0  1935  174.7  2015  216.4  1946  205.0  2018  170.3  1983  166.6  2003  121.8  1960   86.7  1946   53.5  1926   31.1  2001   138.7  1959   462.7  2009   469.2  2018   233.1  1939  1171.6  1975
   39.5  1929   81.4  1959  123.9  1956  172.0  1984  213.6  2009  200.9  1925  170.2  1935  159.3  1977  120.5  1971   86.0  1965   51.9  1968   31.1  1953   138.1  2018   458.9  2007   468.5  1968   232.9  1971  1169.4  1959
   39.1  1977   79.6  1979  120.2  2007  170.4  1981  213.6  1951  200.1  1934  169.8  1926  154.2  1944  117.8  1934   85.9  1936   51.2  2016   30.6  1957   137.0  1975   446.9  1935   464.7  1920   231.5  1997  1167.3  1977
   37.0  2017   79.6  1960  120.0  1954  164.3  2007  209.0  1935  196.7  1967  168.2  1972  153.6  1966  117.6  1991   85.4  1922   50.9  1976   29.3  1977   135.4  2021   444.4  1974   462.1  1977   228.7  1958  1163.2  1947
   37.0  1952   79.2  1985  119.4  2017  162.6  1929  204.9  2017  194.2  1995  164.6  1982  152.8  1984  116.2  2004   85.4  1972   49.9  1958   29.2  1946   134.5  1977   443.3  2001   456.6  1921   227.8  1926  1155.4  1968
   37.0  1925   77.9  2013  119.0  1948  161.8  2013  203.0  2012  192.5  1957  162.2  2006  150.5  1950  115.0  1949   84.2  1998   49.2  1965   28.9  1943   133.2  1960   443.1  1955   448.9  1949   225.2  2019  1154.6  2016
   36.9  1946   76.0  1955  118.6  2001  160.1  1955  202.5  1937  190.2  1930  160.6  1943  150.5  2004  114.4  1924   84.1  1975   48.3  1961   28.8  1935   133.0  1986   435.8  2015   446.7  1925   224.5  2015  1154.4  1997
   36.3  1961   75.1  2021  113.9  1974  159.1  2018  201.4  1942  188.1  1969  156.3  2018  150.5  1999  112.4  1958   84.0  2015   47.0  1960   28.8  1927   130.0  1961   434.5  2016   446.5  1975   224.1  1987  1153.4  2008
   36.1  1959   74.8  1947  113.0  1941  158.3  2019  200.3  1980  187.3  1921  154.4  1976  145.9  1939  111.1  2015   81.9  2019   46.8  1996   28.6  1984   129.7  1955   434.4  1954   445.1  1926   223.0  1924  1149.5  1926
   35.9  1933   72.6  2017  112.3  2004  158.2  1968  195.5  2016  186.6  1955  154.2  1963  145.8  1973  109.5  2003   81.0  1920   46.7  1950   27.7  2006   127.4  1968   431.0  1951   444.5  1933   222.2  2010  1146.8  1919
   35.8  2019   71.1  2016  110.8  1934  157.0  2011  192.7  1975  185.8  1951  152.9  2021  142.0  1945  109.5  1998   80.0  1950   44.7  2010   27.6  2009   127.1  1996   430.7  2012   443.3  1936   222.0  1936  1146.6  1929
   35.8  1997   70.4  1977  109.7  2015  157.0  1956  191.1  1982  184.6  1933  152.7  1999  141.2  1955  109.0  1919   79.9  1928   44.5  1998   27.4  1996   126.6  1964   427.2  1962   442.7  1969   221.4  2000  1143.4  2020
   35.8  1955   69.9  2008  109.4  2012  155.6  2008  190.7  2020  183.8  1986  149.2  1971  140.7  2016  108.4  1994   79.9  2010   44.3  1935   26.7  2010   126.5  2017   427.1  1946   441.6  2003   221.2  2018  1142.6  1936
   35.3  1985   69.6  1964  109.1  1969  154.4  1921  190.0  1977  183.6  1975  149.2  1919  139.9  2020  107.0  1993   78.5  1985   44.1  2019   26.7  1969   126.2  1979   427.0  2017   440.6  1989   220.4  1923  1138.1  2013
   35.1  1930   69.5  1994  108.9  1919  153.9  2003  188.8  1955  174.3  2022  148.8  1950  137.3  1975  106.9  1989   78.5  1997   44.0  2012   26.6  1932   124.7  2008   425.3  1953   437.6  1983   220.0  1972  1137.9  1921
   34.8  1940   68.5  1970  108.8  1937  152.6  1957  187.5  1989  174.0  1968  148.5  1947  136.4  1933  106.0  1974   78.2  1923   43.9  1952   26.4  1948   123.2  2013   420.0  1994   436.8  1982   218.8  1989  1136.8  1920
   34.7  2012   67.8  1950  107.0  1972  152.3  2009  186.4  1959  173.3  1939  148.3  1921  135.9  1927  105.7  1979   76.7  1952   43.5  2009   26.2  1929   122.0  2010   419.6  1956   434.7  1970   218.4  1973  1136.4  1950
   34.3  1965   67.7  1927  106.7  2014  150.8  1966  185.2  1990  170.9  1960  147.5  1956  135.3  1931  104.1  2006   76.5  1945   43.5  1988   26.0  1963   121.9  1978   417.5  1981   433.9  1950   217.2  1960  1135.1  1960
   33.8  1951   66.7  1981  105.7  1958  149.5  1925  184.8  2001  170.5  1959  147.4  1997  135.1  1919  103.6  1951   76.3  1995   43.2  2000   26.0  1955   121.9  2011   417.4  2000   430.7  1927   214.7  2012  1133.5  1951
   33.5  1939   66.5  2001  104.8  1965  148.6  1990  183.9  1919  167.9  1928  147.0  2009  135.0  1926  103.4  1939   76.2  1948   43.0  1948   25.7  1987   121.6  1962   415.2  2003   430.5  1934   214.6  1948  1132.8  1948
   33.3  2011   66.3  1978  103.1  1930  148.4  2006  183.5  1988  165.5  1974  145.1  1994  131.4  1937  103.2  1931   75.7  1947   42.6  1959   25.6  1938   121.1  1970   414.4  2021   428.1  1919   214.6  1919  1132.1  1994
   33.3  1960   64.3  1949  102.9  1927  148.2  1969  181.0  1950  165.1  1982  141.8  1962  131.3  2012  103.2  1955   75.3  2000   42.5  1929   25.5  1937   118.3  1936   413.1  1921   423.1  1971   214.2  1961  1131.6  1963
   33.2  2006   63.3  2010  102.6  2016  145.9  2005  179.7  1926  164.1  1956  141.6  1934  129.8  2014  102.9  2000   75.0  1987   42.4  1955   25.3  1951   117.2  1950   411.7  1984   420.8  2021   213.5  1993  1131.4  2000
   33.0  1989   63.2  1957  101.8  1973  144.7  1952  179.6  1984  164.0  1992  141.0  1977  129.5  1991  102.6  2002   74.5  1926   42.4  1923   25.1  1989   115.6  1940   408.3  2002   420.1  1972   212.7  1920  1130.5  1949
   32.7  1932   63.1  2004  101.7  1963  144.0  1998  178.2  2006  164.0  1927  140.9  2008  128.7  2022  102.2  1944   73.8  1927   42.1  1927   25.1  1933   115.2  1973   407.9  2013   419.0  1999   212.3  1979  1128.6  1935
   32.6  1988   62.5  1940  101.0  1947  143.7  1936  176.3  1978  162.3  1989  140.4  1958  128.6  1971  101.1  1961   73.7  1924   42.0  1921   25.1  1994   114.7  1921   406.8  1980   419.0  1956   211.0  1975  1125.8  1976
   32.5  2018   61.9  2011   99.9  1959  143.3  1953  175.9  1996  162.3  1941  139.8  2017  128.0  1946  100.5  2020   73.0  2018   41.8  1932   25.0  1976   114.5  1929   405.5  1937   417.9  2013   211.0  1934  1120.6  1969
   31.6  1996   61.8  1983   99.1  2013  143.2  2002  175.8  1932  162.0  1932  135.0  1991  127.4  1932   99.9  1923   72.3  1937   41.5  2022   25.0  2002   113.1  1997   405.0  2011   414.5  1986   209.3  1922  1120.3  1974
   31.6  1950   61.7  1932   99.0  1987  140.0  2001  175.5  1921  161.7  1977  135.0  1924  127.0  1969   99.8  1926   72.0  1951   40.8  1945   24.7  1981   113.0  1932   403.8  1923   412.4  1940   209.2  1946  1117.7  2021
   31.1  2010   61.5  1969   98.5  1949  139.8  1922  175.5  1958  158.5  2006  134.9  1948  125.3  1974   99.7  1936   71.6  1964   40.1  1966   24.4  2008   112.0  1954   401.4  1963   410.9  1967   208.0  1949  1110.9  1972
   31.0  1919   60.8  2014   98.3  1986  138.6  1963  174.7  2010  156.0  2021  133.7  1920  124.9  1965   99.3  2013   71.5  2012   39.7  1944   22.8  1997   111.3  1949   401.1  2010   410.8  1974   207.6  2002  1110.7  2006
   31.0  1964   60.7  1919   98.1  2008  137.9  1970  174.4  2007  155.7  1963  131.1  2011  122.5  2000   99.3  2012   71.3  1979   39.5  1942   22.8  1930   111.0  1928   400.4  2019   406.6  2022   207.2  1994  1109.7  1971
   30.3  1972   60.6  1982   97.7  1976  137.7  1948  174.3  1971  153.1  1929  130.9  1965  122.5  1983   99.2  2019   70.3  1981   39.3  1949   22.7  1968   110.8  1982   399.8  1989   406.3  1938   206.7  1950  1108.9  1956
   30.3  1962   60.6  1976   96.8  2009  136.5  1951  174.3  1961  153.1  1996  130.9  1927  121.0  1921   98.9  1938   70.1  2008   39.3  1920   22.6  1964   110.1  2016   399.5  1958   405.6  2014   206.3  1945  1098.5  1925
   29.6  1943   59.9  1936   95.0  1962  136.5  2016  174.1  1960  150.1  1997  130.6  1952  119.8  2002   97.8  1972   69.8  2002   39.2  1933   22.3  1924   108.8  1957   396.0  1930   402.4  1935   205.3  1933  1098.5  1927
   29.6  1936   59.8  1989   94.9  1970  136.3  2014  173.2  2002  149.6  1924  129.8  1966  119.1  1992   97.7  2010   69.7  1967   39.1  2013   22.3  2012   108.6  1991   395.7  1990   402.3  1960   204.2  1937  1097.2  1982
   29.5  1956   59.3  1928   94.7  1999  136.1  1923  172.9  1929  148.8  1988  128.5  2003  119.0  1925   97.4  1937   69.5  1919   38.3  2014   22.3  1922   108.1  2006   393.8  1959   399.8  1932   203.9  1951  1096.3  2019
   29.4  1980   58.9  1961   94.6  1975  134.5  1965  171.3  2011  147.4  1998  128.0  2000  118.8  2009   96.7  1973   69.5  1986   38.1  1975   22.3  2004   108.0  2019   392.8  1919   398.0  2006   203.5  2006  1095.8  1946
   28.8  1973   58.9  1966   94.3  1943  133.2  2010  167.1  2004  147.1  1945  127.6  1969  118.7  2001   95.8  1954   68.6  1990   37.9  2020   22.3  2000   107.3  1989   392.2  2006   394.6  1962   203.1  1925  1094.3  2015
   28.5  1957   58.6  1942   94.2  1955  132.3  1991  166.6  1922  146.7  1964  126.8  1925  118.5  1986   95.5  1922   68.6  1941   37.6  1941   22.1  2018   107.0  1927   391.5  2022   393.0  2000   202.5  1931  1094.1  2012
   27.8  2015   58.4  1962   94.1  1993  129.0  1939  165.2  1930  146.7  2007  125.6  1975  118.3  1994   95.5  1948   68.6  1938   37.3  2006   22.0  1940   106.9  1994   389.3  1982   392.1  1951   201.7  1952  1092.3  2010
   27.6  1948   57.1  1929   94.0  1989  127.8  1999  163.4  1936  146.5  2003  125.3  1960  117.7  2005   95.0  1969   68.1  1925   37.2  1974   21.8  2014   106.9  1933   389.2  1988   391.3  1994   199.5  1965  1092.2  2001
   27.5  1992   56.4  1996   93.5  1952  127.7  1930  163.1  1943  146.4  1985  123.5  1933  115.7  1962   94.6  1953   68.1  2007   37.1  1953   21.7  2021   106.3  2004   389.1  1952   390.5  1945   199.2  1941  1088.0  1930
   27.5  1945   56.1  2006   93.4  2020  127.7  1980  162.0  1940  145.3  1971  123.2  1936  114.7  1972   94.4  2014   67.6  2005   37.0  1934   21.5  1982   106.2  1952   383.8  2005   389.7  1991   199.0  1955  1086.2  1939
   27.5  1926   55.7  1954   93.1  2010  127.6  1946  161.5  1993  144.8  1983  122.5  1996  113.7  2015   94.4  1999   67.2  1984   36.9  1978   21.5  1962   106.0  1941   383.5  1926   389.2  1939   198.5  1953  1083.7  1933
   27.4  1979   54.5  1953   92.8  1964  127.2  2000  161.1  1963  144.3  1979  121.9  1949  113.6  1922   94.1  2018   66.8  1953   36.8  1972   21.2  2019   105.4  1956   381.9  1977   387.7  1963   197.2  1991  1082.4  1962
   27.3  2003   54.3  1972   92.6  2018  125.3  1961  161.1  1995  143.8  1919  120.0  1974  113.1  1964   93.0  1941   66.7  1956   36.7  2005   21.2  1958   104.7  1969   379.9  1975   384.9  1930   197.1  2013  1081.7  1937
   27.2  1937   53.2  1995   92.1  2019  123.1  1967  161.0  1981  143.3  2019  119.7  2004  112.1  1981   92.7  1963   66.3  1958   36.6  1969   21.1  1979   103.7  2009   379.7  1969   384.8  1984   197.1  2009  1080.9  1958
   27.1  1924   52.6  2007   91.9  1933  121.1  1988  159.9  2005  142.5  2000  119.7  1964  111.9  2021   92.4  1920   65.5  1994   36.4  1936   21.1  2003   103.2  1972   379.6  1931   384.2  1943   196.9  2011  1080.4  1986
   26.6  1931   52.5  2015   91.9  2002  120.8  1950  158.0  1945  140.6  1953  119.3  2005  110.6  1953   92.4  2016   65.1  1976   36.3  1995   20.9  1965   103.1  1925   379.4  1950   384.0  1966   196.9  1976  1075.5  1996
   26.6  1999   52.5  1973   91.4  1939  120.6  1983  157.6  1957  140.3  1926  118.8  1923  110.6  2017   92.1  1977   64.9  1961   36.1  1919   20.8  1999   102.3  1995   375.8  1961   383.5  1990   196.9  1938  1074.2  1999
   26.4  1998   52.5  1948   91.3  1985  120.5  1949  156.3  1998  140.1  1978  117.8  1942  110.3  1928   91.7  1935   64.6  1931   36.1  1963   20.3  1959   102.1  2015   375.3  2004   381.5  2020   196.3  1944  1071.5  2007
   26.3  1978   52.5  1991   90.3  1982  120.3  1986  156.1  1985  138.9  1937  117.6  1973  110.1  2013   90.3  1943   64.4  1954   35.9  1970   20.2  1992   101.2  1946   374.8  1941   380.1  1992   196.0  1947  1069.3  2011
   25.9  1970   52.2  1935   88.8  1979  120.3  1926  156.0  1953  138.5  2016  117.6  1929  109.5  2010   89.3  2009   64.2  2009   35.8  1930   19.9  1952   100.8  2007   374.0  1999   379.6  1964   195.3  2014  1066.7  1970
   25.8  1975   51.9  2000   87.8  1960  119.8  1924  155.6  1941  137.6  1935  116.7  2010  109.4  1970   89.0  1957   62.5  2014   35.2  1979   19.6  1970   100.6  1980   373.6  1966   376.2  1973   194.8  2004  1066.7  2014
   25.5  2000   51.7  1921   87.4  1920  119.7  2022  155.5  1997  137.2  1972  116.2  2015  108.9  1940   89.0  1945   62.5  2022   35.2  2002   19.5  1919   100.6  2014   373.3  1957   373.4  2008   192.8  1995  1066.4  1934
   25.5  2014   51.7  1937   86.1  1981  119.4  1971  154.7  1967  137.2  1962  116.0  1968  108.8  1967   88.9  1975   62.4  1929   35.2  1947   19.2  2015   100.6  1942   372.9  1939   372.4  1957   192.6  1954  1064.9  2017
   25.4  1982   50.4  1999   84.5  1988  119.1  1977  154.1  1966  136.6  1954  115.6  1984  107.9  2018   88.9  1986   62.1  2006   35.0  1928   19.1  1978   100.5  1966   372.9  1968   370.5  1944   192.4  2005  1062.2  1953
   25.3  1954   50.3  2020   83.8  1995  119.0  1938  152.5  1939  136.4  2020  113.3  2019  107.7  1936   88.8  1946   61.7  1940   35.0  1924   19.0  2020    99.5  1931   372.0  1936   369.5  1996   192.3  2022  1056.4  1940
   25.2  1974   50.1  1980   83.6  1926  118.4  1989  151.9  1949  135.6  1943  112.3  1986  107.5  1956   88.7  1964   59.6  1977   34.7  1931   18.8  1925    98.3  1951   370.9  1949   369.4  1928   192.2  1985  1054.1  2002
   25.0  1920   50.1  1931   83.2  1921  118.3  1958  151.9  1987  134.5  1950  110.4  1932  107.1  1982   88.3  2022   59.6  1999   34.5  1937   18.8  2005    98.3  2000   368.8  1971   368.5  1958   191.2  1964  1049.4  1984
   24.9  1921   50.1  2019   83.1  1946  118.2  2012  151.5  1999  134.1  2011  107.9  1944  106.9  2019   88.1  2005   59.4  1992   34.3  2017   18.7  1998    98.2  1939   367.9  1960   368.2  2004   190.4  2020  1047.5  1942
   24.4  1984   49.9  1956   83.0  1997  117.8  1994  151.4  2015  130.3  1961  106.5  1951  106.1  1960   87.9  1981   58.8  1980   33.7  1946   18.7  1931    98.2  2002   367.0  1927   367.7  1959   190.3  1981  1047.1  1990
   24.1  1942   49.9  1997   81.6  1978  117.4  1945  151.1  1947  129.9  2002  105.4  1967  106.0  1920   87.9  1942   58.7  1963   33.3  1994   18.6  1971    98.1  2012   366.9  1978   367.5  1937   190.0  1974  1046.0  1973
   24.0  1995   49.8  1987   80.9  1951  117.1  1972  150.9  1952  128.7  2001  105.3  2020  105.8  2008   87.5  1968   58.7  2013   33.3  1985   18.5  1967    97.3  1988   362.2  1922   366.0  1965   189.5  1969  1045.9  2004
   23.8  1986   49.8  1945   78.9  1980  117.1  1928  149.9  2019  128.5  1931  105.1  1922  105.5  1989   86.9  2017   58.2  2001   32.8  1977   18.5  1993    97.1  1990   362.1  1992   364.0  2016   189.2  1986  1044.1  1981
   23.6  1987   49.0  1967   78.7  1994  116.8  1927  149.7  1938  128.2  1958  103.6  2022  105.1  1985   86.9  1988   57.9  1969   32.5  1967   18.3  1939    96.7  1953   362.0  1993   363.5  2019   187.4  1963  1043.5  1991
   23.4  1990   48.6  1971   78.0  2005  115.7  1920  148.6  1920  127.9  1994  102.9  1938  104.0  1957   85.1  1947   56.7  1996   32.5  1954   18.3  1985    96.5  1983   357.7  2014   363.1  1924   185.8  1929  1041.4  1954
   23.3  1958   48.6  1990   77.7  1950  114.7  1940  147.2  1927  127.6  1948  102.5  1941  103.5  1961   85.0  2001   56.2  1934   32.2  1940   18.1  1934    95.9  1981   357.1  1998   360.7  1929   184.8  1988  1040.6  1932
   23.1  2013   48.5  1926   77.0  1940  113.9  1935  147.0  2013  126.7  2008  101.8  1978  103.0  1998   84.9  2008   56.1  1982   32.2  1990   18.0  1954    95.7  1999   356.4  1973   355.8  2005   184.7  2008  1036.7  1945
   22.9  1928   48.3  1946   76.7  2011  111.6  1932  144.9  1973  125.1  1938  101.4  1945  102.9  1949   84.1  1921   55.8  1983   32.1  1981   17.8  1941    95.7  1948   355.6  1970   355.8  2011   184.5  1977  1032.5  1967
   22.3  1968   47.6  2005   76.4  2021  111.2  1976  144.7  1968  125.1  1991   99.3  1988  102.4  1987   83.8  2011   55.7  1978   31.8  2004   17.8  1928    94.9  1945   355.3  1943   353.7  1941   183.3  1999  1031.2  1923
   22.3  1953   47.4  1951   76.3  1961  109.7  1973  143.8  1979  124.4  2013   97.9  1930  102.1  1923   82.6  1980   55.7  1989   31.3  1992   17.8  1949    94.8  1926   355.2  1932   347.9  2010   182.9  1942  1029.6  1957
   22.1  2004   47.2  2022   76.0  1967  109.0  1978  141.8  1974  123.2  1946   97.2  1937  101.1  1990   82.6  1956   55.5  1942   31.2  1997   17.7  1923    94.7  1937   354.1  1987   346.8  1931   182.4  1968  1029.6  1941
   22.1  1927   47.0  2012   75.1  1971  108.0  1982  141.4  1931  121.8  2010   97.0  1992  100.5  1959   81.3  1990   55.5  1930   31.1  1982   17.6  1944    93.9  1976   353.8  1967   346.1  2002   182.2  1927  1029.3  1928
   21.9  1934   46.7  2002   73.3  1991  107.5  1959  141.2  1991  120.4  1981   96.7  1959   99.9  1958   81.1  1952   55.3  2011   30.9  1964   17.1  1926    93.5  1958   353.6  1940   345.8  2017   182.1  1990  1025.2  1938
   21.8  2008   44.5  1920   73.1  1942  106.9  1931  140.9  2021  120.1  2012   96.5  2002   99.7  1951   80.9  1976   54.5  1988   30.8  1986   17.1  1956    91.9  1944   352.3  1972   345.2  1946   181.8  1967  1024.3  1931
   21.4  2022   44.3  1933   72.8  1977  106.4  1993  139.0  1954  119.9  1987   95.6  2007   98.6  2007   80.9  1929   54.4  1944   30.3  1973   17.0  1950    90.2  2022   352.3  1965   344.8  2012   179.9  1921  1020.4  1961
   20.7  1966   44.2  1938   72.3  1925  106.3  1941  138.7  1956  119.4  1922   94.0  1946   96.8  1930   80.4  1985   53.9  1921   29.9  1939   16.8  2016    89.5  1935   351.7  1920   341.2  1985   179.1  1935  1020.0  1952
   20.6  1949   44.1  1992   71.8  2000  106.1  1960  138.0  1933  118.8  2005   93.4  2012   94.6  1935   80.1  1995   53.7  1949   29.7  2008   16.8  1942    89.1  2020   349.4  1947   340.9  2007   173.7  1956  1020.0  1964
   20.5  1969   43.9  1952   71.1  1945  104.5  1996  137.0  1962  117.3  1980   93.2  1981   93.9  1996   79.9  1950   53.4  1955   29.4  2015   16.7  1966    89.1  1920   349.2  1925   338.1  1922   171.1  1940  1016.2  2005
   20.5  1976   43.8  1925   70.6  1924  103.2  1987  136.3  2003  116.4  1984   91.2  1928   92.0  1979   79.6  1967   53.0  1962   29.4  1938   16.4  2011    89.0  1987   347.8  1996   336.5  1948   169.6  1980  1011.1  1985
   20.4  2007   42.8  1944   70.0  1968  102.6  2017  134.8  1934  115.8  1999   90.3  1940   91.0  1954   77.7  1992   52.5  1966   29.3  1999   16.1  1945    87.5  2005   346.8  1991   336.2  1988   168.4  1992  1009.7  1966
   20.4  2002   42.5  1941   68.8  1966  101.6  1944  134.6  1928  115.7  1976   90.0  1970   90.6  2011   77.6  1970   52.4  1993   29.3  1962   15.7  1936    87.4  1938   346.5  1945   334.4  2015   167.9  2017  1002.5  1992
   20.2  1944   41.1  1922   68.6  1944  100.0  1919  133.4  1964  112.8  1973   89.7  1985   90.0  1929   77.2  1940   52.0  2020   28.7  1991   15.7  1974    87.0  1934   346.4  1986   332.6  2001   167.8  2001  1000.6  1965
   19.9  2016   40.1  1923   67.7  1932   99.9  1964  133.2  1924  110.2  1965   88.5  1980   89.6  1952   77.0  2021   51.0  1991   28.4  1922   15.6  1983    86.8  1992   344.9  1985   331.9  1998   167.2  1978   999.7  1998
   19.3  1935   40.0  1934   67.3  1996   99.3  1934  133.1  1976  109.6  1923   87.9  1954   88.9  1980   76.4  1982   50.1  1932   28.2  1951   15.6  1986    85.9  1971   344.9  1934   330.5  1923   165.6  2007   997.3  1924
   19.2  1981   39.7  2009   66.0  1938   98.8  1997  129.6  1923  108.4  1944   85.2  2001   88.9  1941   75.0  2007   49.0  1970   28.2  1980   15.6  1947    84.5  1965   341.9  1976   330.5  1953   165.1  1943   996.9  1943
   19.0  1994   39.7  1958   65.6  2006   98.6  1933  128.2  1972  108.2  1952   84.8  2016   88.9  1934   74.6  1978   48.8  1943   27.6  1984   15.1  1991    84.2  1967   338.6  1995   328.4  1952   164.6  1932   996.3  1988
   18.7  1922   39.1  1939   64.9  1936   97.9  1943  127.8  1986  105.0  1947   83.9  1979   88.8  1993   73.0  1925   48.4  1960   27.4  1983   14.6  2017    83.0  1924   337.4  1997   325.7  1981   163.5  1982   991.6  1922
   18.7  1923   39.0  1988   63.1  1957   97.5  1985  127.4  1925  104.5  2015   83.0  1931   88.0  1988   72.7  1932   46.9  1957   27.0  1987   14.5  1988    81.1  1923   334.7  1938   320.3  1979   162.8  1930   990.3  1979
   18.5  1967   38.8  1984   62.3  1928   97.2  1947  122.7  1970  103.0  2014   81.5  1998   88.0  1943   71.6  1930   46.8  2004   26.0  1943   14.3  2013    80.2  1943   329.6  1979   317.6  1978   162.5  1970   975.0  1987
   18.1  1993   38.2  1924   61.9  1990   97.0  1979  122.3  1969  100.6  1966   79.3  1953   78.5  1924   68.5  1983   46.8  1974   25.8  1957   13.9  1990    78.9  1984   328.6  1933   315.4  1954   161.7  1957   963.4  1978
   17.7  1938   34.1  1974   60.1  1984   96.0  2004  117.3  2022   97.9  2004   77.3  1993   77.7  1963   68.2  1962   46.7  2017   25.5  1971   13.6  1973    76.7  1998   326.1  1964   302.2  1961   161.1  1984   960.7  1980
   17.6  1971   33.8  1943   56.7  1998   94.3  1937  114.7  2014   97.3  1993   75.8  1957   77.2  2006   66.2  1927   44.1  2021   24.6  2001   12.8  1975    72.9  1974   323.5  1924   297.7  1987   155.8  1966   953.8  1983
   17.6  2005   29.8  1993   55.8  1922   93.7  1995  113.0  1965   95.4  2017   75.4  1987   75.7  1978   66.2  1984   43.2  1935   24.5  1956   11.6  1921    71.4  1922   314.0  1928   294.7  1980   151.7  1983   918.8  1944
   17.5  2020   27.6  1965   52.9  1983   92.7  1975  101.3  1944   95.3  1990   70.0  1939   74.1  1948   64.3  1965   43.0  1968   23.4  2021   10.0  1980    68.2  1993   273.8  1983   280.6  1942   150.4  1962   905.3  1993
   13.2  1983   27.5  1998   50.6  1992   91.5  1992  100.4  1983   92.5  1942   68.4  1961   70.2  1942   63.3  1966   41.0  1933   22.5  2007    ---  2022     ---  1919   271.5  1944   263.4  1993   144.5  2021     ---  2022
