Areal values from HadUK-Grid 1km gridded climate data from land surface network
Source: Met Office National Climate Information Centre
Monthly, seasonal and annual total precipitation amount for Scotland N
Areal series, starting in 1836
Last updated 01-Dec-2022 10:41
    jan  year    feb  year    mar  year    apr  year    may  year    jun  year    jul  year    aug  year    sep  year    oct  year    nov  year    dec  year     win  year     spr  year     sum  year     aut  year     ann  year
  352.4  1993  326.6  1990  345.6  1990  220.1  1947  215.1  2011  176.9  1877  196.2  1940  235.9  2014  271.8  1950  293.9  1983  309.4  1981  326.2  2013   790.9  2000   526.6  1990   464.7  2019   803.4  1981  2220.0  1990
  308.1  1983  317.0  1989  303.5  1994  208.7  1904  173.3  1986  175.9  1872  189.1  1939  231.9  1992  235.4  1863  279.8  2014  281.3  1977  325.8  2015   782.3  1989   506.2  1994   446.7  1985   716.4  1917  1980.2  1992
  301.9  2015  310.7  1997  303.1  1967  194.6  1927  166.5  2015  158.2  1856  183.5  1946  227.3  1868  235.1  1995  276.4  1935  281.0  1917  323.6  1898   779.6  1995   490.4  1967   443.8  1877   661.7  1980  1970.6  2011
  297.3  2007  307.9  1868  224.0  1979  188.9  1910  159.9  1922  157.9  1938  179.3  1988  225.2  1962  232.7  1981  276.1  1917  261.8  1991  315.4  1974   759.0  2020   461.2  2015   437.1  1903   651.1  1978  1964.2  2015
  297.3  2005  290.9  2020  218.1  1992  175.9  1950  157.2  2007  156.1  1966  177.6  1956  221.4  2019  227.1  2018  276.0  1938  260.5  1986  311.5  2011   738.2  2016   445.8  1986   433.7  1946   648.9  1938  1959.4  1999
  286.4  1928  287.8  1848  212.8  1882  175.7  1977  157.0  1958  151.7  1907  166.8  1918  217.9  1903  223.0  1982  275.4  2001  259.1  1861  310.4  1966   733.5  1868   444.5  1992   425.5  1956   631.8  1982  1938.3  1938
  284.2  2008  286.0  1998  212.1  1903  170.2  1919  149.7  2003  147.9  1838  163.7  2010  215.7  1985  217.0  1980  268.4  2008  258.7  1978  308.3  1852   729.6  2007   429.6  1979   420.2  1861   629.3  2006  1937.9  2020
  274.1  1863  266.9  2002  211.3  1876  168.1  1867  148.0  2022  144.9  1919  162.8  1970  213.0  1861  216.1  1978  264.5  1970  254.8  2006  298.9  2006   722.9  2014   427.7  2011   419.8  1918   618.1  1970  1913.1  1998
  272.3  1989  253.1  1894  208.3  1989  168.0  1994  136.6  1963  141.8  2017  162.5  1959  197.7  1989  212.8  1899  263.2  1890  252.1  1973  298.0  1949   708.3  2015   404.0  2006   418.0  1957   617.1  1984  1896.4  2004
  270.5  1995  244.8  2000  205.3  1861  166.6  1934  136.3  1923  141.4  1862  159.9  1871  194.4  1982  212.6  2004  261.4  1981  250.6  1979  295.6  1986   688.8  1990   403.6  1997   413.2  1890   614.8  1893  1861.4  1863
  267.4  1975  238.8  1995  204.6  1938  160.0  1951  133.7  2013  140.9  1980  158.7  1881  190.5  1930  208.8  1935  260.8  1967  249.9  1982  292.0  1999   682.2  1894   398.6  2009   412.7  1938   612.7  1935  1860.5  1903
  267.1  1932  233.3  1920  202.5  2015  159.2  1943  130.7  1925  140.7  1944  153.8  1903  188.4  1863  204.8  1885  252.7  2020  247.8  1992  287.6  1983   680.5  2005   391.1  1977   407.6  1838   604.1  1991  1845.3  1868
  264.6  1890  233.2  2022  200.4  1966  156.0  1863  125.6  1906  137.3  1848  152.8  2016  183.3  1941  203.8  1893  249.8  2000  247.6  1938  285.6  1900   674.1  2012   391.1  1999   404.7  2017   600.5  1869  1841.7  2008
  263.7  1976  218.5  1903  198.0  1986  155.7  1949  124.3  2009  136.6  1994  152.1  1957  182.2  1988  203.7  2011  248.1  1874  244.3  1947  273.7  1921   663.2  1993   390.8  2007   403.1  1961   597.8  1977  1834.4  2014
  262.9  1921  214.3  2014  197.2  2009  154.0  1915  124.1  1962  135.4  2004  150.9  1938  181.8  2009  201.7  1869  245.6  1862  241.7  1877  272.5  1954   659.4  2002   389.6  1910   400.1  1988   596.0  1995  1827.3  2005
  260.5  1916  207.7  1898  194.6  1968  153.4  1932  123.9  1920  134.5  1990  149.7  1953  181.1  1889  199.9  1990  245.5  1954  237.8  1869  272.1  1912   656.0  1998   387.8  1903   398.7  1846   595.4  1954  1814.6  1967
  260.4  1990  206.6  1992  193.9  2019  153.1  2006  123.8  2006  132.0  1999  149.3  1936  176.6  1923  196.8  1947  242.9  1998  236.5  2009  270.3  1994   655.6  2008   381.9  1934   396.4  1962   594.9  2001  1809.0  2006
  259.7  2020  206.3  2008  189.1  2008  140.7  2013  123.8  1966  128.2  1927  147.3  1985  173.8  1957  196.2  1872  240.8  1929  232.4  1999  263.1  1980   647.7  1999   381.3  2005   396.0  2009   591.2  2011  1807.5  2007
  255.2  1868  203.3  1869  189.1  1988  139.9  1965  123.6  1964  127.9  1945  146.7  1856  173.8  1874  195.5  1892  239.5  1903  232.3  1953  260.8  2014   630.8  1920   379.8  1882   395.2  1872   587.9  1872  1795.1  1898
  255.1  1852  201.1  1850  187.6  1997  139.1  1899  121.7  1884  127.2  1946  146.4  1879  173.0  2005  193.6  1969  238.8  2006  231.8  1996  259.2  1863   624.5  1975   376.1  1925   392.0  1980   584.3  1874  1788.6  1994
  254.5  1962  196.2  1943  187.4  1921  136.5  1975  121.5  1840  125.4  2002  146.0  1858  168.9  1929  192.6  1992  238.3  1942  230.8  1913  249.0  2004   621.0  1984   372.5  1920   391.0  1873   583.7  1992  1786.0  2000
  254.0  2000  191.1  1935  185.1  1859  135.4  1959  121.0  1944  124.8  2020  145.3  1934  168.6  1894  190.7  1839  237.9  1996  229.9  2015  248.1  1893   611.0  1863   371.6  1913   388.1  1924   577.6  2004  1780.0  1986
  248.5  1999  188.4  1866  184.7  1983  133.5  1985  120.3  1862  124.8  1972  144.5  1998  167.6  1949  190.4  1878  235.7  1934  229.1  1940  248.0  1936   610.3  1949   371.1  1966   388.0  1998   576.8  2009  1774.9  1989
  247.1  1923  186.2  1918  184.0  1896  132.6  1912  119.6  1999  123.8  1973  142.1  1873  163.8  1918  189.1  1874  234.8  1984  221.8  2005  247.9  1845   607.1  1983   370.6  1904   387.5  1923   576.3  2020  1769.8  1877
  247.0  1949  185.6  1999  182.8  2021  131.6  2004  118.1  1892  123.4  1913  141.8  2007  163.2  1956  186.2  1948  231.1  1923  221.2  1980  247.8  1866   603.3  1903   370.2  1927   386.6  2014   574.4  1950  1762.7  1982
  245.3  1974  184.9  1849  182.5  1978  129.6  1992  116.9  2019  121.4  1965  141.7  2009  163.0  2011  185.5  1861  229.7  1916  220.9  2017  243.2  1854   602.2  1981   367.8  1970   386.5  1948   571.4  2017  1754.4  2009
  242.9  1938  183.6  1877  177.9  1926  129.3  1925  116.8  1916  121.2  1890  141.3  1891  162.2  1883  183.8  1864  225.6  1860  219.2  1974  241.0  1993   601.9  1950   364.7  1868   385.7  1907   567.7  2008  1734.5  1923
  238.6  2004  183.4  1911  177.3  1913  127.8  1964  116.7  2005  119.8  1991  140.8  1894  161.9  1961  182.9  1908  223.9  1989  213.4  1844  237.1  1951   594.8  1916   363.9  1943   380.0  1862   564.8  2005  1733.4  1981
  238.2  1849  182.1  2016  177.0  1868  127.4  1990  116.4  1931  118.8  1896  139.7  1890  161.5  1964  182.7  1983  223.5  1980  211.7  1914  235.4  1955   591.4  2004   363.5  2019   380.0  2007   563.7  1969  1732.6  1949
  237.2  2002  182.1  1949  173.7  1890  127.2  1911  115.5  1954  118.5  1931  136.5  1924  161.3  1948  182.0  1984  222.2  2021  209.9  1928  235.2  1924   590.5  1967   361.2  1876   376.1  1894   562.3  1923  1732.1  1983
  234.0  1944  181.0  1945  173.2  1982  126.6  2005  114.2  1956  118.1  1846  136.2  2019  160.2  1910  181.0  2005  222.1  1930  207.1  1866  235.1  1929   588.9  1937   361.1  1922   375.5  2016   560.3  1899  1716.1  1979
  233.5  1994  177.5  1939  172.7  1842  126.4  1870  113.2  1982  116.4  1948  136.0  1861  159.9  1907  179.9  1924  221.0  1893  206.6  1912  231.0  1982   585.4  1853   358.2  1968   374.1  1881   559.9  1967  1710.0  1948
  233.2  1920  177.3  1928  170.3  1874  123.9  1900  112.3  1875  116.4  1998  135.6  1862  159.8  2007  179.9  1946  220.4  1845  205.8  1906  230.9  1956   583.9  1974   356.8  1874   373.3  1959   558.3  2018  1709.7  1954
  230.2  2016  176.9  1962  166.2  2007  123.2  1948  111.5  1872  114.3  1882  134.0  1900  159.5  2004  178.0  1918  219.9  1843  205.6  1970  227.2  1957   580.3  1925   355.3  1912   373.1  1964   552.9  1999  1708.2  1872
  229.0  2012  174.0  1889  166.1  1987  122.3  1953  110.7  1885  113.7  1928  134.0  2015  156.9  1891  175.6  1987  217.4  1995  204.7  1911  215.7  1873   572.3  1922   354.4  1921   373.0  1879   552.8  1861  1701.6  1970
  227.8  1927  174.0  1931  164.5  1905  121.8  1972  110.7  1997  113.1  2005  133.7  1931  156.7  1912  175.3  1975  217.0  1961  204.5  1884  214.8  1942   569.7  1848   353.5  1899   372.7  2004   550.5  1983  1698.9  1950
  227.5  1957  172.9  1970  163.9  1908  119.6  1843  108.1  1921  112.1  1954  133.7  1877  155.6  2017  174.8  1942  214.9  1968  204.3  1930  214.1  1990   567.4  1957   352.6  1926   371.0  1895   548.2  1996  1696.9  2017
  226.1  1884  172.7  1905  163.7  1995  118.9  1970  107.5  1973  111.6  1864  133.5  1961  154.2  1846  174.1  1927  213.6  2018  204.1  1972  213.6  1998   564.6  1898   350.0  1898   369.9  1992   546.8  1890  1690.6  2019
  221.3  1986  172.2  1925  162.9  1894  118.5  1933  106.2  1945  111.4  1962  132.7  1932  153.6  1850  172.8  1985  211.1  1836  203.2  1899  212.1  1836   556.8  1976   349.5  1906   368.5  1874   546.8  1929  1688.7  1988
  219.1  1981  171.3  1916  161.5  1897  118.4  1991  105.6  2020  110.1  2008  131.8  1882  153.3  1895  171.9  1840  210.6  2017  200.9  2008  212.0  1985   551.7  1962   346.9  1896   365.4  1940   543.3  2000  1681.3  1928
  215.5  1984  171.2  1864  159.2  1860  117.7  2012  105.1  1934  110.0  1901  129.5  1993  153.3  1943  170.9  2012  209.6  1877  200.8  2021  211.2  1914   551.0  1899   346.7  1982   365.0  1950   542.5  1932  1678.9  1995
  214.6  1843  171.0  1885  155.6  1902  116.9  1847  103.9  1914  108.2  1950  128.5  1980  152.6  1873  169.4  1979  207.4  1846  200.7  2022  210.5  2020   548.3  1884   346.3  1938   364.1  1990   540.7  1877  1678.2  1874
  214.0  2003  168.0  1908  155.1  2000  116.7  1896  103.8  1888  107.7  1961  128.2  1942  152.2  1890  168.0  1999  207.0  1943  200.3  1984  210.1  1979   545.9  1994   345.3  1914   362.3  1856   540.7  2021  1657.8  1943
  212.0  1930  166.4  1880  155.1  1920  116.5  1999  103.8  1910  107.6  1947  128.1  1849  152.0  1924  166.2  1919  205.0  2011  200.0  1883  209.3  1885   540.7  1943   345.2  1949   362.2  1868   539.6  1836  1655.5  1980
  208.2  1903  162.5  1961  155.0  1999  116.3  1914  103.5  1953  107.2  1959  126.9  1964  151.0  1942  164.6  1991  204.2  1909  199.6  1939  208.4  2019   536.6  1867   342.9  2014   362.0  1970   537.9  1979  1647.4  1974
  206.7  1866  162.0  1973  153.9  2020  115.8  1874  102.9  1979  107.1  2019  126.4  1846  150.8  1841  164.2  1964  203.2  1884  197.7  1850  206.8  1857   535.2  1866   341.7  1947   359.7  1891   533.4  1986  1638.6  1900
  205.7  1874  160.0  1946  153.2  1970  115.8  1859  100.8  2014  106.3  1916  125.4  1915  149.8  1904  163.6  1954  202.7  1873  197.3  1971  205.0  2012   533.9  1869   341.6  1963   359.4  1965   532.9  1930  1633.2  1935
  203.8  1906  158.7  1922  149.8  2002  112.4  1998  100.5  1902  106.0  1912  125.3  1979  148.7  1917  161.8  1891  202.2  1872  195.3  1888  204.5  1992   533.4  1958   341.6  2021   357.6  1896   530.0  1947  1632.6  1957
  201.7  1872  157.9  1914  148.6  1851  111.3  2022  100.4  1854  105.7  1981  125.1  1923  146.5  1960  161.7  1932  199.7  1971  194.6  1951  204.1  1841   533.0  1864   339.7  1995   356.9  1942   528.2  1990  1627.5  1893
  199.9  1934  157.4  1859  145.7  1998  109.7  1960  100.0  2021  105.3  1881  124.6  1906  146.2  1879  161.2  1923  199.3  2004  192.0  1998  202.1  1973   529.1  1923   337.3  1863   355.4  1929   528.0  1878  1619.0  2012
  198.7  2018  156.1  1988  143.2  1836  109.1  2000   99.7  1894  103.9  2015  123.9  2002  144.8  1933  159.9  1965  197.7  1854  191.0  2001  198.8  2003   524.9  1849   337.2  2002   355.2  1930   524.1  1927  1618.7  1962
  197.1  1937  155.5  1906  142.6  1898  108.2  2008   99.6  1898  103.8  1979  123.5  1951  143.7  1990  159.7  2010  194.8  1990  190.6  2000  197.6  1847   522.9  1992   337.1  1989   354.7  2015   522.2  1863  1618.7  1956
  196.7  1931  154.0  2004  140.2  1981  107.8  1922   98.4  1904  103.0  1952  123.0  1895  143.7  1951  159.4  1896  194.4  1888  190.5  2007  196.3  1877   519.8  2022   333.3  1932   354.2  1943   520.1  1903  1617.7  1966
  195.1  1900  152.4  1967  140.0  1957  107.8  1898   98.2  1878  102.3  1876  122.6  1855  142.6  1934  159.4  1917  194.2  1853  190.0  1893  195.8  1962   514.4  1915   331.1  1950   354.1  1882   519.9  1998  1612.5  1906
  193.9  1853  152.2  1950  139.0  2014  107.1  1836   97.3  1955  102.2  1935  121.9  1880  142.5  1892  158.0  1873  193.0  1932  189.5  1872  193.8  1884   511.2  1914   328.6  2000   349.6  1848   517.8  1948  1612.4  1912
  193.7  1988  151.1  1867  138.9  1878  105.8  1855   97.1  1976  101.0  1844  121.4  1974  142.0  1875  157.3  1955  192.9  1959  187.9  1932  193.0  1988   510.3  1931   326.4  1905   346.4  1953   510.9  2022  1611.8  1973
  191.6  1998  149.4  1907  138.3  1912  105.3  1997   96.8  1992  100.4  1917  121.4  1848  141.6  1952  157.0  1977  192.9  1867  187.7  1966  192.7  1883   505.2  1905   324.7  1902   345.9  1934   510.5  1943  1609.9  1934
  189.2  1873  148.3  1863  137.9  2005  104.7  1940   96.6  1924   99.9  1868  120.1  1950  140.3  1838  156.3  1988  191.7  1927  186.3  1954  191.1  1967   505.2  1852   322.8  1862   345.4  2005   509.4  1961  1608.7  1861
  187.6  1892  147.9  1837  136.7  1961  104.3  1996   96.4  1938   99.8  1847  119.4  1838  139.4  1919  156.2  2016  190.5  2022  185.6  1848  191.0  1891   502.6  1901   319.9  1897   345.3  2011   506.1  1884  1605.6  2016
  187.2  1859  146.1  1854  136.6  1993  103.1  2014   95.8  1886   99.7  1860  119.2  1887  137.9  2016  154.8  2009  189.2  1936  184.7  1959  190.7  2016   500.7  1952   319.2  1908   344.6  1989   505.6  1873  1602.2  1890
  183.3  1965  145.5  2015  136.2  1895  102.7  1979   95.7  1970   99.6  1924  118.8  1883  137.2  1898  152.9  1836  188.3  1896  183.8  1880  190.0  1931   497.4  1945   318.0  2008   342.6  1912   503.3  1974  1600.7  1916
  183.3  1910  145.1  1948  136.2  1976  102.5  2011   95.2  1972   98.8  1929  116.5  1911  136.8  1896  152.0  1897  187.1  1969  182.9  1969  190.0  1971   495.1  1988   317.6  1919   341.4  1973   499.6  1942  1599.4  1884
  182.4  2014  144.3  1938  135.7  1864  102.2  1862   95.1  1968   97.6  1943  116.4  1843  136.8  1935  151.2  1900  186.3  1868  182.5  2011  189.9  1897   493.6  1997   316.7  2013   341.1  1883   499.0  1918  1593.4  1944
  181.6  1958  143.8  1937  134.7  1907  101.7  1916   94.7  1877   97.2  1863  116.3  1875  136.6  1950  149.8  1961  185.9  1859  180.9  1920  188.6  1862   493.6  1956   316.1  1973   340.4  1928   497.2  1892  1588.3  1882
  180.9  1894  143.5  1883  133.2  2017  101.7  1895   94.1  1883   96.6  1842  114.7  1987  135.1  1893  149.5  1898  185.6  2009  179.6  1881  186.4  1842   493.1  1846   314.9  1988   340.3  1900   495.5  1928  1586.2  2013
  179.1  1926  142.8  1882  132.6  1899  101.3  2017   93.9  1913   96.3  1873  113.9  2020  134.6  1965  148.7  1879  183.9  1986  179.3  1847  185.9  1984   488.7  1928   314.8  1948   339.5  1979   491.4  1847  1581.7  1961
  172.9  1925  142.5  1852  128.7  1906  100.9  1973   93.6  1943   96.2  1867  113.8  1893  133.2  1877  148.6  2020  183.6  1948  179.1  1964  185.9  1964   488.3  2018   314.0  1998   339.5  1875   488.7  2012  1580.6  1932
  172.6  1858  142.3  2011  127.3  1844  100.3  1913   92.7  1858   95.7  2001  113.3  1909  132.8  1905  148.4  1866  181.8  1841  178.3  1890  185.4  1901   488.0  1887   313.1  1983   333.8  1951   488.4  1940  1578.0  1991
  172.6  1959  141.4  1910  127.3  1977  100.0  1903   92.6  1873   95.5  1849  113.0  1928  131.3  1963  148.0  1970  181.7  1933  176.5  1910  184.9  1913   486.8  1906   312.0  2022   332.7  1952   487.0  1883  1574.6  1866
  172.5  1875  139.6  1893  127.2  2006   99.8  2002   90.8  1993   94.7  1895  111.4  1886  130.7  1866  146.8  1945  181.3  1955  176.2  1903  183.7  2017   486.7  1859   311.9  1976   327.9  1892   484.9  1864  1572.4  1918
  172.0  1865  138.6  1876  125.1  1914   99.7  1872   90.4  2012   94.3  1976  111.0  1872  130.2  1973  146.6  1994  181.3  1850  175.6  1836  181.3  1886   485.6  1955   311.2  1915   326.9  1919   483.1  1944  1571.9  1873
  171.6  1915  137.2  1996  124.7  1991   98.9  1967   90.3  1868   93.8  1840  110.2  1954  129.4  1970  144.4  1934  181.1  1957  175.0  2020  181.2  1948   483.4  1874   311.2  1987   326.1  1935   482.1  1973  1565.4  1997
  170.9  1992  136.5  1974  122.3  1963   98.4  1931   90.3  1909   92.6  1852  110.2  1975  128.1  1953  143.7  1974  179.7  1900  174.8  1944  179.9  1906   482.5  1935   311.1  1859   324.2  1966   479.1  1885  1565.1  1985
  170.5  1968  136.4  1887  122.3  1915   98.0  2016   90.2  1891   92.1  1957  109.8  1837  128.1  1860  142.8  1847  179.1  1944  174.0  1882  179.7  1940   481.6  1913   310.9  1965   322.7  1849   477.0  1845  1560.5  1869
  170.3  1887  135.8  1933  121.0  1846   97.5  1876   90.2  1965   92.0  1911  109.7  1857  127.7  1901  142.1  1963  179.0  1958  172.6  2013  179.3  1850   479.9  1907   310.7  1958   321.9  2010   475.8  1850  1556.5  1854
  170.1  1840  135.5  1844  120.8  1939   97.5  1880   89.2  1926   92.0  1960  108.7  1948  127.3  1900  140.4  1929  178.8  1926  172.3  1916  178.7  2000   479.1  1932   310.6  1985   321.5  1954   472.8  1926  1555.3  1862
  168.6  2009  135.2  2017  120.5  1919   97.4  1868   88.4  1967   91.9  1997  108.7  1865  127.1  1998  139.9  2017  178.7  2013  171.4  1898  178.4  1869   477.1  1930   310.2  2003   320.7  1960   468.7  1916  1553.0  1917
  168.4  1914  134.1  2005  120.3  1879   96.7  1917   88.2  1977   91.3  2011  108.3  1874  125.3  1906  139.8  1973  177.7  1991  170.1  1923  178.3  1911   475.4  1892   309.5  1944   320.4  1863   468.0  1971  1552.5  1993
  167.5  1933  133.6  2012  120.2  1948   95.5  2010   87.9  1897   91.2  1930  108.1  1968  124.1  2008  138.6  1967  176.3  1978  170.0  1943  178.3  1997   471.8  2021   308.3  1993   320.4  1910   466.7  2013  1552.2  1836
  167.0  1898  133.3  2007  119.4  1891   95.4  1882   87.7  2002   91.1  1858  107.8  1836  123.9  1958  138.0  1926  175.5  1928  169.8  1919  176.5  1902   470.8  1946   308.2  1888   320.3  1927   464.1  1900  1551.5  2002
  165.8  1909  131.6  1915  118.6  1889   95.2  1906   86.2  1949   91.0  1854  107.6  1853  123.1  1946  137.2  1882  175.5  1895  168.5  2012  175.0  1922   470.2  1877   305.2  1860   319.0  2002   461.8  1934  1544.5  1921
  164.7  1948  130.2  1871  117.7  1854   95.2  1888   86.2  1971   91.0  1968  107.4  2017  122.6  1980  135.7  2006  173.1  1883  167.7  1843  174.6  1868   468.3  1987   304.4  2004   318.7  2008   460.1  1987  1538.1  1927
  162.7  1951  129.6  1884  117.6  1848   94.7  1853   86.1  1900   90.8  1898  106.3  1884  120.2  1888  135.2  1856  172.5  1878  165.7  2004  173.7  1960   465.8  1885   302.8  1991   317.6  1939   459.3  1866  1537.7  1883
  162.3  1886  126.7  1856  116.1  1925   93.8  1984   85.5  1860   90.6  1892  106.1  1852  117.4  1845  134.6  1867  170.3  1892  165.6  1929  173.2  1864   462.0  1927   301.6  1890   317.0  1941   458.1  1953  1537.5  1920
  161.9  1952  124.6  1958  115.8  1945   93.5  1920   85.4  1847   90.4  1851  105.8  1969  117.1  1926  134.4  1925  169.3  1847  165.6  1975  172.2  1959   459.7  1890   301.4  1911   316.6  1901   455.0  1888  1537.1  1914
  161.0  1991  124.4  1846  115.7  1971   93.3  1901   85.4  1863   90.4  1987  105.7  1914  116.9  2015  133.8  1905  169.0  1988  165.1  1985  171.7  1904   459.6  1872   300.8  1945   315.9  1841   450.6  1964  1535.9  1926
  161.0  2019  123.8  2019  115.1  1845   93.2  1923   85.0  1987   89.6  1885  104.9  1920  116.8  1922  133.6  1870  168.7  1918  165.1  1878  171.2  1944   459.4  1908   300.0  1907   314.8  1933   448.4  1963  1530.5  1984
  160.8  1978  122.7  1891  114.5  1857   93.0  1946   84.6  2016   89.2  1853  104.2  1967  116.6  2010  133.6  1943  166.8  1885  163.4  1852  171.0  1975   459.1  1882   300.0  2020   314.4  1858   447.3  2014  1526.3  1896
  160.8  1905  122.0  1976  114.4  1871   92.7  1909   84.5  1995   89.2  1918  103.9  1941  116.4  1844  132.9  1952  165.7  1956  163.2  1886  170.4  1867   458.0  1939   299.6  1861   310.5  1871   445.7  1905  1515.1  1910
  160.6  1854  121.4  1941  114.0  1952   92.2  2015   84.4  1912   89.0  1908  103.5  1910  115.9  1940  132.2  1859  165.5  1864  163.0  1837  169.6  1894   457.0  1921   296.8  1916   309.4  2001   445.6  1919  1507.7  1977
  158.4  1946  120.3  1904  112.8  1881   91.5  1995   84.2  1879   87.1  1963  103.5  1965  114.8  2001  131.8  1853  164.6  1952  160.6  1967  167.5  1952   454.8  1910   296.7  1867   309.1  1911   444.9  2010  1504.6  1894
  157.6  1836  120.0  1981  112.1  1839   91.1  1935   84.2  1929   86.7  1880  103.2  1943  114.5  1986  130.0  1857  163.7  1921  159.0  1909  166.7  1856   454.4  1961   290.2  1953   308.7  1855   441.2  1898  1503.7  1965
  156.7  1956  119.3  1982  111.9  1858   90.8  1905   84.1  1907   86.5  1874  102.5  1922  113.7  1928  129.2  1997  163.3  1976  158.3  1927  165.2  2007   451.2  1911   289.6  1894   306.6  1987   440.8  2007  1501.0  1951
  156.4  2021  118.2  1953  111.1  1943   90.6  1846   83.8  1974   86.5  1967  102.1  1896  113.6  1865  129.2  1944  162.7  1941  157.2  1941  165.0  1918   451.2  1933   288.2  1964   305.6  1898   440.3  1862  1498.8  1905
  156.2  1857  117.9  1984  110.2  1934   90.5  1969   83.6  1850   86.0  1937  101.1  1937  111.8  2012  128.6  2001  162.0  2005  156.6  1905  164.8  1925   450.9  1986   287.2  1895   304.6  1945   439.7  1966  1498.5  1930
  156.0  1869  117.3  2009  110.1  2011   89.7  1956   82.0  1932   85.9  1923   99.4  2022  111.8  1884  128.2  2007  161.6  2019  156.0  1926  164.2  1919   450.8  1938   287.1  2016   303.5  1931   438.1  1985  1496.6  1911
  156.0  1851  116.1  1913  109.2  1888   88.8  1887   81.8  1899   84.8  2016   99.2  1841  111.4  1855  127.1  1953  161.6  1963  155.0  1908  163.6  1926   447.9  1886   286.2  1951   302.7  1963   437.9  1913  1492.4  1899
  155.7  1935  115.3  1842  108.3  1884   88.0  1958   81.6  1881   84.7  1964   98.9  2001  110.4  1979  125.3  1938  161.1  1869  154.3  1863  163.1  1915   446.5  2013   284.9  2017   301.7  1850   437.7  1896  1491.6  1959
  155.0  1882  114.8  1960  107.7  1973   87.1  1939   80.8  1930   84.7  1956   98.4  1933  110.1  1881  122.6  1886  159.5  1977  154.3  1994  162.4  1859   444.4  1944   282.4  1872   300.6  1917   437.3  1956  1486.9  1864
  154.3  2022  114.8  1951  107.6  1885   86.5  1869   80.2  1870   84.6  1989   97.8  1888  108.2  1872  122.2  1842  158.9  1982  154.2  2003  162.1  1941   442.9  1926   279.3  2012   300.5  2020   437.0  1906  1486.2  1859
  153.5  1896  113.1  1861  106.7  1935   85.5  1926   80.2  1841   84.6  1850   97.0  1997  108.2  1909  122.0  2019  156.0  1950  154.1  1956  161.3  1881   442.8  2017   277.8  1972   300.0  1974   436.7  1853  1485.4  1891
  153.5  1877  111.3  1955  106.3  1901   85.1  1944   80.0  1969   83.6  1985   96.9  1899  108.1  1882  119.8  1911  155.4  1901  152.7  1946  161.0  1923   442.7  1991   277.4  1954   298.3  1922   436.7  1909  1483.9  1942
  152.7  2011  110.6  1912  106.1  2004   84.4  1886   79.8  1996   83.2  2006   96.8  1854  107.7  2013  119.7  2022  155.3  1905  152.3  1918  160.0  1928   436.9  1968   276.9  1854   298.0  1994   436.2  1854  1481.5  1953
  152.6  1908  108.9  1957  105.6  1940   82.8  1963   79.0  1927   82.9  1993   96.4  1991  107.5  1871  119.7  1915  153.7  1965  150.1  1949  159.7  1882   435.0  1865   276.1  1885   297.9  1847   434.6  1959  1476.4  1924
  151.7  1950  108.7  1971  105.4  2010   82.8  1838   78.4  1911   82.1  2003   94.8  1892  106.8  1914  118.7  1957  153.1  1987  149.2  1845  159.1  1880   434.7  1876   275.1  1962   297.1  1991   432.8  1965  1474.4  2021
  151.5  1862  107.1  1944  104.9  1838   82.6  1889   78.4  1952   82.1  2000   94.7  1851  106.3  1847  117.7  2021  153.0  2010  147.9  1948  157.8  1875   434.6  1843   273.9  1878   295.5  1893   431.8  1891  1470.4  1978
  151.0  1878  107.1  1923  104.5  2016   81.7  1924   76.8  1908   81.9  1904   93.7  1986  105.8  2000  117.5  1956  152.6  1999  147.8  1894  157.4  1889   432.8  2009   272.9  1959   293.3  1854   431.4  1843  1464.6  1904
  150.6  1907  106.9  1836  104.1  1950   81.3  1907   75.8  1903   81.8  1983   93.7  1897  105.7  1908  117.2  1937  151.9  1906  147.1  1874  155.8  1965   430.7  1965   272.0  1900   293.3  1993   431.4  1859  1463.2  2018
  150.2  1982  106.3  1993  103.4  1944   81.0  1993   75.4  1985   81.2  1875   93.7  2012  105.5  1854  117.2  1887  150.4  2002  146.5  1950  155.3  2001   430.6  1883   271.1  1864   293.1  1967   430.8  1988  1459.8  1885
  149.5  1899  105.9  2018  103.3  1949   80.2  1841   72.8  1942   80.5  1879   93.2  1995  105.3  1932  116.4  1904  150.4  1912  144.9  1873  154.6  1871   427.1  1918   270.5  1836   291.1  1936   427.5  1952  1456.8  1850
  148.9  1904  104.9  2021  102.6  1855   79.0  1890   72.1  1843   79.0  1922   93.1  1966  105.2  1878  115.9  1966  149.2  2012  144.8  1963  154.1  1908   425.0  1878   269.6  1978   290.8  1860   426.3  1912  1456.1  1892
  145.3  1945  104.3  1954  101.7  1985   78.8  1945   71.9  1864   79.0  1900   92.6  1921  104.8  1887  115.4  2013  146.0  1855  143.4  1995  152.4  1945   424.4  2019   269.5  1923   290.0  1937   424.8  1840  1455.6  1931
  144.4  1902  104.1  1897  100.3  1877   78.6  1976   71.6  1882   78.4  2007   92.3  1992  104.5  1897  114.2  1940  145.1  1940  142.6  1961  151.1  1910   424.1  1858   269.3  1884   289.3  1999   418.5  1975  1452.0  1952
  143.6  2013  103.3  1872  100.3  1862   78.4  1908   71.4  1865   78.2  1971   92.1  1876  104.5  1842  113.9  1883  144.3  1899  140.2  2002  150.1  1895   422.1  1851   269.2  1975   288.7  1876   414.9  1846  1450.1  1852
  141.3  1942  103.2  2001  100.2  1865   78.3  2018   71.4  1948   77.9  2012   91.9  1947  104.2  1994  112.6  1976  143.4  1992  138.2  1931  147.9  1932   418.7  1857   268.2  1961   288.6  1944   411.0  1895  1449.8  2001
  139.9  1922  102.8  1966   99.9  2003   77.1  2009   71.1  1905   77.7  1942   91.8  1847  103.9  1938  110.0  1928  142.9  1931  137.6  1875  146.9  2008   416.4  1900   266.8  1956   288.4  1888   409.3  1994  1449.2  1964
  139.6  1971  101.7  1952   99.7  1928   76.6  2001   70.7  1874   77.3  1845   91.6  1902  103.8  1974  109.9  1920  142.8  1858  135.6  1864  146.1  1953   416.4  1948   266.1  1940   287.8  1904   407.7  1976  1445.7  1908
  139.3  1891  101.4  1956   98.7  1954   76.5  1929   67.7  1989   76.6  1836   91.2  1916  103.6  1959  109.7  1962  142.8  1891  133.5  1846  145.4  1991   413.7  1889   261.7  1843   287.7  1844   407.6  1911  1444.5  1946
  138.7  1954  101.0  1924   97.8  1932   76.3  1962   66.8  1842   76.2  1886   91.0  2011  103.1  1862  108.3  1854  140.4  1974  133.5  1990  145.3  1987   412.7  1880   260.8  1952   286.7  1906   405.9  1955  1442.1  1975
  138.4  1839  100.8  1901   97.7  1951   76.2  1848   66.7  2004   75.1  1926   90.4  1999  102.9  1937  107.9  1921  138.8  1949  133.2  1900  143.1  1938   410.1  1973   258.7  2010   285.4  1852   405.2  1839  1437.3  1848
  138.3  1876   98.9  1926   96.9  1910   76.0  1955   66.2  1852   74.8  1974   89.7  1945  102.7  1927  107.8  1914  138.3  1870  132.2  2010  142.0  1858   409.7  1980   258.5  1851   283.8  1864   403.4  1936  1421.4  1867
  137.7  1867   97.9  2013   96.6  1927   75.0  1988   66.2  1839   74.7  1855   89.4  1927  102.4  1967  107.6  1989  138.0  1876  131.7  1976  141.9  1887   408.2  1953   257.8  1846   283.8  1837   402.9  1880  1418.1  1913
  137.3  1939   96.8  1892   96.2  1917   74.5  1986   65.3  1861   73.9  1977   88.0  1952  102.2  2018  107.4  1845  137.6  1840  131.4  1987  140.5  1896   404.9  1837   257.4  1971   283.6  1982   402.2  1989  1417.9  1846
  136.2  1979   95.9  1987   96.2  1866   72.7  1871   64.6  1918   73.9  1975   87.7  1929  101.5  1987  106.8  1895  136.7  1842  131.3  1892  140.2  1865   402.1  1951   256.3  1957   283.4  2012   400.0  1924  1416.6  1925
  135.5  1844   95.8  1857   96.0  1984   71.5  1961   64.4  2000   73.7  1837   87.4  1845  101.5  2006  106.7  1875  136.3  1837  130.8  1849  140.0  1972   401.8  1960   255.6  1858   282.0  1845   396.8  1882  1415.3  1845
  135.5  1969   95.8  1860   96.0  1863   70.6  1897   63.8  1983   73.5  1878   87.3  1973  101.4  1859  106.5  1930  136.1  1966  130.2  1854  139.8  1899   400.8  1842   255.2  1931   281.9  1853   396.2  1860  1414.0  1929
  132.1  1917   95.7  2006   95.8  1911   69.9  1875   61.6  1880   72.5  2009   87.1  1935  101.1  1972  105.4  1890  134.9  1851  130.0  1952  139.6  1930   399.2  1909   254.0  1889   281.5  1851   394.7  1957  1410.4  1919
  130.6  1918   95.3  1881   94.6  1883   69.3  1928   61.1  1981   72.2  1996   86.7  1996  100.9  1969  104.5  1903  134.8  1848  129.0  1904  139.6  2018   397.6  1942   253.5  1870   280.5  1972   394.7  1867  1406.3  1922
  129.7  1943   94.2  1942   93.4  1922   69.1  1941   60.9  1867   71.6  1933   86.6  1864  100.6  1911  104.0  1876  133.6  1993  128.7  1895  139.3  1855   394.4  1912   252.2  1917   277.1  1949   393.3  1886  1406.0  1971
  128.8  1889   93.4  1969   92.0  1893   68.5  1902   60.9  1947   71.2  1861   86.2  1905  100.5  1921  104.0  1902  132.4  1863  127.8  1915  138.8  1907   393.6  1896   252.1  1879   275.4  1969   390.4  1908  1402.3  1940
  127.7  1967   91.9  1839   88.3  1930   68.5  1968   60.9  1937   70.4  1888   85.9  1990  100.3  1837  102.9  2000  131.3  1871  127.6  1935  137.6  1872   389.1  1954   252.0  1909   274.5  1884   389.7  1837  1397.5  1876
  127.4  1883   90.2  1977   85.4  1841   68.4  1952   60.3  1893   69.8  1970   85.9  2014   99.1  1954  102.5  1936  130.8  1902  127.3  1891  135.7  1934   383.0  1924   251.8  1877   274.3  1975   389.2  1870  1396.0  1987
  124.9  1893   90.1  1896   84.6  1849   67.4  2007   60.0  1961   69.8  1978   84.6  1867   99.1  1849  102.0  2003  129.4  1887  126.8  1838  135.6  1916   382.6  1902   251.8  1848   274.3  1886   387.3  1841  1395.4  1878
  124.6  1888   89.8  1865   84.5  1959   67.0  1837   59.7  1991   68.7  1969   84.5  2008   99.0  1936  100.9  1880  128.9  1925  125.5  1907  135.0  1838   379.8  1893   251.3  1881   272.7  1887   386.3  1844  1394.1  1945
  124.4  1980   86.8  1851   83.4  2018   65.6  1844   59.3  1917   68.6  1953   84.3  1963   98.6  1944  100.2  1849  128.1  1865  124.8  1889  134.0  1870   377.4  1844   250.8  1886   272.4  1914   383.3  1949  1386.2  1907
  122.9  1845   84.6  1934   81.9  1980   64.7  1983   59.0  2001   68.1  2022   84.1  1981   96.4  1851   99.5  1860  126.4  1945  122.2  1897  133.2  1876   373.4  1873   247.7  1875   272.3  1842   382.3  1941  1383.7  1969
  122.5  1953   84.5  1870   81.9  1869   64.3  1957   58.7  1941   67.9  1984   82.4  1840   96.3  1902   99.4  1841  126.2  1913  121.9  1901  133.1  1946   372.8  1850   247.6  1855   270.9  1867   382.0  1897  1380.5  1976
  121.0  1924   84.3  1888   80.8  1965   63.5  1864   58.0  1848   67.5  1955   82.4  2021   94.2  1876   98.5  2008  124.0  1875  121.8  1922  132.3  2021   372.2  1972   246.9  1842   269.0  1909   382.0  1914  1371.4  1888
  120.8  1846   83.3  1853   79.4  1975   63.1  1954   57.8  2010   66.6  1894   82.3  1960   93.8  1843   98.4  1884  123.6  1839  120.3  2016  130.2  1909   369.0  2011   246.0  1883   268.8  1926   380.6  1868  1369.5  2003
  119.8  2006   83.1  1845   78.3  1916   62.5  1873   57.4  1838   66.5  1951   82.2  2018   93.0  1971   96.8  1850  122.1  2007  119.3  1965  129.1  1958   368.2  1871   245.8  1841   267.8  1916   375.1  2015  1350.2  1875
  119.2  1880   82.4  2010   75.7  1880   61.6  1856   55.9  1998   65.8  1841   80.4  1859   92.0  1915   94.9  1871  120.7  1924  118.3  1887  128.0  1839   367.7  1959   245.1  1838   267.8  1932   372.5  1842  1349.5  1847
  118.1  1961   81.5  1900   74.7  1962   61.1  1989   55.8  1940   65.5  1897   79.8  1912   91.0  1848   94.7  1958  120.3  1898  117.8  1856  127.5  1905   365.3  1839   244.8  1935   266.8  1981   369.2  2019  1349.2  1849
  117.8  1936   80.8  1847   71.8  1946   60.9  1892   54.8  1887   65.4  1903   79.7  1869   90.3  1975   94.5  1889  119.9  1904  117.7  2018  127.1  1879   364.0  1941   244.1  1939   266.3  1986   368.2  1875  1348.8  1895
  117.4  1977   79.3  1909   71.4  1850   60.6  2003   54.1  1866   64.8  2014   79.2  1925   90.2  1867   94.4  1949  118.2  1880  117.3  1870  124.6  1950   363.4  2001   242.8  1847   265.8  1905   366.4  1881  1338.3  1886
  116.9  2017   78.5  1978   71.2  1872   60.4  1860   53.7  1856   64.2  1902   79.0  1901   89.8  1977   91.4  1838  117.9  1979  116.7  1997  123.5  1861   360.2  1840   241.0  1981   265.6  1836   366.3  1951  1336.1  1958
  116.7  1911   77.8  1899   71.2  2012   60.3  1982   53.6  1990   63.4  1857   78.1  1866   89.0  2022   91.0  1858  116.5  1881  115.3  1840  120.4  1961   359.8  1870   240.9  1891   265.1  1997   365.3  1904  1333.0  1909
  116.2  1901   77.6  1878   70.5  1886   60.1  1987   53.2  1975   63.1  1870   77.9  2004   87.0  1945   90.4  1837  116.5  1962  114.6  1868  119.5  1920   357.9  1904   239.7  1901   263.7  1897   364.9  1887  1329.0  1880
  115.8  1841   76.3  1886   70.0  1843   59.8  1930   53.2  1851   62.7  2013   77.6  1978   86.7  1852   89.4  1877  114.4  1838  113.9  1862  115.9  1878   356.9  1971   236.4  1996   263.7  1968   363.6  1968  1323.5  1947
  115.3  1947   75.3  1968   69.9  2001   59.7  1866   53.0  1959   62.1  2018   77.5  1898   86.7  1886   88.9  1986  109.6  1919  113.6  1842  115.4  1892   353.6  1860   234.8  1880   262.6  1866   362.4  2003  1319.4  1915
  114.8  1960   75.1  1972   69.0  1909   58.9  1921   52.9  1928   61.4  1891   76.7  2006   86.5  1920   87.2  1852  108.8  1852  113.3  1859  110.8  1888   352.7  1982   231.9  1871   261.8  1840   362.0  1848  1318.0  1841
  110.6  1919   75.1  1980   68.7  1873   58.9  1857   52.8  1889   60.1  1883   76.6  1926   85.6  1864   85.1  1951  108.3  1994  111.8  1936  110.3  1917   352.6  1970   231.3  1892   261.4  2006   359.4  1852  1317.3  1897
  108.2  1973   74.6  1921   68.7  1937   58.8  1850   52.4  2018   59.9  1914   76.5  1870   85.5  1840   85.0  1998  108.2  1861  111.4  2014  108.7  1970   350.8  1888   231.1  1924   261.4  1908   356.0  1901  1316.5  1996
  107.1  1972   72.1  1862   67.6  1867   58.8  1854   52.3  1876   59.1  1869   75.8  1958   85.1  1853   84.5  1960  107.8  1897  110.7  1853  107.6  1851   350.3  1855   228.9  1930   258.0  1958   355.4  1879  1314.8  1901
  105.5  1912   71.9  1936   65.6  1958   58.7  2021   52.0  1957   58.8  1899   74.1  1907   84.8  1978   80.9  1913  107.4  1886  107.5  1885  107.6  1969   347.3  1854   225.0  1933   256.5  2022   354.9  1946  1310.6  1968
  104.0  1871   71.4  1994   65.5  1875   58.2  1936   51.0  1950   58.2  1958   73.5  1930   81.2  1836   80.7  1862  107.2  1964  106.9  1960  106.6  1947   347.1  1862   223.9  1955   256.2  1865   344.3  1972  1307.3  1939
  102.7  1864   70.6  1927   65.1  1933   57.8  1885   50.8  1988   58.1  1986   73.4  2003   81.0  1991   80.7  1865  106.2  2003  106.5  1865  106.4  1843   343.6  1985   223.8  1873   254.2  1889   344.0  2002  1301.6  1936
  101.8  1955   69.8  2003   64.6  1887   57.3  1883   50.3  2017   58.0  1934   71.7  1976   80.8  1993   79.6  1868  105.6  1879  106.2  1841  104.3  2005   338.2  1856   222.8  1865   252.1  1902   342.2  1920  1294.4  1887
  101.1  1885   68.0  1983   64.4  1953   56.9  1881   50.0  1845   56.7  1910   71.3  1842   77.5  1839   79.4  1906  103.8  1866  105.6  1988  103.3  1943   337.9  1875   222.4  1839   248.9  1878   340.1  2016  1293.0  1843
   99.6  1861   67.6  1991   63.4  1904   56.8  1877   49.3  1960   56.5  1884   71.1  1971   77.3  1858   78.7  1901  102.9  1844  101.1  1879  102.7  1935   330.9  2003   221.9  1928   247.9  1857   337.5  1876  1287.9  1889
   98.3  1895   66.1  1959   63.0  1941   56.7  1851   49.3  1895   56.0  1939   70.4  1844   77.0  1981   78.5  1996  100.2  1985  100.8  1857  102.3  1996   328.1  1966   220.3  1857   246.5  1880   336.4  1921  1286.3  1881
   97.0  1870   64.5  1875   63.0  1956   55.6  1971   48.9  1936   55.5  1839   70.3  1878   76.9  1996   77.6  1968  100.2  1889   99.4  1924  102.1  1837   325.1  1934   217.8  1844   246.5  2018   336.1  1931  1274.7  1842
   95.5  1860   62.9  1979   62.3  1936   53.9  1849   48.9  1890   54.9  1859   69.5  1977   76.3  1925   75.9  1922  100.0  1849   97.4  1871  101.8  1848   321.0  1919   214.1  2018   245.1  1843   332.5  1838  1273.5  2010
   95.1  1985   62.6  1985   62.0  1900   53.6  1840   47.3  1849   53.7  1866   68.7  1885   76.2  1997   73.9  1846   98.8  1953   95.5  1876  101.7  1989   319.7  2006   213.9  1850   242.5  1915   332.3  1925  1260.6  1860
   93.4  1913   62.3  1940   60.7  1972   52.8  1942   47.3  1837   53.4  1940   66.7  1908   75.7  2021   73.5  1909   98.4  1857   94.9  1957  101.3  1846   317.2  1978   213.5  1984   242.4  1921   332.1  1958  1258.7  1902
   91.6  2010   62.1  1840   60.7  1947   52.7  2019   47.0  1935   49.2  1921   64.7  2013   75.0  1966   71.0  1971   96.8  1910   94.0  1962  100.9  1874   309.1  1917   212.8  1869   242.3  1971   330.9  1849  1256.1  1857
   89.9  1964   62.0  1874   57.0  1918   52.3  1893   46.8  1857   48.7  1887   64.0  1839   74.8  1857   70.3  1881   90.2  1973   90.9  1839  100.4  1939   308.1  1969   209.9  1866   236.8  1920   330.4  1939  1254.9  1871
   85.0  1850   61.5  1965   53.5  1974   51.2  1865   46.2  1896   48.1  1949   63.5  1850   72.5  1939   70.0  1844   90.2  1972   90.0  1896   97.1  2009   302.3  1897   208.2  1969   236.7  1859   329.4  1910  1236.5  1941
   84.3  1848   61.5  1964   52.8  1924   50.9  1858   46.1  1846   47.6  1909   63.0  1860   70.6  1869   69.3  1912   89.5  2015   86.4  1942   89.0  1840   300.3  1891   208.2  1887   236.6  2000   329.1  1857  1232.2  1879
   81.5  2001   61.4  1879   52.7  2022   50.2  1918   44.8  1871   46.8  1905   62.3  1989   70.3  1916   66.7  1916   88.8  1947   85.6  2019   88.7  1903   299.1  1895   205.5  2001   235.8  1996   327.1  1997  1227.4  1963
   81.3  1842   52.8  1902   52.3  1996   47.5  1879   44.4  1869   46.6  1893   61.4  1949   69.8  2002   65.3  1888   86.7  1951   81.7  1934   87.5  1976   295.2  1977   204.6  1893   235.2  2013   323.6  1871  1224.9  1972
   80.5  1997   49.2  1841   52.3  1892   46.9  1966   42.2  1978   45.7  1992   60.9  1982   67.0  1999   63.6  1939   85.6  1882   81.3  1851   86.6  1849   292.4  1936   204.4  1946   233.3  1977   320.2  1962  1218.5  1858
   76.8  1855   46.6  1873   51.5  1942   45.2  1938   41.4  1933   45.4  1920   59.8  1962   65.0  1885   62.4  1941   84.7  1907   80.6  1933   83.1  1981   292.4  1881   203.7  1840   232.2  1978   319.5  1889  1211.5  1840
   76.8  1987   45.3  1919   50.6  1955   45.0  1978   40.1  1901   44.6  1995   59.4  1983   64.5  1968   56.9  1959   83.1  1911   73.8  1983   79.3  1968   290.0  1861   202.3  1845   223.3  1885   315.3  1865  1206.9  1853
   72.2  1970   44.8  1858   50.0  1853   44.0  1839   39.7  1946   43.1  1871   59.3  2005   63.6  1983   56.1  2014   82.5  1937   73.4  1902   78.1  1978   277.1  1979   193.8  1929   214.4  2003   310.1  1945  1206.1  1844
   72.1  1856   41.6  1975   48.4  1837   40.4  2020   39.2  1855   42.9  1925   59.2  1984   61.8  2020   56.0  1910   81.2  1997   71.1  1968   77.9  1977   273.1  1947   192.8  1960   214.3  1913   308.2  1902  1204.0  1955
   69.5  1966   41.3  1917   46.9  1870   39.7  1981   36.2  1939   42.8  1936   57.2  1994   58.8  2003   55.7  2015   77.5  1975   71.1  1860   77.7  1963   271.0  2010   190.8  1941   211.4  1899   301.7  1856  1201.3  1838
   63.3  1879   39.6  1838   42.3  2013   39.3  1884   34.9  1915   41.6  2010   56.1  1904   57.4  1856   55.1  1931   75.6  1922   70.6  1989   77.2  1860   254.0  1841   185.7  1849   209.4  1869   299.5  1915  1196.2  1865
   62.9  1941   37.7  1890   40.5  1847   37.2  1845   34.7  1994   40.5  2021   54.6  1972   55.7  1899   54.1  1855   69.2  1894   69.0  1925   74.0  2010   252.6  1963   177.1  1942   205.2  1947   297.6  1933  1182.8  1839
   57.6  1897   33.6  1843   40.5  1931   36.8  1878   28.6  1951   38.6  1988   51.6  1917   55.5  1870   53.4  2002   68.7  1960   67.3  1867   63.5  1937   249.3  1845   171.8  1918   204.8  1983   289.2  1858  1181.3  1933
   56.5  1996   32.9  1929   39.9  1923   36.7  1937   26.9  1919   36.7  1906   49.2  1944   53.4  1984   52.3  1993   67.2  1939   67.2  1955   52.0  1995   245.6  1996   170.7  1853   198.6  2021   273.3  1922  1176.9  1960
   50.0  1929   31.2  1895   37.7  1969   33.5  1980   25.9  1853   34.9  1843   48.8  1889   51.3  1931   51.4  1907   63.6  2016   65.4  1993   47.1  2002   242.9  1929   169.4  1936   198.4  1925   261.6  1907  1153.2  1870
   44.9  1837   30.4  1855   36.7  1964   31.2  1891   24.9  1844   33.8  1865   48.7  2000   51.1  1913   50.0  1972   62.4  1914   64.8  1921   43.3  1844   240.6  1879   166.3  1937   197.0  1839   260.0  1960  1151.7  1856
   41.6  1838   30.0  1930   33.8  1960   29.0  1861   23.7  1984   29.8  1941   42.6  1919   44.1  1995   43.8  1843   52.5  1908   58.5  1958   40.6  1933   229.2  1964   162.6  1837   195.1  1870   251.3  1993  1140.1  1851
   41.3  1963   24.7  1947   33.2  1929   26.9  1894   23.6  1980   29.8  1932   39.7  1913   37.9  1880   41.7  1848   52.0  1915   55.4  1858   40.5  1853   221.1  1847   146.9  1974   187.7  1976   250.8  1937  1131.0  1837
   40.4  1940   22.0  1932   28.5  1840   12.8  1852   20.7  2008   28.4  1982   35.1  1868   34.7  1955   35.3  1933   51.4  1920   51.1  1937   38.3  1890   203.1  1940   139.1  1980   181.9  1995   249.9  1851  1111.5  1937
   38.9  1847   17.6  1986   20.4  1852    9.6  1974   20.2  1836   25.1  1915   34.8  1863   21.7  1976   33.6  1851   48.7  1856   48.3  1855   25.0  1927   183.3  1838   122.1  1856   180.5  1984   248.5  1855  1051.2  1855
   38.0  1881   15.6  1963    6.9  1856    7.4  1842   10.3  1859   24.3  1889   23.5  1955    5.7  1947   18.3  1894   22.3  1946   36.9  1945    ---  2022     ---  1836    99.4  1852   125.7  1955   235.3  1894     ---  2022
