Areal values from HadUK-Grid 1km gridded climate data from land surface network
Source: Met Office National Climate Information Centre
Monthly, seasonal and annual total precipitation amount for Scotland
Areal series, starting in 1836
Last updated 01-Dec-2022 10:42
    jan  year    feb  year    mar  year    apr  year    may  year    jun  year    jul  year    aug  year    sep  year    oct  year    nov  year    dec  year     win  year     spr  year     sum  year     aut  year     ann  year
  303.0  1993  289.4  1990  248.4  1994  194.0  1947  188.8  2011  175.8  1872  191.2  1988  228.5  1985  262.8  1950  253.8  1935  260.9  2009  324.0  2015   739.3  2016   427.8  1986   478.8  1985   679.5  1981  1892.1  1990
  277.6  1928  277.3  2020  239.0  1990  161.6  1867  177.6  1986  155.8  1838  175.0  1940  223.4  1992  228.0  1981  249.3  1938  240.3  2006  307.0  1852   731.6  2014   413.8  1994   448.3  1877   613.9  1954  1862.7  2011
  275.0  2008  268.6  1997  211.4  1903  160.3  1904  152.9  1925  155.3  1938  167.5  1939  210.9  1861  200.0  1982  248.4  1903  240.1  2015  295.1  2013   675.4  1995   411.7  1967   439.4  2019   610.7  1938  1840.1  2015
  253.5  1975  261.6  1848  207.9  1967  147.4  1910  151.1  2015  153.1  2017  166.6  1985  207.6  2019  197.6  1869  247.3  1983  237.4  1938  277.2  1986   669.9  2000   408.6  1992   432.8  1846   610.6  1982  1800.9  2020
  253.0  1974  245.0  1894  207.8  1992  145.2  1934  144.6  1906  151.0  1877  164.9  2010  203.5  1962  195.6  1985  246.6  2014  234.9  1981  270.9  1999   669.7  2020   400.5  2015   425.7  1948   607.4  1984  1765.1  1872
  252.5  2016  243.6  2002  188.3  1979  136.8  1949  138.1  2003  144.4  1856  161.3  1846  200.9  2009  195.3  1872  242.4  1967  232.0  1877  262.1  2011   633.0  2007   391.9  1990   425.7  2009   584.2  2006  1748.8  1903
  250.4  2015  237.7  1989  186.6  1989  135.8  1925  132.6  1920  143.6  1907  160.3  1956  195.0  1930  194.3  1885  241.4  1954  230.8  1984  261.8  1929   630.4  1990   384.6  1913   421.3  1956   583.5  1935  1747.9  1998
  248.3  1852  233.8  1868  178.7  2019  135.2  1994  129.7  2007  143.0  1966  154.4  2009  194.1  1903  191.8  1995  240.3  2020  227.9  1986  261.7  2006   617.0  1894   383.4  1947   414.9  1861   575.6  1917  1746.3  1877
  245.0  1990  221.5  2014  178.5  1876  134.5  1927  125.1  1967  138.4  1980  153.5  1953  194.0  1868  187.7  1978  239.4  2001  224.9  1982  251.1  1974   590.6  2015   376.0  1925   409.4  2017   569.4  2011  1739.7  1999
  241.2  1983  215.6  2022  178.0  1921  134.1  1977  122.2  1954  138.1  1931  151.2  2015  189.3  2004  187.5  2011  237.0  2008  224.6  1917  249.9  1949   583.8  1989   375.4  1979   405.9  1872   565.1  2000  1739.7  2014
  239.7  2007  204.4  1995  173.9  1861  134.1  1950  122.1  1958  137.4  2002  151.1  1873  187.7  2014  187.2  1980  235.2  1998  221.9  1951  245.9  1912   582.3  1868   369.9  2011   403.8  1879   561.7  1872  1733.3  1938
  239.4  2005  201.4  1998  173.0  1978  134.1  1932  121.5  1963  136.0  1848  151.0  1998  186.8  1948  186.8  1839  234.9  2000  221.0  1991  244.9  1900   577.1  2008   363.8  1963   403.7  1903   554.2  2009  1731.6  1992
  234.0  1962  200.1  2000  171.2  2015  129.5  1899  121.2  1922  132.9  1948  150.4  1836  185.7  1923  185.7  1863  232.9  1917  218.2  1861  243.3  1994   572.9  1853   362.4  2006   400.3  1838   549.8  1980  1717.8  2008
  228.9  1921  199.2  1903  170.3  1913  128.0  1863  121.2  2009  131.0  2004  150.4  1946  185.2  1989  184.6  1935  228.6  2021  214.6  1979  243.2  1898   571.9  2002   362.0  1920   396.8  1988   544.3  1977  1700.3  2000
  228.5  1863  190.1  1850  169.1  1988  125.1  1972  120.9  1916  129.7  1990  150.1  1970  185.2  1910  180.4  1927  225.5  1996  214.0  1977  241.2  1966   570.7  1920   359.8  1868   396.2  2004   542.1  1995  1687.9  2004
  227.6  1995  185.1  1920  168.8  1986  124.8  1991  120.6  1892  128.6  1862  149.8  1936  174.6  1874  180.0  1946  225.3  1874  209.3  1992  232.4  1993   563.0  1903   357.8  1903   394.3  1998   537.8  1970  1685.6  1954
  224.8  1890  171.5  1945  166.1  1897  123.5  2004  120.3  1945  128.2  1928  148.0  1882  173.8  1988  176.4  1975  225.0  1995  209.2  1978  227.3  1983   553.7  1877   350.6  2005   389.1  1980   532.0  1874  1678.7  2009
  223.4  1932  171.3  1918  165.6  2008  123.1  1951  119.5  1976  126.3  2012  147.7  1957  173.0  1956  174.7  2004  222.1  1862  209.2  1954  226.7  1954   553.7  1984   349.5  2009   388.6  1938   530.6  1950  1660.8  1948
  222.9  1999  171.1  1869  165.6  1882  122.7  1919  118.3  2022  124.4  1860  145.9  1938  172.2  1889  174.1  1918  217.9  1916  207.6  1890  221.6  1980   552.6  1974   349.4  1993   386.4  2012   530.1  2022  1658.6  1928
  217.3  1868  170.5  1992  163.5  1868  122.2  2005  118.2  1862  123.9  1912  145.6  1903  170.9  1891  173.9  1864  216.6  1981  206.7  1940  220.4  1921   552.2  1975   347.7  1999   384.2  1946   527.5  2020  1657.1  1868
  216.7  1984  166.7  1915  160.9  1859  121.8  1943  118.1  2006  123.6  2020  144.2  1879  166.4  1877  173.3  1992  214.3  1934  205.8  1939  219.1  1914   551.3  1998   346.4  1934   382.2  2007   514.7  1991  1646.9  1982
  216.4  1849  165.7  1866  157.4  1983  120.4  1992  118.1  2013  122.9  1927  143.9  1871  163.8  1943  171.9  1908  212.2  1984  204.8  1947  218.1  1955   549.5  2012   341.5  1977   376.6  1957   513.0  1978  1644.0  2006
  215.8  1938  164.8  2011  157.3  1908  119.3  1998  117.1  1924  122.5  1846  143.2  1959  162.7  2011  171.0  2018  212.1  1943  203.6  1953  217.0  2014   546.6  1937   338.2  1899   374.3  1907   511.7  1923  1636.7  1986
  215.4  1994  163.7  1911  156.2  1982  118.2  1843  115.6  2005  122.2  1991  141.6  1924  162.6  1895  170.8  1999  208.8  1990  200.7  1888  213.0  1924   546.6  1916   336.0  2019   374.0  1890   511.2  1967  1621.4  1994
  215.0  2014  163.4  1939  155.5  1842  116.5  1965  114.0  1966  121.7  1890  141.6  1918  162.3  1929  169.4  1924  208.7  1845  199.6  2022  212.2  2012   546.2  1999   335.2  1882   370.8  1950   507.9  1877  1620.7  2002
  211.9  2002  163.1  1935  155.0  1987  115.7  1993  112.0  1993  119.5  1944  141.2  1881  162.1  1961  169.1  1948  205.9  1932  198.9  1974  209.2  1951   542.6  1994   328.5  1968   370.6  1873   507.2  1930  1615.7  1923
  211.2  1884  162.7  2016  154.2  1896  115.7  2013  111.8  1972  119.4  1965  139.8  1858  161.5  1941  168.1  1899  205.5  1930  194.6  1872  207.5  1911   541.7  1869   326.7  1997   370.3  2008   506.5  1998  1596.2  2012
  211.1  1872  162.2  1914  153.7  1963  114.5  1898  111.5  1931  119.2  1972  137.6  2016  160.6  1892  167.1  1861  204.1  2004  194.4  1999  207.5  1866   541.5  2005   326.7  1904   370.0  2020   503.5  1992  1594.0  1967
  208.2  1866  161.8  1925  152.5  1968  114.2  2012  111.4  2021  118.1  1999  136.5  1950  160.6  1982  167.0  1983  204.1  2011  193.2  1996  206.5  1982   537.4  1848   326.6  2002   368.9  1881   503.2  1869  1593.5  1988
  206.8  2004  160.4  1885  152.5  1905  114.1  1959  111.1  1999  117.7  1882  134.3  2020  159.0  1863  165.8  1891  201.4  1923  192.3  1928  205.1  1868   529.4  1863   325.2  1862   368.4  1962   502.8  1890  1578.8  2005
  205.5  1916  159.4  2008  148.8  1851  113.3  1915  110.7  2002  117.7  1945  134.3  2007  157.8  1917  164.4  1984  201.1  1970  191.9  1911  204.1  1936   527.1  1993   325.0  1966   368.0  1923   502.3  1927  1575.8  2007
  202.5  2020  156.9  1877  148.0  1981  113.2  1859  109.5  1997  114.5  1919  132.3  1931  155.3  2008  163.3  1954  200.9  1968  188.1  1914  203.0  1956   526.3  1915   322.7  1983   367.5  1930   500.1  2004  1565.6  1863
  202.3  1976  156.2  1916  147.9  2009  113.0  1985  109.0  1907  113.3  1998  131.5  1884  154.1  1907  162.6  1942  199.9  1961  188.0  1970  200.3  1959   519.7  1925   322.0  2007   365.7  1895   499.1  2001  1558.9  2019
  201.5  1937  153.8  1898  146.3  2021  112.5  1960  108.1  1964  113.3  1994  131.0  1877  153.9  1957  162.5  1965  199.8  1909  187.9  1931  200.1  1863   512.2  1950   321.6  1906   364.0  1924   498.7  2018  1548.6  1916
  199.0  1877  153.6  1923  146.2  1836  111.2  1999  107.5  1913  111.0  1897  130.3  1895  153.5  1841  162.2  1874  197.4  1929  187.8  1959  198.3  1854   512.1  1922   321.6  2014   363.3  1862   494.3  2005  1542.0  1950
  198.8  1989  152.4  1943  145.1  1920  109.9  1911  107.4  1884  111.0  1935  129.1  2019  151.1  1894  161.5  1878  196.2  1877  186.0  1944  197.8  1876   510.3  1866   319.8  1921   362.7  1928   493.5  1861  1536.0  1900
  198.8  2000  151.1  1910  144.7  1995  109.3  1996  105.5  1872  110.9  1946  128.4  1862  150.3  1883  161.2  1923  195.8  2022  185.6  1963  196.0  2020   509.8  1949   319.0  1976   362.7  1882   489.0  1979  1532.2  1979
  198.2  1903  150.4  1880  143.1  1966  107.8  2006  105.3  1840  110.7  1879  126.9  2002  149.0  1846  160.6  1892  194.6  2006  182.4  1881  195.3  1942   508.2  1983   316.9  1927   361.7  1961   488.6  2008  1528.7  1981
  197.3  1873  147.4  1883  140.2  1938  107.1  1964  104.9  1943  109.9  1844  126.7  1861  149.0  1879  157.7  1836  191.4  1843  182.0  1913  195.2  1893   508.0  1884   315.7  1910   360.9  2011   488.5  1932  1523.5  1882
  195.8  1988  145.8  1949  138.9  2007  106.9  1913  104.8  1923  109.6  2007  126.6  1932  148.8  1951  157.4  1866  190.9  1846  181.3  1930  194.7  1845   507.2  1957   314.2  1914   359.8  2015   487.8  1928  1522.9  2017
  195.0  1957  145.5  1970  138.8  1997  106.5  2000  104.5  1944  109.1  1896  125.7  1888  148.6  1964  154.7  1947  190.8  1942  180.7  1869  194.1  1891   506.5  1967   313.8  1897   356.1  1927   485.6  1903  1519.2  1980
  194.0  1920  144.0  1928  137.9  1914  106.3  1975  104.5  1968  108.0  1881  125.3  2012  146.3  2017  154.0  1977  190.1  2013  179.2  1998  193.6  1847   499.1  1872   312.2  1932   356.0  1992   484.9  1999  1512.3  1974
  192.0  1853  143.9  1871  137.1  1912  105.9  1868  104.5  2019  107.7  2008  124.3  1890  146.3  1950  153.2  2000  189.5  1928  178.5  1980  193.2  1979   496.0  1943   309.3  1943   355.5  1910   484.4  1918  1509.8  1949
  191.8  1986  143.5  1922  136.8  1860  105.2  1909  103.5  1847  107.6  1854  123.8  1915  145.2  1904  153.0  1961  187.8  1873  177.7  2011  192.5  2004   489.4  1981   309.1  1907   353.8  2002   484.0  1836  1507.7  1943
  191.3  1930  143.1  1967  136.5  2006  104.7  1880  103.5  1886  106.5  1947  123.5  1843  144.4  1873  152.8  1896  187.3  1860  177.7  1946  192.1  1985   485.8  1962   307.9  1972   353.0  1929   483.9  1996  1506.6  1898
  191.1  1927  143.0  1950  134.3  1874  103.6  1970  103.3  1938  105.1  1954  123.3  1853  143.4  1949  152.7  1962  185.8  1982  177.7  1883  191.6  1919   485.8  1899   306.3  1989   352.9  1848   482.6  1944  1504.1  1836
  186.5  1926  142.5  1999  133.9  1977  103.6  1935  102.2  1969  104.0  2005  122.3  1849  142.7  1912  152.5  2010  184.5  1853  177.2  1882  190.9  2000   483.3  2004   305.6  1905   352.7  1965   482.5  2021  1503.5  1970
  186.2  1948  142.4  1876  133.6  1890  102.7  1916  101.7  1878  104.0  1876  120.6  1837  142.3  1942  150.1  1934  184.5  2002  177.0  2000  189.8  2019   482.6  1923   304.6  1876   352.3  1943   482.3  2017  1503.5  1985
  186.0  1875  142.2  2017  133.5  1976  102.7  1871  101.4  1885  102.6  2019  120.3  1961  142.1  1906  149.8  1840  184.0  1980  176.4  1929  188.1  1990   479.8  1930   303.9  1988   351.3  1856   475.1  1926  1500.6  1934
  184.0  2018  141.2  1872  129.5  2014  101.0  1900  101.0  1894  102.6  1863  119.6  1937  140.3  1934  149.3  2006  183.9  1989  175.5  1899  187.4  1957   478.3  2021   302.5  1867   345.8  1912   472.0  1961  1495.8  1866
  183.0  1851  141.0  1937  128.6  1928  100.2  1862  100.7  1854  102.3  1943  119.0  1980  140.0  1963  149.1  1987  183.0  2005  174.8  1926  184.8  1915   476.6  1867   298.8  1916   345.4  1892   470.2  1845  1495.3  1983
  181.7  2012  141.0  1893  127.5  1957   99.9  1953  100.2  1858  101.8  1913  117.7  1909  138.6  1924  148.7  1970  182.3  1976  174.7  1973  184.7  1948   473.1  1988   298.3  1987   345.1  2016   469.7  1940  1492.9  1995
  181.5  1923  140.5  1961  127.3  2017   99.5  1948   99.9  1934   99.8  1997  117.5  1883  138.5  1897  148.1  1945  180.2  1890  174.5  2002  183.8  1897   468.2  1849   298.0  1998   344.6  1894   468.7  1983  1491.9  1912
  180.1  1934  139.7  1996  127.3  1926   99.1  2016   99.3  2014   99.6  1901  117.5  1848  138.3  2007  146.7  1964  178.1  2017  172.4  2005  183.3  1862   467.8  1913   298.0  1908   341.4  1900   465.4  2010  1489.3  1989
  179.3  1949  139.6  1884  126.5  2002   99.0  1882   98.9  1888   99.5  2011  117.4  1923  138.1  1866  146.7  1879  177.4  1841  170.3  1850  183.1  1997   466.5  1945   297.8  2000   341.2  2014   464.6  1864  1488.4  2016
  178.0  1900  139.4  2021  126.3  1991   98.9  1990   98.0  1973   99.4  1981  116.9  1867  137.6  1960  146.4  1988  176.3  1977  170.2  1916  182.0  1934   464.5  1852   297.5  1982   340.2  1883   460.3  1899  1488.4  1861
  177.8  1944  138.7  1931  126.1  2000   97.6  2008   96.6  1983   99.1  1852  116.8  1894  137.5  1850  145.9  2012  174.7  1906  169.7  1836  180.9  1932   464.4  1928   297.2  1926   340.0  1970   458.2  1929  1485.9  1966
  176.8  1894  137.6  1962  125.7  1864   97.5  1922   94.9  1955   98.8  1987  116.6  1900  137.0  1928  144.5  1990  174.2  1927  169.4  1906  180.9  1998   459.8  1898   297.1  1922   338.1  1874   458.1  1963  1484.3  1993
  173.3  1843  136.5  1837  125.4  1999   96.3  1961   93.9  1982   97.5  1851  116.6  1896  136.0  1898  142.2  2016  173.8  1893  168.4  1972  178.6  1836   458.8  2022   295.9  1995   337.6  1931   457.5  1943  1482.4  1927
  171.4  1906  136.1  1988  122.6  1998   95.8  1923   93.6  1904   97.3  1864  116.5  1958  134.9  2012  142.1  1873  172.8  1926  167.4  1969  178.2  1877   458.0  1883   295.6  1949   334.8  1964   457.3  1948  1480.5  1862
  169.9  1840  135.5  1849  122.3  1895   95.2  1901   93.4  1979   96.9  1892  116.0  1880  134.7  2005  141.4  1974  172.2  1847  167.3  1880  176.9  1884   457.3  1933   294.8  2021   332.7  1897   455.6  2012  1479.4  1926
  169.7  1981  135.2  1852  121.6  1993   93.6  1979   93.2  1865   96.8  1952  115.9  1910  133.8  1952  140.8  2017  171.8  1872  166.5  1844  174.5  1973   455.3  1958   292.3  1991   332.3  1918   454.9  1873  1473.1  1884
  169.1  2003  134.8  1859  120.5  2020   93.5  1847   92.4  1947   95.6  1840  114.8  1993  133.8  1927  140.6  1932  170.3  1948  165.5  2010  173.9  1869   453.1  1935   290.6  1898   330.3  1954   454.1  1990  1472.5  1962
  166.8  1998  131.6  2007  120.2  1894   92.8  2014   92.3  1870   95.5  1853  114.8  1838  132.9  1905  140.1  1953  168.6  2018  164.8  1852  170.9  1872   452.7  1926   289.2  2008   328.9  1953   450.3  1986  1470.4  1874
  166.4  1859  131.0  1864  118.7  1907   92.6  1874   92.2  1921   95.0  1973  114.4  1922  132.7  1900  138.8  2005  168.6  1988  163.3  2017  170.3  1964   451.5  1859   287.6  1912   327.5  1987   449.0  1916  1467.2  1961
  165.5  1869  130.9  1948  118.4  1848   92.5  1914   91.8  1899   95.0  1845  114.2  1942  131.6  1980  138.2  1893  168.3  1959  162.2  1898  169.7  1857   447.9  1960   286.8  1965   327.3  1896   448.7  1893  1462.3  1920
  164.9  2009  128.2  1933  116.9  1899   92.0  1836   91.7  1962   94.6  1963  114.1  1951  130.8  1921  138.2  1967  168.2  1918  161.6  2020  167.9  1842   446.7  1992   286.5  1950   327.2  1836   448.7  1863  1461.2  1991
  163.7  1836  128.0  1867  116.8  1940   91.2  1933   91.6  1900   93.8  1959  113.6  1856  130.5  1901  135.5  1944  166.3  2009  161.1  1866  167.8  2003   443.4  1931   286.4  1909   326.0  1951   447.9  1891  1459.9  1935
  162.9  1874  126.6  1882  115.8  1881   90.6  1889   91.0  1929   92.2  2015  113.3  1934  130.3  1958  134.7  2022  165.6  1900  161.1  1905  167.2  1896   442.7  1910   286.4  1874   323.9  1958   447.2  1974  1459.9  1932
  162.8  1862  126.0  1856  115.7  1939   89.6  1876   90.4  1868   92.1  1900  111.6  1965  130.0  1998  133.7  1898  165.1  1867  160.9  1847  166.9  1841   441.1  2013   285.7  1970   323.5  1990   443.8  1847  1459.7  1883
  161.8  1965  125.4  1889  115.1  1902   89.4  2002   89.2  1902   92.0  1916  111.1  1933  129.7  1838  133.1  1919  163.8  1991  160.2  2003  165.6  1902   440.7  1885   285.3  2013   321.1  1891   442.0  1878  1458.0  2013
  161.0  1931  125.3  1926  115.0  1846   88.9  1905   88.9  1877   89.4  2016  110.7  1916  128.6  1979  131.7  2019  163.4  1971  159.0  2018  164.7  1962   438.9  1912   284.7  1863   319.1  1841   441.2  1976  1456.3  1984
  157.7  1899  125.1  1941  113.5  1879   88.7  1940   88.9  1926   88.8  1875  110.1  1987  128.0  1890  131.5  1856  161.7  1878  158.8  2012  164.5  1984   437.4  1987   283.6  1859   317.8  1851   440.6  1883  1452.0  1852
  157.0  1946  125.1  1974  113.1  1884   88.6  1963   88.7  1953   88.0  1926  110.0  2017  127.4  1865  130.4  1886  161.4  1987  158.8  1848  163.5  1940   436.6  1864   283.5  2004   317.5  1960   439.7  1953  1448.9  1930
  156.8  1958  124.9  1960  112.9  2005   85.7  2022   87.8  1873   88.0  1950  108.8  1920  126.9  1918  130.2  1979  161.1  1944  157.8  2007  163.2  1901   436.1  1939   283.2  1888   316.9  1942   439.5  1892  1444.0  1957
  154.9  1978  124.9  1844  112.7  1844   85.5  2018   87.6  1942   88.0  1956  108.4  1872  126.4  1893  129.9  1991  160.8  1986  157.6  1884  162.1  1944   435.6  1914   282.5  1945   316.6  1963   435.7  1947  1442.5  1906
  154.1  1942  123.8  1966  112.0  1839   85.4  2010   87.4  1875   87.7  2001  108.3  1851  125.5  1860  129.8  1969  158.8  1854  156.9  1912  161.2  1856   430.3  1846   282.2  1985   316.3  1966   434.4  1900  1441.0  1977
  152.8  1951  123.8  1908  110.7  1891   85.0  1973   87.3  1965   87.7  1836  108.3  1893  123.2  1878  128.2  1956  158.6  1949  155.2  1843  158.8  1882   426.2  2018   280.5  2003   315.2  1952   431.8  1969  1440.9  1890
  151.9  1883  123.3  2015  110.6  1857   84.6  1846   87.0  1909   87.2  1929  107.3  2008  122.8  1946  127.7  1955  158.4  1884  154.9  1994  157.2  1883   425.0  1946   279.0  1964   314.7  1860   429.8  1934  1437.1  1951
  151.6  1910  122.7  1905  109.4  1919   84.3  1920   85.2  1956   86.8  1858  107.2  1975  121.8  1965  127.5  1926  158.2  1868  154.4  1919  156.2  1960   424.4  1901   276.1  1948   314.0  1934   425.6  1898  1436.7  1944
  149.2  1854  119.4  1904  109.1  1948   83.9  1944   84.9  1932   86.2  1847  106.7  1886  121.6  1872  127.1  1859  156.9  1870  154.0  1949  156.2  1965   422.3  1997   274.3  1872   313.7  1858   425.6  1885  1430.4  1918
  149.2  1886  118.7  1946  106.8  1862   83.8  1896   83.8  1898   85.9  1962  106.6  1954  120.6  1855  127.1  1976  156.6  1836  153.9  1966  156.0  1992   421.8  1961   274.2  1954   312.6  1888   423.5  1987  1423.4  1997
  149.0  1991  118.4  1977  106.8  1906   83.6  1931   83.8  1914   85.8  1964  106.4  1974  120.5  1875  127.0  2009  155.1  1936  150.8  1971  152.0  1886   421.2  1956   273.5  1902   311.7  1989   423.4  2014  1414.1  1894
  148.4  1982  118.0  1907  106.4  1888   82.9  1870   82.9  2012   85.5  1917  106.0  1948  119.7  1986  126.5  1875  154.3  1892  150.8  2001  151.8  1873   420.4  1892   273.0  1938   311.0  1852   419.2  2013  1413.5  1873
  148.4  1943  117.7  1863  105.7  1838   82.7  1912   82.9  1995   84.7  1911  105.5  1968  119.6  1990  125.9  1963  154.1  1876  150.5  1941  150.3  1864   420.4  1991   271.9  1896   311.0  1979   418.7  1985  1409.0  1876
  148.2  1922  116.3  1906  105.2  1970   82.0  1895   82.1  1910   83.8  1924  104.6  1887  119.6  1881  125.5  2020  152.4  1891  150.5  1845  150.2  1858   418.5  1952   270.4  1886   310.0  1853   416.8  1866  1408.8  1914
  148.1  1933  115.4  1982  104.3  1952   81.7  1850   81.6  1843   83.7  1985  104.3  1979  119.0  1970  124.5  1900  152.4  1883  149.0  1923  150.2  1958   415.1  1955   267.2  1885   306.6  2010   414.9  1875  1406.0  1965
  147.1  2013  115.1  1973  103.9  2011   81.4  1986   81.4  1881   83.4  1930  104.0  1967  118.6  1954  124.0  1938  152.2  1940  148.2  1920  149.8  1931   413.4  1900   265.9  2022   304.5  1871   414.2  1884  1405.9  1910
  146.2  1909  112.5  1861  103.8  1980   81.4  1907   80.5  1992   83.0  1969  103.9  1852  118.6  1987  122.4  1897  152.0  1864  147.7  1960  149.7  1952   412.2  1851   264.3  1951   304.1  1959   413.5  1988  1403.1  1846
  144.9  1865  111.8  1870  102.8  1927   81.0  1926   79.5  1927   82.4  1842  103.5  1874  118.1  2016  121.9  1882  151.8  1896  147.7  1927  149.6  1918   411.6  1938   263.7  1860   303.8  1875   410.6  1942  1402.7  1978
  144.8  1925  111.2  1958  102.0  1984   80.4  2009   79.3  1981   81.4  1937  103.4  1929  116.4  2015  120.6  1925  150.9  2012  147.1  1910  149.2  1945   410.5  1921   263.6  1919   303.0  2001   410.4  2002  1399.4  1956
  144.2  1892  110.8  1951  101.9  1866   79.0  1877   78.7  1860   79.9  1878  103.3  1855  116.2  2000  120.5  1930  150.3  1941  145.1  1935  148.6  1910   410.1  1873   263.4  1884   302.3  1937   410.0  1839  1395.4  2018
  142.9  2021  109.7  1984  101.5  1871   78.7  1967   78.7  1863   79.3  1983  103.0  1865  115.4  2001  120.4  1943  149.5  1859  145.0  2008  148.2  1923   408.9  1911   263.0  1894   299.5  1940   410.0  1906  1390.0  2021
  141.2  1972  109.5  2005  101.3  1950   78.5  1997   78.4  1974   79.3  1961  102.8  1891  112.7  1920  119.5  1857  148.4  2019  144.6  1874  147.5  1922   408.7  1976   261.3  2016   299.2  1837   407.3  1882  1389.3  1848
  141.2  1867  109.4  1954  101.3  1934   78.3  2015   78.2  1996   79.3  1898  102.4  1947  112.4  1926  118.7  1887  148.1  1933  144.5  2021  147.4  1988   408.1  1908   260.7  1981   297.7  1916   405.5  1965  1387.1  1924
  140.9  1968  109.2  1957  100.9  2010   78.0  1924   77.5  1971   78.8  1888  101.8  1921  112.1  2020  118.1  1867  148.0  1952  144.4  1900  147.2  1895   406.5  1948   260.4  1973   297.6  1855   403.0  1959  1386.6  1921
  140.5  1915  108.7  2004   99.1  2018   77.9  1888   77.0  1883   78.5  1960  101.5  1840  112.0  1851  118.1  1917  147.7  1957  143.4  1875  146.7  1871   404.6  1986   259.8  1843   296.6  1939   402.7  1968  1383.6  1899
  139.7  1878  108.0  1938   98.5  1954   77.8  1872   76.9  1970   78.1  1979  101.4  1960  111.5  1953  117.0  1966  147.5  2010  142.1  1918  146.5  1907   402.8  1882   259.1  1911   295.5  1917   401.9  1846  1377.6  1931
  139.3  1952  107.7  1854   98.3  2004   77.3  1988   76.9  2020   77.5  1908  100.3  1964  111.2  1919  116.9  1968  147.3  1858  142.0  1932  146.4  1928   401.9  1980   258.6  1846   294.1  1901   399.2  1966  1372.1  1942
  137.8  1908  107.4  1881   98.0  1961   77.2  2011   76.8  1879   77.3  1861  100.2  1941  110.0  1973  116.6  1870  147.1  1855  141.8  1849  145.5  2016   397.7  1890   257.5  1958   293.8  1876   397.5  1853  1366.4  1911
  137.0  1992  107.1  1912   97.9  1878   77.0  1853   76.4  1850   77.1  1958  100.0  1899  108.2  1914  115.1  1890  146.5  1963  141.2  1985  145.4  2017   396.7  1906   256.5  1890   292.7  1945   396.4  1905  1364.6  1869
  135.6  2011  107.0  1842   97.5  1971   77.0  1855   75.8  1911   77.0  1989   99.9  2001  108.1  1852  114.1  1997  145.7  1912  141.1  1895  143.8  1930   396.0  1876   256.1  1978   292.0  1867   396.3  1975  1364.4  1891
  135.6  1939  107.0  1887   97.5  1951   76.8  1887   75.6  1908   76.7  1894   99.4  1927  108.0  1933  111.0  1845  145.0  1875  140.9  1886  143.6  1906   394.1  1887   255.9  1877   291.9  1941   394.0  1886  1358.2  1946
  135.1  1887  105.7  2012   96.9  1947   76.7  1917   75.5  1891   76.6  1867   98.7  2011  108.0  1888  111.0  1958  144.1  1979  139.5  1975  143.2  1881   392.6  1918   255.8  1940   291.2  1936   393.1  1859  1355.9  1929
  135.1  1969  104.3  2019   96.1  1845   76.4  1969   75.4  1949   76.5  2000   98.6  1841  107.9  1876  110.8  1940  143.7  1895  138.8  1864  142.7  2007   392.1  1865   254.8  1836   290.8  1840   388.5  1949  1355.0  1907
  134.1  1947  104.2  1846   95.8  1985   75.9  1962   75.3  1897   76.2  2003   97.8  1906  106.3  1862  110.7  1847  142.7  1901  137.7  2014  142.3  1913   389.2  1878   254.6  2012   290.7  1893   387.5  1850  1351.7  1859
  133.1  1858  102.7  2001   95.6  1945   75.5  2001   74.8  1987   75.8  1880   97.5  1928  106.0  1908  110.6  1883  141.6  1955  137.6  1997  142.2  1894   387.5  2017   253.6  1961   290.5  1973   387.0  1843  1350.8  1987
  133.0  1882   99.8  1976   95.2  1915   74.2  1903   74.4  1917   75.1  2006   94.6  1945  106.0  1935  109.9  1904  139.3  1958  137.1  1964  142.0  1875   386.0  1932   252.7  1923   289.6  1849   386.0  1888  1348.6  1864
  132.9  1945   98.9  1900   95.0  1855   72.9  1885   74.3  1918   75.0  1873   94.5  1875  104.7  1871  109.7  1936  139.3  1907  136.7  1893  141.6  1953   384.4  2001   252.7  1878   289.1  1844   385.2  1964  1346.3  1945
  132.6  1936   98.2  1981   94.6  1886   72.8  1857   73.8  1856   75.0  1957   94.0  1902  104.2  1837  109.4  2021  139.1  1945  136.1  1837  141.3  1987   383.4  2009   252.1  1861   289.1  1854   384.9  1924  1343.6  1893
  131.9  1904   98.0  1971   94.2  1909   72.4  1897   73.8  1841   74.7  2022   93.2  1914  103.6  2018  108.9  2001  138.9  1865  135.5  1894  141.2  1916   383.4  1843   251.3  1851   288.8  1926   384.1  1841  1337.8  1845
  131.6  1857   97.7  1860   93.3  1932   72.3  1886   73.5  1977   74.5  1837   92.6  1991  103.4  1845  107.1  1841  137.8  1965  133.8  1950  141.1  1904   383.2  1837   249.0  1889   288.5  1868   383.4  1862  1334.2  1917
  131.4  1846   97.0  1913   93.0  1885   72.2  1869   73.4  1985   74.3  1976   92.2  1911  103.0  1994  106.6  2008  137.3  1921  132.7  1863  140.9  1925   382.6  1870   248.7  1944   288.5  1850   382.6  2019  1332.6  1854
  131.1  1954   96.8  1865   92.3  1898   71.6  1838   72.6  2016   74.2  1993   91.8  1992  102.2  2010  106.4  1994  136.7  1848  131.8  1976  140.7  1850   382.1  1954   248.0  1858   288.4  1922   382.1  2015  1327.2  1867
  131.0  1914   96.8  2018   90.9  1872   71.5  1939   72.3  1867   74.1  1967   90.0  1866  101.8  1966  106.0  1928  135.0  1885  131.5  1903  140.4  1885   376.9  1840   247.5  1879   287.4  1944   381.3  1912  1324.2  1925
  129.5  1918   96.7  1955   90.2  1889   71.5  1968   72.1  1903   73.8  1855   89.3  1854  101.6  1896  105.7  1903  134.6  1969  130.7  1967  139.9  1946   376.9  1874   247.1  1864   287.3  2005   377.6  1881  1324.1  1976
  129.1  1860   95.9  1836   89.6  2016   71.4  1841   71.1  1941   73.5  1850   89.1  1930  101.4  1937  105.5  1853  134.1  1950  129.6  1891  139.9  1909   375.1  1965   246.7  1996   286.8  1866   377.2  1946  1322.6  1896
  128.4  1971   95.7  1980   89.1  1901   71.2  1955   71.1  1842   73.5  1857   88.8  1981  101.2  1977  105.4  1905  132.2  1888  128.4  2013  139.2  1991   375.0  1905   246.3  1957   286.1  1935   377.1  1936  1317.7  1953
  128.4  1956   95.2  1978   87.9  1877   71.1  1856   70.6  1882   73.3  1922   88.7  1857  100.7  1922  104.3  1957  131.2  1850  125.3  1995  138.3  1859   373.5  1857   244.9  1959   286.1  1863   376.2  1909  1317.0  1908
  125.0  1961   94.8  1994   87.7  1854   70.7  1958   70.1  1952   73.2  1849   88.4  1995  100.4  1974  104.0  1952  130.3  1863  125.2  1846  138.0  1880   370.8  1927   244.2  1915   285.7  1904   374.1  1951  1316.0  1959
  124.9  1913   94.8  1897   87.2  1925   70.2  1906   69.9  1849   72.8  1895   88.4  1926   99.3  1848  102.6  1880  129.9  1905  125.0  1873  137.2  1938   370.4  1907   243.7  2017   285.4  1933   373.3  1896  1308.7  1875
  124.3  1912   92.4  1972   86.5  1959   69.7  1837   68.9  1852   72.3  1883   88.1  1997   98.5  1867  102.5  1876  129.8  1898  125.0  1943  137.0  1889   366.5  1842   242.4  1881   285.0  1845   373.0  1911  1308.1  2001
  123.7  1924   90.5  1839   86.3  1841   69.1  1902   68.2  1889   72.0  1839   88.0  1892   98.4  1971  102.4  1973  128.8  1837  124.6  1892  136.5  1899   365.1  1860   241.4  1871   283.3  1994   372.5  1971  1306.8  1904
  122.8  1960   88.6  1851   86.2  1910   68.7  1983   67.8  1912   71.8  1904   87.7  1839   97.2  1978  100.7  2013  128.8  1871  122.2  1908  136.4  1865   365.0  1850   241.3  1952   282.6  1991   372.1  1939  1306.8  1892
  122.2  1898   87.1  1987   83.6  1930   68.5  1987   67.5  1948   71.2  1971   87.1  1908   96.9  1882  100.4  2007  128.4  1966  121.4  2004  136.3  1972   364.3  1970   241.1  1838   279.6  1906   370.8  1994  1305.2  1905
  122.2  1967   85.4  2006   83.5  1949   68.2  1995   66.8  1930   70.9  1970   87.1  1986   96.9  1843   99.6  1838  126.4  1956  119.1  1961  136.0  1978   364.3  1972   240.2  1928   276.2  1974   370.0  1919  1303.6  1958
  120.2  1919   84.9  1899   83.2  1883   67.9  1966   65.2  2000   70.4  2009   87.1  1999   96.6  2006   99.0  1937  126.3  1925  119.0  1838  135.5  2008   362.3  1871   239.2  1857   272.3  1967   366.2  1913  1303.4  1940
  120.0  1845   84.3  1953   83.0  2003   66.9  1952   64.5  1937   70.0  1968   86.7  1969   96.4  1884   98.7  1902  125.3  1839  118.9  1878  135.3  1908   362.3  2011   238.4  1900   271.2  1898   365.4  1870  1302.5  1973
  119.3  1950   83.3  1991   82.9  1965   66.6  1945   64.1  1905   69.4  1974   86.6  1845   95.8  1859   98.2  1884  125.0  1869  118.4  1887  133.5  1967   360.3  1966   238.1  1847   271.1  1889   361.9  1840  1302.3  1897
  119.3  1902   83.1  2009   82.5  1943   66.5  1849   63.8  1838   69.4  1955   86.2  2014   95.0  1916   97.3  1858  122.7  1886  117.8  1948  133.0  2021   357.7  1973   236.2  2010   271.0  1843   358.9  1876  1300.9  1850
  118.1  1979   82.1  1892   81.8  1917   66.5  1848   62.9  1890   69.2  2018   86.2  1943   94.6  1844   96.3  1842  120.9  1992  116.5  1859  131.3  2018   357.1  1886   235.9  1895   270.8  1999   358.9  1941  1299.3  1885
  117.0  1844   81.8  2013   81.7  1858   66.1  1858   61.6  2004   68.5  1977   85.4  1978   94.2  1887   94.6  1920  119.7  1999  116.2  1854  131.2  1867   355.7  1904   235.5  1901   270.6  1920   357.6  2007  1298.5  1913
  113.8  1839   81.7  1936   80.8  1935   65.9  1976   61.3  1864   67.2  2014   85.4  1973   94.2  1967   94.1  1989  117.6  1851  115.8  1901  130.7  1971   355.2  1951   234.6  1848   270.6  1908   357.5  1895  1293.7  1964
  113.2  1888   81.5  2010   79.0  1865   65.0  1908   60.3  1893   67.0  1841   84.6  1844   94.2  1849   93.5  1951  117.4  1931  113.4  2016  129.9  1839   354.0  1909   233.5  1953   269.0  1986   357.5  1956  1291.2  1960
  112.9  1977   80.7  1857   78.4  1922   64.9  1989   59.7  1957   66.8  1984   84.5  1952   94.1  1944   92.2  1998  116.8  1899  113.0  1987  129.6  1920   351.2  1889   233.4  1924   268.7  1909   357.3  1931  1290.0  1947
  112.9  1980   78.6  1969   78.0  1863   64.6  1851   59.5  1874   66.5  1975   84.2  1864   93.7  1840   90.1  1901  116.7  1924  112.8  1907  124.7  1887   347.7  1941   233.3  1931   268.5  1982   356.8  1854  1289.9  1909
  111.6  1876   78.1  1944   77.4  1973   64.4  1941   59.4  1961   66.3  1933   83.6  2022   93.4  1909   89.2  1868  116.1  1978  112.2  1936  117.0  1888   347.5  1968   233.1  1842   267.9  1884   356.0  1952  1279.7  1922
  111.1  1905   77.1  1840   77.3  2001   63.3  1928   59.2  1960   66.0  1996   83.1  1897   93.3  1856   87.4  1960  114.9  1889  111.1  1865  117.0  1837   345.7  1942   232.9  1917   267.6  1921   355.7  1973  1278.0  1939
  110.4  1959   76.9  1901   76.0  1946   62.9  2017   59.0  1846   65.7  1868   82.5  1905   92.2  1854   86.0  1850  114.9  1993  110.6  1840  116.5  1870   343.8  1944   232.5  2018   266.4  1911   352.5  1868  1273.4  1841
  110.2  2022   76.7  1896   75.6  1880   62.7  1946   57.6  1988   64.9  1923   82.1  1971   91.7  1902   85.8  1846  113.5  1838  110.0  1897  116.4  2001   342.8  1858   231.6  1841   264.9  1993   351.6  1908  1273.1  1881
  109.8  1891   75.6  1942   75.2  1916   62.5  1942   57.4  1839   64.8  1978   81.9  1876   91.1  1853   85.8  1911  113.5  1881  107.5  1853  116.2  1848   342.3  2019   231.5  1854   261.8  1919   350.3  1880  1272.7  1963
  108.8  1907   74.7  1956   75.1  1936   62.5  1956   56.0  1998   63.9  1903   81.9  1963   91.0  1925   85.3  2003  111.8  1960  107.2  1842  116.0  1941   342.2  1982   231.3  1971   260.4  1905   348.6  1901  1272.7  1888
  108.8  1889   74.0  1853   73.4  1911   62.3  1883   55.8  1857   63.8  1953   81.6  2013   89.9  1915   84.4  1929  109.5  1994  106.9  1909  114.3  1961   341.7  1978   231.0  1962   258.6  1865   347.0  1960  1272.1  1968
  108.0  1935   73.5  1841   72.7  1904   62.0  1930   54.8  1933   63.8  1939   81.5  1859   89.6  2002   83.8  1915  108.2  1861  105.2  1965  113.2  1969   341.1  1880   228.7  1880   258.6  1972   344.4  1837  1271.5  1952
  107.9  2006   73.3  1845   71.8  1933   62.0  1984   54.8  1989   63.8  1918   80.7  2003   89.5  1911   83.0  1921  108.1  1882  105.1  1868  110.1  1861   340.0  1924   227.5  2020   257.0  1969   342.0  1852  1271.1  1886
  106.8  2019   73.2  1927   71.5  1937   61.2  1929   54.0  1990   63.1  1951   79.3  2018   89.1  1836   81.7  1854  106.9  1974  104.0  1952  109.0  1905   335.5  1862   225.3  1891   254.9  1975   341.8  1848  1270.7  1975
  106.3  1973   73.1  1968   71.0  1972   60.4  1866   53.5  2017   62.2  1986   79.2  1912   88.1  2013   81.6  1881  106.3  1852  102.8  1956  107.6  1855   333.1  1902   223.1  1939   254.8  1997   339.6  1860  1270.2  1996
  106.3  1896   73.0  1879   70.9  1873   60.1  1864   51.2  1901   61.4  1869   79.0  1996   87.6  1936   81.1  1871  104.2  1913  102.5  2019  106.6  1975   331.2  1875   222.8  1960   252.2  2018   338.8  1989  1258.1  1936
  105.6  1970   72.5  1909   70.0  1941   60.1  1890   51.1  1950   60.5  1934   79.0  1962   87.4  1969   80.0  1913  103.1  1902  102.4  1876  106.5  1926   330.1  1896   222.5  1883   251.7  1971   338.0  1955  1252.2  1915
  105.6  1864   71.3  1878   69.6  1942   59.4  2003   51.1  1837   60.4  1942   78.4  1847   87.3  1938   79.8  1877  101.5  1840  102.3  1922  105.4  1838   329.6  1977   220.0  1935   250.9  1915   336.9  1962  1250.4  1871
  105.3  1861   70.0  1952   68.6  1867   59.1  1957   51.0  1861   60.1  1885   77.5  1842   87.2  1858   79.5  1837  101.4  1964  102.1  1871  104.4  1903   323.6  1953   219.7  1942   250.7  1949   332.5  1997  1248.4  1919
  103.4  1885   68.1  1993   67.1  1893   57.2  1879   50.2  1940   60.0  1874   77.5  1850   86.5  2021   79.0  1922   99.4  2007  100.8  1990  101.3  2009   321.9  1893   218.6  1955   250.1  1914   332.4  1867  1247.7  1847
  102.5  1901   68.1  1924   66.7  1956   56.3  1971   50.0  1936   60.0  1902   76.6  1907   85.8  1839   78.8  1914   98.3  1866  100.7  1915  100.7  1879   317.4  1897   218.1  1969   250.0  1864   332.2  1914  1246.7  1878
  101.9  1871   67.5  1886   66.7  1974   55.7  1875   49.9  2010   59.9  2013   75.8  2004   84.9  1940   78.6  1912   96.0  1953  100.5  1904   99.3  1935   317.3  1844   217.8  1933   247.7  1847   332.1  1838  1244.2  2010
  101.8  1917   66.1  1891   64.8  1958   53.5  1954   49.6  1848   59.5  1870   74.3  1990   83.2  1842   75.9  1949   95.5  1849   99.7  1857   98.7  1860   316.5  1861   217.5  1855   247.6  2000   329.5  1957  1243.5  1860
   99.8  2017   65.7  1847   63.7  1964   53.4  2007   48.6  1866   58.7  1866   74.2  1925   83.0  1847   75.3  1849   95.4  1911   99.6  1902   98.2  1976   315.3  1971   216.8  1870   247.5  1878   329.4  1887  1242.7  1849
   98.2  1841   63.2  2003   63.6  1849   53.1  1878   48.4  1880   58.1  1859   73.9  1944   81.3  1885   74.3  1993   93.7  1939   99.6  1841   97.6  2005   313.9  1959   214.5  1956   247.5  1978   324.4  2003  1233.8  1969
   96.9  1870   62.6  1862   63.5  1962   53.0  1937   48.3  1928   57.6  1909   71.5  1966   81.2  1975   73.4  1862   93.7  1937   98.8  1924   96.1  1996   313.6  1936   212.4  1930   245.7  1902   322.8  1844  1222.4  1895
   96.7  1911   62.2  1874   62.5  1875   52.8  2019   47.9  2018   57.0  1899   70.7  2006   81.2  1972   72.7  1895   92.3  1887   98.5  1988   96.1  1989   312.8  1856   211.8  1975   245.5  1839   321.9  1897  1220.8  1901
   93.7  1893   62.1  1940   62.3  1887   52.3  1844   46.9  1845   56.1  1982   70.5  1889   81.1  2022   72.7  1844   92.2  2015   97.9  1839   93.5  1878   311.0  1919   210.8  1866   243.9  1968   321.2  2016  1212.5  1971
   92.7  1842   60.7  1888   62.0  1975   51.4  1845   45.7  1887   56.0  1893   70.0  2021   80.4  1945   72.6  1939   91.7  1904   96.7  1962   91.8  1917   309.8  1839   210.6  1865   243.1  1842   321.0  1920  1208.9  1843
   92.4  2010   60.5  1983   61.9  2022   49.5  1921   45.5  1855   56.0  1871   69.1  1935   77.5  1932   72.3  1860   91.6  1842   96.3  1885   91.7  1950   308.2  1947   208.9  1839   242.3  2006   317.4  1945  1208.6  1972
   91.7  1955   56.5  1875   60.3  1944   48.3  1860   44.4  1959   55.7  1886   68.7  1904   75.9  1993   70.9  1852   91.2  1894   91.9  1870   91.6  1977   306.8  2003   208.2  1892   242.2  1981   312.6  1849  1207.2  2003
   90.8  2001   53.3  1959   60.0  1843   47.5  1982   43.7  1951   54.4  1910   68.6  1870   75.6  1886   70.2  1889   91.2  1857   91.7  1889   89.5  1947   299.6  1979   207.9  1850   242.0  1932   312.0  1871  1198.7  1839
   90.0  1880   52.0  1921   59.2  1996   47.3  1978   43.4  1975   53.8  1936   67.1  1994   69.9  1996   69.6  1909   89.6  1897   87.9  1862   88.9  1970   298.6  1888   205.6  1941   239.4  2022   310.4  1857  1191.2  1858
   89.6  1953   50.7  1964   58.5  1869   47.0  1893   43.3  2001   50.7  1843   66.8  1869   68.5  1864   65.9  1906   88.9  1910   84.9  1968   88.8  1874   296.7  1969   205.6  1875   238.0  1886   306.2  1858  1188.4  1879
   89.0  1996   50.6  1902   57.5  2012   46.2  1936   42.5  1946   49.2  1920   66.3  1976   68.5  1968   65.2  1996   87.4  1962   84.8  1856   88.6  1849   296.2  1854   200.0  1849   236.4  1887   305.3  1865  1183.5  1880
   86.3  1850   48.7  1929   52.5  1955   45.8  1892   41.3  1991   48.6  1914   64.9  1860   67.8  1991   61.6  1986   83.6  1844   83.8  1933   87.9  1943   296.1  1985   197.0  1873   235.4  1859   304.4  1879  1173.3  1838
   85.7  1895   48.3  1934   52.2  1923   45.2  1881   39.8  1869   47.4  1891   64.1  1901   67.2  1959   60.9  1916   82.5  1919   80.0  1860   87.7  1937   291.0  2006   196.1  2001   232.2  1977   304.1  1958  1168.2  1889
   84.7  1985   47.7  1975   51.6  2013   43.1  1854   37.9  1851   45.0  1905   63.8  1949   67.1  1931   58.3  1971   81.9  1985   77.6  1921   87.3  1892   287.9  1855   194.4  1845   229.6  2013   303.3  1925  1160.1  1853
   82.2  1848   47.0  1985   51.1  1960   42.9  1884   37.2  1871   43.6  1949   62.6  1977   66.9  1997   58.0  1941   80.8  1997   77.5  1957   87.3  1939   285.5  1996   189.0  1937   227.1  1857   302.1  1904  1158.8  1857
   80.3  1966   45.5  1979   50.5  1918   41.7  1894   36.4  1876   42.7  1995   60.8  1885   65.7  1999   55.2  1865   80.6  1915   77.4  1993   83.0  1968   279.7  1917   187.3  1984   226.0  1880   301.4  1902  1156.6  1941
   79.2  1856   45.3  1838   49.8  1850   39.5  1839   35.8  1978   40.8  2021   58.3  1972   65.2  1939   53.0  1888   80.4  1879   77.3  1879   81.0  1851   279.2  1881   184.8  1887   214.9  1996   298.3  1907  1156.1  1902
   73.7  1964   43.1  1965   49.3  1837   39.1  1891   35.8  1939   40.8  1992   55.9  1898   64.9  1857   52.0  1931   80.4  1880   68.7  1896   78.5  1981   275.3  2010   184.7  1844   213.2  1947   298.0  1921  1154.3  1937
   73.2  1987   42.3  1843   45.9  1900   38.4  1918   35.8  1915   40.0  1884   54.9  2000   54.0  1981   51.5  2002   80.3  1975   68.7  1955   75.5  1843   273.9  1934   181.2  1946   205.9  1899   295.1  1842  1152.6  1865
   68.1  1837   42.0  1873   45.7  1853   38.3  1873   35.6  1935   39.8  1906   53.6  1984   53.5  1870   49.8  2015   79.0  2003   65.5  1934   74.4  2002   258.4  1895   180.4  1929   202.2  1885   283.4  1910  1146.7  1856
   59.1  1941   41.2  1919   44.9  1953   38.3  1865   33.9  1896   39.6  1940   52.2  1917   52.2  1869   47.3  1910   78.5  1973   63.3  1851   74.1  1846   249.0  1929   174.3  1893   202.2  2003   276.9  1889  1141.7  1851
   58.9  1879   39.9  1858   41.7  1892   37.1  2021   31.6  1895   39.5  2010   51.8  1982   50.4  1984   46.9  1959   78.2  1920   61.6  1858   71.2  1840   242.9  1841   171.4  1936   197.4  1925   275.4  1856  1138.8  1842
   58.7  1847   36.6  1917   41.6  1870   33.4  1981   31.5  1919   37.8  1932   49.5  1989   49.5  1913   46.3  1848   76.1  1947   60.8  1989   62.3  1963   236.7  1963   170.5  1869   197.3  2021   272.3  1933  1135.3  1837
   57.6  1997   35.9  1890   41.1  1847   32.7  1840   30.2  1994   37.5  1887   48.6  2005   48.9  1899   46.2  1907   73.6  1922   57.2  1942   61.9  2010   233.5  1845   170.1  1837   183.4  1913   272.2  1972  1132.3  1840
   55.4  1897   35.6  1855   39.5  1969   30.2  2020   26.0  2008   37.2  1915   47.0  1983   48.5  1983   42.2  1855   71.2  1972   56.4  1925   56.8  1995   225.4  1879   163.2  1918   181.6  1870   266.6  1993  1117.4  1887
   54.0  1855   34.2  1947   38.3  1924   29.5  1938   25.3  1980   34.9  1921   44.5  1878   45.3  2003   40.4  1843   65.6  2016   54.4  1983   46.7  1890   222.7  1891   161.4  1840   180.4  1869   265.1  1915  1101.7  1955
   53.8  1929   32.5  1963   38.2  1931   27.1  1861   24.7  1853   32.2  1925   36.2  1919   36.5  1955   40.4  1933   65.3  1914   53.8  1958   45.5  1933   211.3  1838   159.7  1974   174.8  1983   254.9  1922  1097.3  1933
   52.8  1940   30.5  1895   28.3  1929   21.0  1980   23.3  1984   31.9  1988   32.6  1955   34.9  1995   39.1  1851   59.2  1856   52.1  1855   42.8  1927   202.2  1940   153.6  1856   170.9  1984   242.5  1894  1089.0  1870
   49.0  1838   26.7  1930   23.4  1840   18.4  1852   19.7  1844   30.3  1941   32.2  1913   34.2  1880   39.0  2014   58.8  1951   49.1  1867   40.1  1844   198.6  1847   150.1  1980   166.0  1995   241.4  1855  1078.6  1844
   39.5  1963   20.7  1986   21.2  1852   14.6  1974   16.6  1836   28.4  1889   28.8  1868   23.0  1976   32.6  1972   57.5  1908   40.0  1937   39.2  1853   186.7  1964   147.3  1853   163.7  1976   232.7  1937   953.8  1855
   33.7  1881   12.8  1932    8.6  1856    6.5  1842    9.5  1859   28.2  1865   24.5  1863    4.3  1947   15.8  1894   19.5  1946   30.2  1945    ---  2022     ---  1836   108.5  1852   138.6  1955   220.0  1851     ---  2022
