Areal values from HadUK-Grid 1km gridded climate data from land surface network
Source: Met Office National Climate Information Centre
Monthly, seasonal and annual total precipitation amount for Scotland W
Areal series, starting in 1836
Last updated 01-Dec-2022 10:42
    jan  year    feb  year    mar  year    apr  year    may  year    jun  year    jul  year    aug  year    sep  year    oct  year    nov  year    dec  year     win  year     spr  year     sum  year     aut  year     ann  year
  342.2  1928  330.7  1990  277.1  1994  209.5  1947  227.7  2011  210.7  1872  226.5  1988  296.1  2009  319.9  1950  308.8  1995  339.9  2009  381.6  2015   906.9  2014   528.7  1986   588.3  1985   784.9  1954  2280.2  2011
  322.8  1993  330.3  2020  265.0  1903  197.7  1867  224.4  1986  187.1  1938  217.8  1985  294.4  1985  274.5  1981  308.4  1983  328.8  2015  357.6  1852   861.2  2016   491.1  1992   540.9  2009   765.8  2011  2206.5  2015
  319.6  1975  301.0  1997  255.7  1992  181.2  1949  201.1  1925  183.0  2002  214.5  1846  267.9  1992  268.6  1985  300.3  1903  314.6  2006  349.6  1929   801.9  2020   471.2  2015   512.9  1846   752.1  1981  2139.5  1990
  316.3  1974  290.7  2002  240.2  1990  180.1  1972  176.7  2015  177.0  2012  212.9  1836  257.3  1861  247.6  1980  298.9  1967  298.1  1877  342.6  1986   796.0  1995   469.2  1963   509.5  2012   739.6  1938  2130.6  2020
  310.0  2008  289.6  2014  232.2  1921  178.0  1991  172.7  1920  176.1  1931  190.4  1882  245.3  2019  239.7  1978  298.8  1935  294.4  1938  341.2  2013   785.6  2000   463.0  1994   500.7  2020   708.3  1982  2070.5  1877
  301.9  1990  280.3  1894  224.3  1989  171.3  1925  161.6  1976  173.1  2017  189.7  2010  238.9  1989  238.2  2011  298.3  1938  290.4  1986  335.1  1999   743.4  1990   452.9  1947   497.1  2019   699.4  2006  2034.3  1954
  291.9  1962  265.6  2022  218.1  2019  166.3  1904  157.2  2003  170.3  1856  188.8  1953  236.9  1962  236.9  1885  295.7  2008  281.6  1890  329.5  2011   718.6  2015   445.3  1868   495.9  2017   688.1  2000  2027.6  2014
  291.1  2015  262.8  1848  217.1  1978  163.9  1993  154.8  1906  163.3  1912  183.9  1873  226.2  1910  229.1  1869  293.9  2011  270.7  1982  306.9  2006   711.4  2007   443.4  1925   492.6  1998   681.0  1984  2025.1  1872
  288.5  1866  252.0  1868  216.5  1963  149.4  1994  154.4  1892  161.3  1928  183.6  2020  226.2  1923  226.0  1982  292.6  1954  268.1  1954  305.5  1994   701.0  1894   443.4  1993   483.5  1872   677.9  1935  2002.7  1928
  288.2  1852  239.6  1989  213.2  1868  148.5  1992  149.6  1967  160.5  1838  179.2  1998  221.3  1903  224.3  1954  290.7  1998  266.6  1979  304.5  1993   689.6  1877   441.4  1913   480.8  1948   662.3  1977  2002.3  1992
  287.6  1877  236.3  1995  212.8  1986  143.8  1960  148.5  2002  156.5  1980  177.9  2015  220.7  2004  223.4  1923  288.9  2000  266.3  1931  302.3  1912   684.5  1920   428.0  2011   478.5  1877   651.6  1917  2000.3  1938
  280.6  1872  235.4  1850  206.6  2015  143.2  1996  145.6  1963  155.3  1897  176.4  1939  216.8  1930  222.0  1872  288.6  1943  262.3  1939  295.6  1949   681.0  2012   427.9  1920   477.5  1861   643.3  1874  2000.0  1999
  278.0  1921  234.5  2000  203.1  1861  140.6  1977  145.1  2009  154.3  1890  175.1  1950  215.5  1988  220.0  2000  285.5  2021  257.5  1991  280.4  1974   673.1  1994   421.1  1967   474.4  1988   638.7  1970  1996.0  1998
  276.1  2014  225.3  1945  201.9  1988  139.7  1863  142.8  1972  153.7  1948  175.1  2009  209.3  1961  219.6  1948  285.1  1996  257.2  1953  273.0  2014   673.0  1974   417.8  1990   472.5  1879   637.7  2009  1989.9  2008
  271.5  2016  222.6  1998  196.7  2008  139.1  1961  138.6  2006  153.6  1907  168.3  1959  205.8  1892  218.7  1946  280.2  1874  252.6  1981  272.2  1911   666.9  1869   416.1  2009   467.3  1950   635.6  2022  1984.0  2009
  268.3  1999  220.8  2011  192.7  1979  137.8  1932  138.6  1922  151.0  1972  168.2  1936  204.8  1891  218.4  2004  277.8  1917  251.0  1917  269.8  1951   663.6  1975   415.9  1972   467.1  1980   634.5  2020  1980.3  1903
  264.7  1873  219.9  1903  190.3  1983  137.1  1899  136.7  2005  150.9  1877  166.8  1970  204.7  1943  214.2  1962  277.1  2014  248.6  1951  269.4  1980   656.4  1872   414.1  2006   459.1  2008   628.6  1923  1960.7  1948
  262.8  2007  218.8  1918  188.0  1859  135.5  2005  136.4  2013  150.3  1965  166.7  1938  199.3  1948  212.4  1975  271.2  1990  244.2  1992  269.2  1900   653.3  2008   412.0  1903   453.5  1956   621.5  1980  1953.2  2000
  260.2  1932  214.0  1915  186.6  1896  134.5  1843  135.5  1916  150.0  2020  165.7  1879  197.2  1929  210.5  1879  271.2  1862  240.4  1929  266.0  1868   640.9  2002   403.7  2002   450.4  1938   619.4  1950  1939.7  1986
  259.4  1983  213.9  1992  185.8  1967  134.2  1910  135.4  1862  141.6  1879  165.0  1956  193.4  2008  208.9  1864  261.1  1984  238.9  1984  260.7  1921   640.8  1998   397.7  2014   449.3  2004   614.2  1979  1933.5  2006
  258.0  1984  212.5  1914  185.7  1897  133.7  1913  135.4  1907  139.6  2004  163.0  1884  193.1  1950  207.5  1977  259.8  2022  237.0  1928  260.6  1932   635.8  1853   395.3  1999   448.2  1836   607.9  1877  1928.9  1982
  255.7  1994  209.4  1911  185.3  1987  132.0  1911  135.1  1945  139.3  1881  159.6  1853  190.8  1895  206.3  1866  256.5  2001  235.3  1978  260.3  1919   633.0  1884   392.5  1976   447.9  1923   607.5  1928  1927.1  1994
  254.2  1995  208.0  2016  184.9  1876  131.2  2004  131.2  2014  137.8  1927  158.7  1862  190.4  1907  204.0  1999  255.6  1934  233.8  2011  260.0  1959   632.3  1999   387.2  2005   443.8  1838   605.7  1967  1912.9  2002
  252.3  2005  207.9  1910  184.8  1913  131.0  1999  130.3  1870  137.4  1854  158.1  1881  190.2  1956  203.8  1934  254.4  2020  231.7  1947  256.3  1966   628.3  1989   383.4  1921   442.2  1928   604.8  1918  1908.2  2012
  251.9  1884  205.8  1939  184.7  1981  130.5  1950  130.0  1964  137.0  1846  157.6  2012  189.9  1868  203.1  1839  253.9  1928  230.6  1963  251.1  1891   627.7  1866   376.1  1907   432.3  1897   596.3  1998  1900.6  2004
  251.7  1863  204.6  1920  182.4  1982  130.3  1943  128.7  1993  137.0  1860  156.2  2016  186.9  1998  202.8  1935  253.3  1930  229.5  1944  249.9  1982   626.0  1863   372.4  1862   431.9  1907   593.3  1890  1879.8  1923
  246.4  2004  198.5  1869  182.3  1995  128.7  1862  128.2  1924  134.9  1945  153.5  1924  181.6  1877  200.6  1942  246.5  1977  226.3  1881  245.9  1898   622.3  1937   371.2  1977   431.2  1903   592.0  1872  1876.1  1988
  245.4  1938  194.9  1935  176.5  1912  126.9  2013  127.3  1858  134.4  1943  152.6  1923  181.2  1942  200.4  1961  244.5  1909  226.2  1974  245.1  1934   620.0  1868   369.2  1899   429.6  1873   588.4  1978  1857.3  1868
  243.9  1849  190.1  1884  175.0  1968  125.5  1880  126.3  1966  134.2  1990  151.9  1937  180.7  1897  200.3  2006  243.4  1916  225.8  1883  244.8  1942   619.7  1984   367.6  1983   428.9  1943   583.2  2018  1811.0  2017
  242.6  2018  189.9  1871  174.6  1842  124.8  1859  125.9  1865  133.2  1994  150.1  1909  180.1  1921  199.7  1970  242.6  2013  222.0  1888  243.6  2000   615.1  1903   366.2  1979   428.4  1965   581.1  1991  1782.3  1967
  242.1  2002  189.7  1885  170.4  1914  124.1  1965  125.0  1884  132.5  2007  149.4  1957  178.9  2017  198.9  1918  241.4  1923  221.9  2003  243.2  2019   607.4  1943   363.4  1966   428.4  1881   580.1  1953  1766.3  2019
  241.7  1851  187.6  2017  170.1  1920  123.5  1916  124.0  2022  131.9  1919  148.6  1896  178.7  1874  196.3  1891  236.4  1845  221.2  1882  241.9  2012   606.0  1922   363.1  1991   427.0  1929   573.8  2008  1764.3  1943
  239.6  1890  185.5  1877  167.5  1908  122.0  1909  122.9  1913  130.2  1954  148.4  2019  177.6  1941  195.2  1908  235.9  1968  220.7  2020  241.7  1954   601.9  1915   362.8  1904   425.7  1882   573.1  1948  1761.0  1980
  239.0  1988  179.8  1923  167.4  2014  120.9  1927  122.8  2007  130.0  1876  147.8  1888  175.0  2012  193.7  1953  232.7  1961  220.3  1999  241.5  1924   600.2  1930   358.2  2019   423.5  1992   571.2  1961  1758.4  1866
  238.2  1930  178.7  2021  166.2  1977  119.2  1850  122.8  1888  129.0  1966  147.1  1895  174.9  1898  193.1  1863  230.9  1877  218.1  2018  238.3  1914   593.7  1916   353.8  1989   421.7  2015   570.1  1944  1756.6  1950
  237.3  1948  176.8  1866  163.5  1905  119.1  1901  122.8  1999  128.9  1935  146.0  1877  173.7  1866  193.1  1874  228.8  1873  217.4  1960  236.0  1997   586.4  2005   352.1  1914   421.6  1927   568.7  1930  1747.4  1981
  235.1  1875  176.5  1872  161.8  2021  118.4  1871  122.3  1947  128.8  1844  144.7  1871  173.5  1883  193.0  1927  225.0  1981  216.8  2022  235.0  1877   586.2  1988   351.3  1897   420.9  1961   568.3  1996  1744.7  1961
  231.8  1926  175.6  1996  161.6  2017  118.1  1915  119.8  1929  127.8  1991  143.9  2017  172.3  1873  190.5  1924  223.8  1970  215.2  1970  233.9  1862   583.6  1950   347.3  1988   420.8  1930   564.0  2012  1738.5  1974
  229.3  1868  175.5  1883  160.5  1882  118.0  1970  119.3  1900  126.5  1998  142.4  1967  171.8  1951  189.7  1992  222.8  1932  212.3  1861  233.9  1936   579.1  1913   345.1  1968   420.2  1962   562.6  1963  1738.3  1949
  228.4  2020  175.0  2008  160.3  2006  116.7  1959  118.7  1938  126.5  1944  142.3  1838  170.0  1979  188.4  1974  221.7  1918  212.1  1913  232.2  1854   576.6  1981   342.2  1949   419.1  1910   562.3  2004  1730.2  1863
  224.9  1934  173.9  1922  159.2  1836  116.1  2009  117.1  1943  124.7  1882  142.2  1932  169.8  1982  187.1  1892  221.4  2017  211.9  2002  232.0  1866   575.5  1949   340.8  2007   418.9  1892   561.1  1992  1724.1  1882
  224.3  1927  171.8  1916  157.8  1928  115.3  1868  117.0  1934  124.6  1863  142.1  1903  169.6  1980  184.9  2016  219.9  2005  211.5  1872  230.3  1955   570.3  1933   338.8  1987   413.0  1954   559.5  1995  1723.9  1991
  222.6  1903  170.5  1943  155.2  1991  115.1  2006  116.8  1868  124.3  1947  141.9  2008  168.0  1889  184.3  1988  219.3  1929  211.0  1998  229.9  1983   568.6  1983   338.6  1867   410.7  1890   556.2  1903  1721.2  1979
  221.2  1916  169.0  1949  154.9  2009  115.0  1990  113.0  1954  123.8  2008  141.0  1980  167.7  1987  181.3  1964  218.3  1989  209.0  1940  229.3  2004   563.6  1848   337.2  1927   408.1  2002   555.3  2017  1718.0  1920
  220.3  1853  168.5  1937  154.8  1976  114.0  1934  112.2  1931  122.7  1851  140.9  1931  167.1  1841  181.0  1984  216.9  1860  208.9  1996  225.6  1869   559.6  1962   336.6  1882   407.2  1851   553.3  2021  1712.0  2013
  219.8  1937  167.5  1926  154.7  1881  113.7  2002  112.1  1983  122.2  1848  140.9  1848  167.1  2020  180.8  1968  216.8  2004  208.7  2012  225.5  1872   558.8  1992   333.7  1997   406.7  1856   552.7  1845  1711.8  2018
  219.7  1920  166.8  1880  154.3  2007  113.4  1964  111.6  1878  121.3  1862  140.5  1852  167.0  1917  179.8  1983  216.4  1948  208.3  1977  222.8  1948   556.5  1957   330.6  1905   402.2  2007   552.2  1891  1706.6  1884
  218.4  1957  166.4  1893  154.2  1940  112.6  1898  111.4  1958  121.3  1999  140.1  1843  165.2  1879  179.5  2018  214.6  1843  206.9  1926  222.0  1863   556.4  1925   330.1  1981   397.2  1987   550.8  2010  1704.4  2007
  216.9  1946  165.1  1961  152.6  1957  111.3  2016  110.0  1981  118.7  1981  139.8  1851  165.1  1928  179.4  1836  214.2  1870  205.7  1869  221.4  1897   549.9  1967   329.8  1943   394.8  1924   550.7  1986  1703.6  1985
  216.0  2000  163.7  1898  152.2  1860  110.8  1923  108.7  1944  116.6  2011  139.4  1921  164.5  1906  179.4  1987  212.0  1949  204.2  1959  221.4  1884   549.5  1993   329.7  1906   394.0  1862   548.2  1927  1697.9  1989
  215.3  1976  162.2  1876  151.9  1938  110.5  1985  107.6  1854  116.3  1896  138.9  1940  163.2  1904  179.0  1945  211.6  1982  203.5  1946  221.1  1956   547.9  1859   327.7  1995   385.6  1912   542.7  1983  1695.6  1836
  213.9  2012  161.1  1859  151.1  1851  109.6  2018  107.4  1955  116.2  1858  138.2  1933  161.6  1927  177.3  1965  210.5  1906  200.9  1969  218.6  1990   547.4  1883   325.7  1934   385.1  1958   540.0  1940  1694.0  2005
  213.6  2009  160.8  1950  150.8  1993  108.5  1914  106.0  1886  116.2  1946  136.2  1946  161.4  1846  177.3  2012  205.9  2002  199.0  1911  216.6  1985   546.4  2022   325.3  1859   383.7  1989   539.3  2001  1691.6  1862
  212.9  1989  159.9  1928  149.9  1966  108.0  1935  105.0  1917  115.4  2005  134.6  1910  160.0  2011  175.1  2019  205.0  1891  198.3  2010  216.4  1876   546.4  1960   325.0  1965   383.6  1895   538.9  1932  1686.0  2016
  209.9  1883  159.9  1967  149.6  1907  107.2  1963  104.6  1847  114.1  1845  134.6  1958  159.1  2014  174.8  1861  204.7  1942  197.7  1930  212.7  1893   546.2  1910   323.5  1982   382.2  1931   537.4  1999  1684.7  1900
  207.9  1894  159.1  1988  149.2  1846  105.4  1900  103.9  1899  113.9  1836  134.6  1960  158.3  1934  174.5  1878  204.2  1986  197.2  1949  211.0  1964   543.9  1945   320.8  1945   379.4  1946   535.7  1943  1684.0  1926
  207.4  1836  158.3  1852  147.0  1874  105.0  1858  103.5  2021  113.8  1901  133.7  1890  158.2  1865  173.4  2017  202.1  1987  195.9  1972  210.7  1998   543.1  1928   318.9  1932   379.2  1848   533.3  2005  1683.3  1993
  207.3  1986  157.6  1970  144.8  2000  104.6  1948  103.1  1973  112.4  1840  133.5  1858  156.8  1964  171.5  1967  201.3  1876  195.6  1847  210.2  1979   542.5  1885   318.2  2004   378.4  2016   531.3  1968  1679.9  1883
  205.1  1900  157.3  1925  144.3  1864  103.0  2010  101.9  1997  112.4  1892  132.8  1861  155.5  1958  170.3  1886  201.2  1980  194.9  1849  208.8  1965   540.9  1935   317.8  1908   377.8  1876   525.0  1929  1678.1  1861
  202.4  1869  155.9  1931  143.1  1948  102.8  1955  101.6  1904  111.5  1864  132.8  1840  155.1  1850  169.9  2010  197.5  1867  194.7  1914  208.1  1940   540.0  2021   317.1  1863   376.7  1964   523.2  1861  1676.9  1977
  200.1  1942  154.9  1966  141.5  2002  102.5  1951  101.2  1942  108.9  1952  132.5  1915  155.0  1901  168.8  1859  194.3  1893  190.5  1994  207.6  1973   539.7  1926   315.2  2013   375.8  1994   521.5  1926  1676.5  1912
  198.2  1981  154.8  1960  141.5  1997  100.9  1882  101.2  1968  108.8  2022  132.0  1993  153.4  1952  164.8  1944  194.2  1971  190.2  1899  207.1  1845   538.2  1899   314.7  1910   375.1  1852   520.2  1869  1673.9  1927
  197.4  1862  154.5  2015  141.5  1999  100.9  1874   99.2  1860  108.1  1900  131.8  1947  152.9  1905  164.6  1947  194.1  1847  189.1  1845  206.9  1842   536.8  1912   314.6  1961   374.0  2011   520.0  1883  1670.2  1934
  194.5  1859  153.3  1999  135.6  1998  100.7  1919   98.5  1965  108.0  1913  131.2  1849  152.5  1900  164.5  1890  193.2  1963  187.9  1852  205.5  1847   535.9  1852   312.7  2008   373.2  1840   513.9  1934  1668.4  1962
  192.3  1899  152.4  1867  134.9  2020   99.2  1836   97.7  1926  108.0  1852  131.2  1929  152.4  1965  163.9  1898  191.4  1868  184.2  1918  200.7  1915   535.8  2018   312.2  1912   372.9  1942   513.5  1847  1666.7  1970
  192.2  1944  151.2  1837  131.2  1939   99.0  2014   97.7  1969  107.5  1875  131.2  1954  151.6  1954  163.0  1899  190.4  1900  183.5  1976  200.6  2020   528.6  1849   311.1  1964   371.9  1957   510.6  1987  1662.5  1921
  192.1  1943  151.1  1882  130.7  1871   98.7  1998   97.7  1863  106.9  2015  130.8  1920  149.4  1924  162.8  1932  190.0  1959  183.1  1880  200.4  1857   525.6  2004   310.8  1916   370.3  1953   507.9  1990  1658.6  1932
  191.7  1965  150.6  1982  129.4  1890   98.4  1944   97.4  1849  105.7  1987  129.9  1942  149.3  1863  162.4  1840  189.6  1878  181.9  1916  199.3  1871   525.4  1867   307.3  2003   368.9  1952   507.3  1863  1657.3  1918
  191.3  1840  149.2  1974  129.1  1884   96.3  1905   96.6  1982  105.5  1937  129.4  1922  148.7  1957  161.3  1966  189.3  1979  180.8  1850  198.0  1856   523.6  1987   307.3  1926   368.2  1888   502.5  2013  1652.8  1916
  190.4  1906  148.3  1948  129.1  1926   96.3  1924   96.2  1894  104.1  1969  129.3  1961  148.5  1872  159.8  1896  189.2  1976  179.4  1836  195.3  1918   522.7  1873   306.3  1950   367.3  1900   501.4  1985  1651.1  1930
  189.5  2013  147.6  1962  128.8  1844   94.8  1975   95.8  1872  103.5  2019  127.9  1948  148.1  2007  159.6  2005  188.0  1907  179.2  2000  195.2  1991   521.6  2013   305.7  1858   363.9  1937   500.7  1975  1647.6  1983
  187.3  1860  146.0  1870  128.6  1927   94.8  1847   95.7  1921  102.9  1964  127.7  1867  148.0  1920  159.4  2020  186.8  1855  176.2  1935  194.5  1944   520.5  1923   303.0  1860   362.8  1896   498.5  1976  1646.2  1929
  185.8  1982  145.7  1977  128.2  1899   93.1  1885   95.7  1911  102.7  1955  125.7  1965  147.9  1949  159.0  2022  186.6  1991  176.2  1843  192.3  1960   519.4  1851   302.1  1922   362.6  1990   496.8  1974  1636.7  1852
  183.6  1878  141.6  2007  127.8  1839   92.9  1979   94.0  1956  102.2  2001  125.5  1893  147.4  1876  158.3  1979  185.9  1853  175.4  1894  192.3  1858   515.8  1898   301.1  1886   361.6  1858   495.7  1900  1624.7  1995
  183.6  1949  141.0  1856  124.3  1895   92.9  1922   93.9  1875  100.9  1959  124.3  1872  146.7  1914  154.6  1875  185.5  2018  172.9  1927  191.8  1984   510.3  1961   299.8  1996   357.8  1883   490.9  1916  1624.5  1942
  182.6  1958  140.4  1863  124.1  1848   92.7  1933   93.3  1840   99.7  1894  123.8  1987  146.5  2005  154.5  1955  185.4  1988  172.7  1895  191.2  1836   509.0  1878   298.9  1957   356.2  1970   490.8  1873  1623.6  1984
  182.1  1998  139.9  1933  122.3  1879   92.2  1962   93.2  1889   99.1  1950  122.8  1887  145.5  1926  149.5  1997  185.1  1940  172.7  1980  191.0  1883   509.0  1931   298.8  1874   353.6  1850   490.4  1882  1620.9  1951
  181.7  1923  139.0  1861  121.6  1980   91.4  1986   92.0  1881   98.8  1973  122.2  1927  144.6  1851  147.7  1958  184.5  2006  171.4  1898  190.9  1896   504.6  1911   298.8  1884   353.4  1926   489.9  1866  1619.8  1874
  181.7  1874  137.7  2012  121.1  1947   91.4  1877   91.9  1877   98.5  1929  121.6  2007  143.3  2018  147.1  1990  184.2  1926  171.3  1848  188.0  1987   502.9  1914   298.6  2016   353.3  1951   489.4  1836  1619.4  1966
  180.4  1951  135.8  1954  120.9  1902   91.1  1907   91.5  1856   98.2  1956  120.6  1975  142.6  1893  146.9  1938  182.6  2010  170.1  1975  185.1  1907   501.6  1846   298.2  1948   351.0  2001   486.9  1949  1615.8  1987
  179.0  1972  131.9  1971  119.8  1919   90.3  1997   90.5  1953   97.8  1853  120.2  1974  141.9  1860  146.2  1956  182.4  1936  170.1  1874  185.0  1957   500.8  1952   297.2  1888   350.7  1920   486.4  2015  1615.3  1965
  178.9  1846  131.9  1984  119.7  2004   88.4  2011   90.5  1908   97.0  1963  120.0  2001  141.5  1855  145.9  1940  182.4  1927  168.8  1866  184.4  1881   499.7  1939   294.5  1938   350.2  1853   485.9  1899  1613.7  1944
  177.7  1978  131.5  1849  119.2  1886   88.4  1953   89.7  1996   96.1  1930  119.4  2002  141.0  1838  142.6  1919  180.5  1957  168.4  1973  184.2  2003   497.7  1870   292.0  1896   349.7  1936   483.0  2002  1603.3  1907
  176.6  1991  130.6  1844  119.1  1950   88.3  2001   88.6  2019   95.0  1958  118.2  1992  140.8  2016  139.9  1873  178.9  1883  168.1  2001  180.7  1923   493.8  1882   291.7  1970   349.0  1866   480.5  1988  1600.2  1935
  176.1  1843  130.1  1973  119.1  1872   87.9  2015   87.7  1927   94.7  2003  117.5  1995  140.8  1994  138.9  1963  178.0  1841  167.8  1900  180.6  1909   489.8  1991   291.6  1998   347.7  1921   477.8  1885  1594.8  1890
  176.0  1931  129.9  1881  118.6  1954   87.6  1841   87.1  2016   93.7  1926  117.1  1964  138.3  1990  138.3  1867  178.0  2012  167.1  1837  179.2  1841   488.3  1918   290.7  1881   347.2  1979   473.8  1964  1590.0  1911
  173.2  1909  129.5  1842  117.3  1894   87.4  1897   86.9  1992   93.0  1908  116.8  1951  137.0  2015  137.5  1900  177.6  1858  163.8  1923  177.0  1930   483.9  1908   290.6  1909   345.8  1860   473.1  1947  1581.5  1997
  171.4  1922  128.8  1851  116.0  1841   87.2  1966   86.7  1903   92.5  1962  116.6  1908  136.9  2000  137.0  1991  176.2  1901  161.4  2014  176.9  1946   483.4  1921   290.0  1940   345.7  1933   471.6  1864  1581.0  1898
  171.3  1908  128.6  1980  115.2  1959   87.1  2012   86.2  1909   92.0  1924  115.8  1928  134.6  1963  136.3  1951  176.1  1846  160.6  2017  176.9  1889   483.0  1958   289.7  1954   345.5  1944   471.4  1892  1572.6  1931
  170.2  1924  127.7  1904  115.2  1891   86.4  1895   86.1  1932   91.6  1883  115.0  1918  134.5  1953  135.8  2008  175.8  1944  158.8  1863  176.5  1910   480.8  1946   289.4  1841   344.7  1960   471.4  1875  1570.0  1957
  169.7  1933  127.4  1908  115.1  2010   86.1  2008   85.7  1852   91.6  2006  114.9  1899  133.4  1875  135.5  1882  174.9  2019  158.2  1966  176.1  1928   478.2  1948   287.8  1960   344.6  1841   466.8  2014  1565.5  1846
  169.2  1954  126.6  1941  114.9  2005   85.9  1940   85.7  1841   91.2  1898  114.5  1850  133.2  1894  134.3  1897  174.2  2009  157.9  1920  175.9  1931   475.4  1864   287.4  2021   342.9  1904   465.7  1886  1559.9  1978
  167.3  1952  126.0  1860  114.5  1945   85.7  1967   85.7  1995   91.0  1888  114.2  1926  133.0  1908  134.0  1904  171.2  1837  157.9  1964  175.8  1988   472.5  1892   286.0  1911   342.6  1908   459.8  1898  1556.8  1914
  164.3  2003  125.6  1907  113.2  1838   85.2  1920   85.3  1974   90.5  1917  113.5  1839  132.9  1986  132.4  1936  169.3  1854  157.6  1905  175.1  1958   470.5  1954   285.7  1871   342.4  1854   459.4  1931  1550.8  1876
  164.1  1968  125.4  2019  113.2  1951   85.0  1989   84.8  1941   90.3  1982  112.1  1837  131.0  1881  130.4  1926  168.7  1950  157.3  1892  174.7  1972   465.0  1966   285.6  2000   338.3  1871   456.8  1969  1548.9  1894
  164.0  1913  122.0  2018  112.0  1952   84.2  1857   84.4  1885   89.9  1976  111.7  1981  129.3  1888  130.0  1887  164.2  1965  156.9  1912  173.4  1962   462.3  2001   282.0  1942   336.6  1894   456.0  1936  1545.5  1924
  164.0  1886  122.0  1905  111.9  2011   84.1  1849   84.4  1890   89.5  1878  110.7  2003  128.8  2001  130.0  2013  163.1  1952  155.4  1884  172.6  1902   461.2  1900   281.0  1876   335.1  2010   454.4  1942  1543.4  1910
  163.9  1947  118.6  1912  111.0  1906   81.9  1937   84.0  1933   89.0  2018  110.7  1886  128.8  1918  129.4  1943  162.8  1912  155.3  1875  171.1  2017   459.3  2017   280.9  1846   333.8  1874   450.4  1959  1538.7  1906
  162.6  1918  117.9  1887  110.2  1857   81.7  1887   83.5  1910   88.9  1996  110.2  1945  128.7  1856  129.3  1995  162.5  1945  155.2  1886  170.2  2018   456.1  1938   279.8  1878   331.6  1909   446.5  1901  1538.2  1873
  162.1  2011  117.3  1946  108.3  1862   81.6  1988   83.4  1902   88.4  1922  109.4  1874  128.4  1912  129.0  2021  162.5  1884  154.1  1971  169.6  1952   453.7  1997   279.2  2017   331.5  1922   442.9  1884  1536.8  2021
  160.8  2021  117.0  1957  108.0  1866   81.3  1853   83.2  1918   87.4  1861  109.3  1941  128.3  1859  128.8  1902  161.5  1875  153.9  2007  168.3  1908   451.9  1980   278.2  1885   330.9  1967   441.7  1946  1535.7  1899
  158.3  1882  116.9  1897  103.8  2018   80.8  1878   83.0  1842   87.2  1967  108.9  1979  128.0  1840  127.3  1845  158.6  1872  153.8  2005  168.2  2007   448.1  1890   277.1  1959   329.3  1867   441.3  1843  1534.5  1960
  157.7  1910  115.8  1854  103.7  1961   80.5  1896   82.5  1883   87.0  1989  108.0  1999  127.2  1867  127.2  1901  155.4  1863  153.3  1932  166.3  1901   447.4  1973   276.0  1877   328.6  1934   440.5  1966  1517.8  1946
  157.6  1904  115.6  1846  102.5  1965   80.5  1926   82.0  2012   85.9  2000  107.9  1930  127.1  1946  125.7  1976  155.1  1941  152.3  1864  166.0  1916   447.0  1860   275.8  2022   326.2  1843   440.2  1839  1517.1  1976
  157.6  1925  115.5  1865  102.1  1942   80.3  1883   81.9  1898   85.8  1911  107.7  1856  126.6  1852  125.0  1884  154.7  1921  150.8  1891  165.6  1886   442.5  1955   275.4  1985   326.0  1963   438.8  2019  1516.9  1996
  154.2  1845  115.4  1958  100.8  1930   79.8  1973   81.9  1970   85.3  1960  107.5  2014  125.1  1871  124.4  1870  154.3  1925  149.0  1997  165.5  1953   442.2  1876   275.0  1894   324.4  2014   437.7  1951  1515.8  1897
  153.5  1854  115.3  1938  100.7  1885   79.8  1889   80.6  1979   85.2  1983  107.1  1916  125.0  1977  124.1  1858  152.9  1958  148.9  1846  163.0  1992   441.1  2011   275.0  1864   323.4  2018   437.3  1939  1514.0  1953
  152.9  1961  114.6  1906  100.2  2016   79.2  2022   79.9  1843   85.1  1855  107.0  1844  124.9  1933  123.7  1847  147.2  1890  146.5  1941  162.3  1865   441.0  1857   274.7  1928   322.3  1941   436.1  1924  1507.2  1908
  152.6  1865  113.7  1839  100.1  1888   78.7  1942   79.4  1987   84.7  1842  106.7  1900  124.9  1960  123.6  2009  145.6  1969  145.3  1906  162.3  2021   440.6  1837   273.9  1902   322.0  1974   432.9  1862  1504.6  1891
  149.7  1992  113.4  1976  100.0  1936   78.4  1952   79.3  1873   84.0  1850  106.5  1952  124.1  1971  122.7  1917  143.4  1839  143.2  1901  162.0  1882   439.7  1970   273.7  1933   322.0  1939   430.8  1965  1503.7  1964
  149.6  1915  113.0  1994   97.3  1985   77.8  1864   78.3  1897   82.6  1933  105.9  1880  123.8  1973  122.0  1903  142.3  1885  142.3  2008  161.7  1895   439.5  1932   271.3  1843   322.0  1959   430.3  1878  1494.0  1859
  146.2  1892  112.8  1913   97.2  1845   76.5  1912   77.8  1962   82.3  1961  105.1  1944  122.8  1925  120.7  1957  141.0  1838  141.2  1936  161.4  1837   438.2  1906   270.3  2018   321.5  1901   429.5  1906  1491.8  1972
  146.1  1912  111.7  1951   97.1  1933   76.2  1976   77.8  1923   82.2  1939  104.8  1906  122.7  1890  119.2  1841  140.1  1886  138.8  2021  160.4  1864   437.1  1901   269.0  1890   318.9  1893   426.3  1853  1491.7  1904
  145.5  1936  111.1  1864   96.9  1855   76.1  1845   77.2  1960   81.5  2016  104.0  1902  122.5  1974  117.7  1930  138.9  1871  138.1  1961  159.4  1888   436.4  1909   268.9  1978   317.1  1844   423.3  1960  1490.8  1845
  145.4  1861  110.8  1889   96.9  1910   75.9  1886   76.9  1867   80.4  1909  103.7  1894  121.4  1836  117.3  1937  138.6  1851  137.2  1948  159.3  2008   435.5  2009   268.0  1951   317.0  1898   420.5  1837  1488.1  1945
  145.0  1858  109.0  1981   95.1  1932   75.2  1939   76.4  1893   80.4  1970  102.6  1991  117.4  1919  116.6  1928  137.5  1931  137.0  1985  159.0  1922   433.3  1965   267.6  1973   316.9  1906   417.9  1893  1486.0  1867
  144.6  1887  106.1  1972   94.9  1904   74.8  1870   76.3  1971   80.3  1857  102.1  1986  117.0  1878  116.0  1925  136.0  1861  136.8  1907  157.7  1906   431.2  1986   267.1  1872   314.5  1855   416.3  1870  1485.1  1871
  144.1  1857  106.1  1900   94.7  1971   74.3  1888   75.2  1882   79.8  1841  102.0  1969  116.2  1843  115.3  1883  135.1  1865  136.5  1919  155.0  1938   428.6  1927   266.1  1955   313.4  1991   414.6  1971  1482.4  1909
  143.6  1919  104.9  1841   94.6  1934   74.1  1987   74.8  1949   79.7  1904  101.9  1994  116.1  1848  114.7  2001  134.6  1964  135.3  1967  155.0  1894   428.4  1865   266.0  1880   313.0  1917   414.5  1846  1481.1  1848
  142.6  1969  104.7  2005   93.1  1972   74.0  1855   73.8  1879   79.3  1847  100.6  1892  116.0  1916  114.6  1880  133.7  1882  134.8  2016  154.8  1880   428.2  1887   265.7  1861   312.4  1891   414.2  1994  1480.4  1936
  142.5  1973  102.3  1978   92.8  1877   73.9  2000   73.4  1957   79.3  1974  100.4  2013  114.0  1839  111.7  1893  133.5  1848  134.1  1853  153.8  1875   426.5  1843   265.7  1836   310.7  1982   411.8  1912  1472.5  1913
  142.3  1864  101.6  1927   91.8  1970   73.7  1931   73.3  1914   78.9  1997  100.3  1876  114.0  1862  110.9  2007  132.7  1899  134.0  1903  153.1  1848   423.6  1904   264.0  1898   310.6  1999   411.5  1909  1471.8  1963
  142.2  1902  101.1  1987   90.9  1946   72.9  1957   71.8  1961   78.1  1839  100.2  1866  113.8  1944  110.3  1969  132.3  1955  131.0  1865  152.2  1913   422.6  1842   263.8  1842   308.8  1972   409.6  1997  1468.5  1869
  140.9  1867   99.9  1899   90.6  2003   72.5  1928   70.8  1905   76.7  1993  100.1  1997  113.7  1922  108.6  1905  131.6  1889  130.8  1950  152.1  1920   418.5  1976   262.2  1889   308.6  1973   409.1  1881  1467.4  1881
  139.9  1979   99.0  1857   90.5  1880   71.2  1945   70.3  2020   76.6  1984  100.0  1904  111.9  1858  108.2  1989  130.6  1836  129.9  2013  151.8  1969   417.2  1871   261.8  1857   308.1  1875   408.5  1911  1459.9  1947
  139.2  2006   98.2  1896   90.2  1915   70.7  1876   68.8  2017   76.5  1837   99.7  1911  111.0  1966  106.3  1853  129.2  1953  129.4  1902  149.9  1899   409.2  1889   261.1  1923   307.8  1945   405.2  1962  1457.1  1850
  139.0  1889   96.6  2001   90.0  1854   70.2  1917   68.4  1930   76.1  1985   98.1  1854  110.7  1978  106.0  1952  128.2  1994  129.2  1987  149.8  2016   407.8  1956   259.3  2010   305.8  2005   404.5  1913  1455.3  1917
  138.9  1939   95.0  2004   89.2  1889   69.7  1869   67.7  1985   75.9  1934   97.9  1905  110.6  1882  104.7  1920  127.6  1905  128.6  1908  148.9  1850   407.8  1840   257.2  1919   305.6  1839   402.7  1841  1453.9  1968
  138.2  1871   94.9  1909   87.4  1878   69.6  1902   67.6  1850   75.4  1936   97.7  1841  109.8  1911  102.7  1960  127.2  1992  128.5  1910  146.6  1945   406.4  1850   255.6  1917   303.8  1918   400.4  1859  1452.8  1925
  138.2  1914   94.7  1840   86.3  1949   69.0  1968   67.4  1857   75.1  1866   97.4  2011  109.5  1849  101.5  2003  127.0  1892  128.0  1871  146.3  1887   406.3  1982   254.2  1901   303.0  1986   397.2  1989  1450.3  1958
  133.7  1967   94.6  1991   85.6  1873   66.5  1941   67.3  1846   75.0  2013   96.3  1897  108.9  1970  101.3  1838  124.5  1898  127.1  2004  145.3  1904   403.1  1972   253.5  1924   303.0  1966   393.8  1905  1447.2  1940
  132.3  1971   94.3  2006   84.6  1973   66.0  1969   67.3  2004   74.9  1880   96.2  1865  106.8  1854  100.0  1857  124.0  2007  126.3  1859  144.9  1978   400.5  1978   253.4  1952   302.8  1935   392.8  2003  1445.8  1939
  131.6  1960   93.6  1836   84.5  1941   65.8  1837   67.3  1936   74.5  1971   95.7  1968  106.5  1937   95.5  1994  122.0  1895  126.0  1887  140.4  1925   400.3  1924   252.4  1870   302.1  1905   391.4  1850  1444.3  1959
  131.5  1885   90.8  1955   83.4  1984   65.4  1958   66.9  2000   74.4  1867   95.4  1978  106.1  2010   95.5  1973  121.0  1966  125.5  1924  138.6  1867   399.3  2019   248.9  1879   301.5  1884   388.8  2007  1443.4  1864
  130.7  1898   90.3  1878   82.4  1909   65.2  1983   65.5  1891   73.9  1957   95.0  1864  106.1  1936   94.5  1998  120.7  1956  124.7  1868  138.3  1903   396.9  1874   246.4  1847   297.3  1849   387.1  1876  1439.8  1956
  130.3  1970   90.2  2013   82.3  1943   65.0  1844   64.4  1977   73.4  1873   94.4  1963  105.9  1837   93.5  1876  120.1  1924  123.6  1897  137.9  1873   391.6  1907   245.5  1851   295.3  1911   386.2  1867  1439.1  1875
  129.7  1888   85.2  1936   81.1  1901   64.7  1930   63.8  1988   71.8  1920   94.4  1934  105.8  2006   92.2  1912  120.0  1911  122.1  1873  133.7  1859   387.9  1858   244.0  1944   294.5  1837   385.5  1868  1433.9  1892
  127.2  1950   81.5  2003   80.4  1917   64.3  1846   63.1  1937   71.7  1978   94.1  1859  105.6  2002   91.8  1850  119.6  1933  121.4  1995  133.3  1905   385.5  1862   243.7  1915   294.0  1993   381.6  1888  1432.7  1975
  127.2  1996   81.0  1953   80.2  1956   64.3  1838   62.9  1952   70.1  1975   93.9  1912  104.2  1884   90.9  1939  119.4  1896  117.7  1943  131.0  1967   381.7  1905   242.3  1939   292.1  1916   379.8  1908  1428.6  1854
  126.1  1876   79.3  1879   79.7  1863   64.1  1856   62.6  1990   69.9  1843   93.6  1842  101.3  1967   89.6  1911  118.8  1850  116.9  1904  127.2  1861   381.0  1977   241.3  1900   291.7  1863   379.6  2016  1426.7  1922
  126.1  1870   78.4  1968   77.5  1974   63.9  1906   59.2  1912   69.8  2009   93.3  1857  101.1  1909   89.6  1846  118.2  1975  116.5  1922  124.0  1885   377.6  1875   241.2  2012   290.5  1969   378.8  1957  1423.4  2001
  125.0  1844   77.3  1874   77.2  2001   63.8  1866   58.7  1837   69.7  1870   92.6  1883  100.7  2021   89.5  1922  117.6  1849  114.6  1968  121.8  1839   376.8  1942   238.4  1865   289.7  1919   376.3  1907  1421.6  1886
  124.5  1977   76.4  1886   76.2  1865   63.7  2007   57.3  1998   69.1  1923   92.0  1996  100.1  1902   88.3  1856  114.8  1866  111.9  1893  120.5  1977   373.4  1968   237.0  1850   289.3  1845   376.1  1941  1421.1  1885
  124.2  1945   75.2  1892   73.4  1858   62.9  1851   56.8  2018   69.1  1916   91.2  2018   99.5  1887   88.0  1854  113.4  1978  110.8  1988  120.1  1961   370.5  1880   236.1  2020   288.1  1981   373.9  1849  1414.3  1841
  122.9  1956   75.1  2010   73.3  1935   62.4  1946   56.6  1950   68.5  1871   90.8  1962   98.0  2013   85.3  1921  113.1  1999  109.4  1993  118.2  1935   370.5  1861   235.8  1941   287.9  1889   371.0  1958  1407.7  1858
  122.2  2001   74.5  1845   72.6  2022   61.9  1971   54.1  1901   68.4  1979   90.5  2022   97.9  1896   83.9  1881  112.2  1913  109.2  1840  117.9  1971   369.3  1919   235.0  1849   287.7  1865   369.8  1955  1402.1  1973
  121.8  2017   71.7  1847   72.5  1923   61.6  1894   53.6  1839   68.0  1986   90.5  1845   97.4  1935   83.7  1993  111.4  1857  108.8  1838  113.1  2009   367.7  1951   234.0  1930   287.5  2022   363.4  1945  1399.3  1860
  119.0  1891   70.2  1942   72.1  2012   60.4  1903   53.5  1848   67.9  1903   90.2  1990   96.6  1938   82.3  1837  111.2  1997  105.5  1841  110.8  1989   367.0  1944   232.9  1971   285.4  2000   363.1  1920  1399.1  1893
  118.6  1911   69.9  1940   71.3  1893   60.0  1984   53.2  1855   65.3  1899   89.9  1943   94.0  1885   81.6  1914  110.7  1894  103.7  1844  110.7  1976   366.8  1902   232.1  1854   285.3  1971   363.0  1902  1396.1  1905
  118.6  2022   69.0  1929   71.0  1925   59.8  1908   52.8  1864   65.2  1968   89.0  2004   92.8  1853   80.2  1913  110.5  1864  103.5  1857  110.6  2005   365.0  1941   230.1  1962   283.1  1864   362.0  1848  1396.0  1896
  114.5  1905   67.5  1944   70.5  1922   59.7  1995   52.3  1951   64.7  1951   87.9  1907   91.6  1886   79.0  1877  110.2  2015   99.4  1921  110.1  1879   364.3  1886   229.6  1892   279.7  2006   361.4  1956  1385.2  1888
  113.9  1842   66.0  1959   69.5  1898   59.5  2003   51.2  1838   61.8  1942   87.9  1855   89.1  1968   77.7  1949  107.8  1937   98.6  1885  108.1  2001   361.8  1896   228.8  1891   279.2  1868   360.6  1858  1384.7  2003
  113.1  1980   63.7  1952   67.7  1887   58.1  1954   51.0  1874   60.0  1918   86.7  1971   88.6  1847   75.2  1889  105.3  1859   98.3  1962  107.3  1943   359.2  1947   228.8  1838   279.1  1859   356.5  1895  1377.2  1952
  110.6  1839   63.7  1993   67.7  1964   55.5  1921   50.5  1948   58.3  1910   86.1  1973   88.2  2022   74.8  1909  104.9  1902   96.6  1889  107.2  1838   356.7  1897   228.7  1848   277.8  1978   355.4  1904  1367.2  2010
  110.1  1955   63.6  1975   66.9  1996   55.3  1890   50.4  1866   58.0  1869   84.9  1914   85.7  1940   74.5  1941  104.5  1904   95.2  1854  107.0  1917   356.5  1971   228.5  1839   276.5  1932   354.4  1952  1361.9  1849
  108.4  1907   62.9  1969   66.7  1960   55.1  1875   50.0  1880   57.7  2014   84.0  1889   85.2  1993   74.5  1862  103.2  1960   94.5  1956  106.5  1941   351.9  1996   228.1  1895   273.5  2013   352.6  1854  1356.4  1901
  107.1  1901   62.6  2009   64.2  1875   53.3  1893   50.0  1940   57.4  1977   82.3  2006   84.7  1845   74.3  1996  100.5  1920   93.7  1839  102.6  1926   348.9  1936   226.2  1956   273.1  1914   351.4  1879  1354.6  1847
  103.7  2019   60.9  1862   63.9  1867   52.8  1879   45.2  1959   57.2  1868   81.6  1870   84.4  1969   73.6  1906   99.4  1888   92.4  1876   99.5  1939   346.3  1953   225.8  1883   270.8  1975   351.2  1860  1347.0  1851
  101.9  1896   60.8  1901   63.0  1883   52.5  1929   44.8  1861   56.7  1859   80.3  1869   83.1  1991   72.9  1842   98.9  1881   92.3  1909   97.2  1855   344.1  2006   224.1  1855   263.4  1915   351.1  1838  1339.8  1843
  101.3  1966   59.3  1983   60.1  1962   52.2  1872   44.6  1887   56.6  1849   76.5  1925   82.5  1972   72.3  1844   95.9  1985   91.4  1842   97.2  1996   341.3  1893   223.3  1931   263.0  1940   350.2  1896  1320.5  1839
  100.9  1935   58.3  1902   58.3  1911   52.0  1956   44.5  1989   53.9  2021   76.5  1935   82.2  1915   70.1  1860   92.7  1962   89.5  1990   95.3  1937   337.0  1844   222.1  1866   261.6  1887   345.7  1973  1318.6  1879
   98.1  1837   57.8  1853   56.9  1975   51.6  1860   44.4  1928   53.8  1932   75.3  1972   81.3  1999   69.3  1868   92.0  1915   89.3  1965   92.7  1892   331.6  1839   221.3  1953   260.9  1949   345.0  1897  1318.1  1919
   95.7  1953   57.6  1875   56.9  1843   51.5  2019   41.2  2010   51.8  1885   74.2  1885   81.3  1844   66.7  1871   87.1  1897   88.7  2019   92.6  1947   331.3  2003   221.1  1958   259.1  1842   342.7  1914  1314.9  1971
   95.3  1848   54.6  1956   55.9  1955   51.1  1848   40.8  2001   51.4  1905   73.4  1976   80.8  1842   66.3  1971   85.7  1879   87.3  1862   92.3  1970   328.3  1979   213.1  1875   259.0  1947   339.4  1921  1308.0  1937
   93.6  1841   53.3  1921   55.6  1918   48.9  2017   39.7  1845   51.3  1902   72.1  1949   80.6  1932   65.6  1916   85.3  1869   85.3  1952   89.8  1975   325.0  1888   213.0  1845   255.4  1902   336.9  1919  1303.0  1837
   93.6  1880   50.9  1985   53.5  1849   48.1  1891   36.7  1919   50.8  1893   70.2  1977   80.0  1975   65.3  1929   85.3  1910   83.0  1955   89.3  1851   322.6  1856   210.0  1936   254.5  2003   333.5  1871  1300.1  1969
   90.8  1850   49.4  1924   52.6  1837   47.1  1839   36.6  1871   50.0  1891   67.2  1875   76.7  1864   65.1  2002   84.5  1972   81.2  1933   89.1  1870   315.4  1934   208.4  1929   252.6  1977   332.9  1880  1292.6  1878
   88.7  2010   49.1  1888   52.0  2013   44.7  1884   36.5  1975   48.7  1915   66.9  1860   68.0  1996   61.8  1895   84.2  1939   79.6  1915   86.0  1860   313.7  1985   206.3  2001   250.0  1968   332.9  1887  1288.2  1915
   88.5  1917   45.1  1964   51.9  1937   44.6  1982   36.4  1994   47.6  1906   64.8  1847   67.9  1984   61.4  1849   82.9  1844   77.6  1870   85.5  2002   312.3  1929   205.4  1935   248.9  1886   332.5  1840  1280.2  1889
   86.2  1964   43.5  1843   51.8  1916   44.0  1881   35.9  1939   47.1  1953   63.0  1966   66.7  1997   60.2  1888   82.8  1922   77.6  1957   85.0  1968   309.9  1959   203.0  1844   248.8  1996   323.6  1925  1275.4  1865
   84.9  1847   43.5  1979   50.3  1850   42.7  1936   35.3  1915   46.6  1886   62.6  2000   65.2  1931   57.3  1848   82.2  1974   71.1  1896   84.9  1874   309.7  1881   201.0  1893   245.7  1997   318.9  1865  1265.5  1902
   84.4  1856   42.5  1858   47.3  1870   41.3  1892   32.4  1946   45.8  1895   57.8  1989   63.5  1939   56.3  1959   81.8  1852   70.8  1989   81.4  1843   294.5  1854   196.9  1937   238.8  1878   318.4  1852  1264.6  1955
   82.2  1893   41.1  1891   47.0  1847   36.3  1865   31.4  1851   45.7  1874   57.6  1891   63.0  1857   56.1  1986   81.7  1973   70.5  1958   80.2  1849   294.2  1917   195.5  1969   238.5  1899   314.9  1857  1256.7  1857
   80.0  1987   39.7  1917   44.3  1958   35.4  1981   30.0  1991   44.5  1995   55.5  1917   62.7  1945   55.5  1931   81.0  1856   66.2  1878   75.6  1950   293.8  1855   194.0  1887   236.6  1857   307.2  1972  1235.7  1870
   76.2  1940   34.2  1963   42.5  1953   34.6  1854   29.9  2008   41.5  1914   55.1  1984   58.3  1899   53.6  1910   76.8  1887   65.9  1856   70.6  1840   290.5  1969   188.3  1975   232.6  1847   303.5  1889  1234.4  1856
   71.0  1985   32.6  1873   41.3  1869   33.3  1918   29.7  1869   40.9  1949   54.3  1983   57.6  1981   52.8  1865   76.7  1947   64.3  1860   69.9  1981   276.9  2010   185.7  1946   230.5  1925   294.0  1894  1233.6  1880
   68.8  1959   32.1  1934   38.7  1853   31.1  1978   26.5  1980   39.3  1887   52.7  1901   57.3  1913   51.5  1907   69.4  2003   58.9  1858   69.7  1878   269.1  1841   182.6  1873   219.9  1885   290.4  1855  1224.8  1933
   67.2  1929   31.6  1890   37.3  1931   30.9  2020   25.5  1876   39.3  2010   50.9  1898   54.6  1870   50.5  1843   66.4  1914   56.2  1855   62.7  1846   257.8  1845   177.2  1837   219.5  1880   288.9  1922  1217.6  1853
   57.6  1895   30.6  1965   36.9  1944   28.2  1852   24.9  1896   38.4  1940   50.7  1982   52.8  1959   48.7  1852   61.9  1993   55.2  1879   58.5  1963   245.7  1940   173.8  1974   205.9  1870   267.4  1910  1213.2  1895
   56.3  1879   30.4  1919   36.0  1929   25.6  1840   24.2  1935   37.4  1992   45.4  1955   49.5  1955   47.5  2015   61.0  1840   54.5  1934   58.4  1933   238.3  1895   172.1  1918   199.5  1984   263.5  1937  1197.6  1941
   55.5  1997   28.7  1838   33.8  1892   23.9  1938   20.7  1978   35.9  1889   44.0  2005   49.3  1983   47.3  1855   59.9  2016   54.5  1983   58.2  2010   228.9  1963   169.0  1856   197.9  1995   258.9  1844  1197.3  1887
   48.9  1897   28.6  1855   31.8  1969   22.1  2021   18.0  1984   35.4  1941   40.4  1919   49.1  2003   45.2  1915   57.8  1919   53.3  1925   50.5  1890   227.2  1838   161.4  1984   197.6  1955   255.0  1993  1196.6  1838
   37.1  1838   25.7  1895   29.0  1924   17.8  1861   17.7  1853   34.3  1884   39.8  2021   42.7  1869   42.9  1851   56.6  1842   53.0  1851   49.1  1995   219.3  1847   161.3  1980   197.5  1913   237.3  1933  1195.2  1840
   33.0  1855   18.4  1947   25.1  1852   17.7  1873   17.4  1895   33.3  1865   32.3  1878   38.7  1880   36.5  1933   55.9  1908   50.4  1867   41.0  1927   210.6  1891   140.7  1869   194.5  2021   235.3  1856  1194.1  1842
   30.3  1941   12.4  1930   16.5  1900   13.2  1980   12.5  1859   32.3  1988   32.2  1913   35.9  1995   28.3  2014   52.8  1951   49.1  1942   29.1  1844   205.3  1879   139.0  1852   188.8  1983   234.5  1851  1063.7  1844
   25.0  1881    7.4  1986   13.9  1840   11.0  1974    9.2  1844   31.2  1925   32.0  1868   23.5  1976   26.8  1972   35.2  1880   38.3  1937   25.2  1853   189.7  1964   137.7  1853   186.8  1976   220.9  1842   987.7  1855
   21.4  1963    3.3  1932   13.5  1856    6.2  1842    7.3  1836   28.2  1921   17.8  1863    2.8  1947    7.9  1894   19.6  1946   21.9  1945    ---  2022     ---  1836   132.8  1840   181.1  1869   216.8  1915     ---  2022
