Areal values from HadUK-Grid 1km gridded climate data from land surface network
Source: Met Office National Climate Information Centre
Monthly, seasonal and annual total duration of bright sunshine for Scotland W
Areal series, starting in 1919
Last updated 01-Dec-2022 10:42
    jan  year    feb  year    mar  year    apr  year    may  year    jun  year    jul  year    aug  year    sep  year    oct  year    nov  year    dec  year     win  year     spr  year     sum  year     aut  year     ann  year
   69.0  1959  103.4  1963  168.6  2022  226.6  2021  263.7  1975  271.9  1957  266.8  1955  256.3  1947  155.3  1991  110.6  1939   73.9  1990   55.4  2001   203.6  1963   545.7  2020   651.7  1995   282.3  1952  1550.2  1955
   63.0  1963  102.1  1970  154.2  1929  211.2  2020  258.6  2000  258.6  1940  255.1  1989  240.4  1976  146.4  1996  109.9  2003   73.8  1965   54.8  2010   170.1  2018   531.0  1955   603.8  1955   282.2  1972  1435.8  1975
   61.0  1965   94.4  2004  153.6  2003  206.3  2015  255.0  1946  251.4  1925  219.0  2013  232.5  1995  145.6  1933  104.5  1922   73.2  1925   50.1  1995   169.5  2003   519.7  1980   598.8  1977   281.6  2010  1430.8  1995
   54.9  2021   92.3  1960  132.8  1955  204.1  1974  254.7  1980  250.4  1949  214.2  1984  186.1  2003  143.0  1986   99.8  1997   72.5  1947   48.1  1967   166.0  2001   516.2  1975   588.0  1976   280.0  1996  1414.1  2003
   54.2  2000   91.6  2018  127.6  1956  198.2  1962  249.4  1935  245.9  1995  209.4  1990  184.4  1955  142.1  1987   98.1  1972   72.5  1952   45.7  1935   164.8  1965   505.0  1929   564.5  1989   273.4  2003  1400.0  1977
   53.7  2010   89.7  1955  125.9  2001  197.3  1942  237.2  1948  237.4  1975  205.4  2006  182.1  1977  139.3  1928   97.4  2019   70.3  1989   44.8  1976   162.6  2004   499.9  1946   560.9  1975   272.5  1987  1383.5  2010
   53.6  1945   88.1  2003  124.2  1970  191.2  1981  237.0  2020  235.7  1939  200.7  2021  177.8  1984  139.0  2015   96.3  1998   69.7  1996   43.4  1938   158.8  1968   499.8  1956   543.8  1949   272.1  1959  1379.9  1989
   51.0  2001   85.6  1996  123.8  1975  187.5  2011  231.3  1955  232.8  2018  200.3  2014  175.9  1983  136.5  1959   96.1  1959   67.5  1988   42.3  1970   158.7  1978   498.5  2007   543.5  1984   271.0  1986  1373.4  2018
   49.7  1985   85.1  1932  123.1  2012  187.3  2007  230.9  2017  232.2  1960  200.1  2011  173.9  2022  135.1  1972   95.3  1993   67.3  2016   42.3  1996   157.9  1970   490.9  1942   538.9  2018   270.3  1991  1353.9  1960
   49.5  2003   83.2  2013  122.2  2007  185.1  1956  229.2  1984  222.2  1921  199.9  1977  172.5  1968  134.8  1960   93.0  2008   65.1  2010   41.7  1989   156.4  1996   488.5  1962   529.0  1925   269.1  1971  1331.0  2006
   48.9  1977   81.0  1968  121.5  1922  182.4  1957  226.2  2018  219.1  1970  198.8  1934  169.3  1938  131.4  1997   92.9  2016   63.1  2017   41.5  1965   155.9  2010   484.8  2016   525.7  2006   264.2  2019  1323.8  2021
   48.4  2019   80.5  2001  119.9  1949  180.8  1984  225.4  1959  216.8  1977  196.9  1919  169.2  1945  126.6  2022   92.3  2007   62.9  2005   41.3  2017   155.9  1977   482.0  1948   524.3  1940   262.3  1998  1323.2  1919
   47.8  1978   80.4  1979  119.2  1923  180.7  2003  223.6  1989  216.0  1996  196.0  1971  169.0  1997  126.2  1971   91.8  1952   61.8  2013   40.9  1950   155.2  1979   479.0  2012   523.8  1969   261.8  1997  1317.9  1952
   46.8  1952   80.2  1975  116.4  1982  180.4  1980  222.7  2001  211.0  1974  195.7  2018  166.8  2010  125.7  2010   91.4  1981   61.6  1977   40.7  1937   153.1  1960   478.6  2001   523.5  1919   257.0  1919  1317.1  1957
   46.7  1939   77.9  2005  114.0  1933  178.3  1954  221.7  1977  210.4  1969  195.2  1935  166.6  1931  123.1  1949   90.9  1919   58.2  1966   39.8  1961   152.4  2021   474.5  2017   517.7  1957   256.9  1960  1314.7  1984
   46.5  1931   77.9  1946  113.4  1931  175.9  1922  221.4  2016  205.4  1951  193.8  1943  162.3  1975  120.7  1940   90.8  2010   57.9  1950   39.3  2008   151.6  1985   474.2  2021   513.8  1960   256.1  1939  1313.1  1949
   46.3  1979   77.7  1978  113.1  1953  174.0  1969  219.4  1951  205.0  1929  191.0  1976  161.6  1919  120.0  1963   89.5  1971   56.9  1927   38.2  1981   151.5  2011   472.1  2000   511.2  1926   255.5  1933  1302.3  1959
   44.7  1967   75.9  1957  113.0  1924  173.6  2013  215.4  2012  203.9  2009  184.7  1982  159.4  1969  120.0  2002   89.0  1974   56.8  1985   38.1  1979   149.5  2005   471.2  1984   509.1  1921   252.8  1928  1302.2  1929
   44.6  1954   75.8  1986  112.6  1973  172.2  1936  215.2  1992  202.2  1967  180.0  1972  158.0  2014  119.6  1955   87.2  2012   56.6  2021   37.9  1923   149.4  2019   471.0  2003   507.5  2021   252.8  1993  1296.2  1974
   44.6  1961   75.6  1944  110.9  1937  172.1  1938  211.3  1990  199.2  1988  179.6  1966  156.8  1960  118.1  1952   87.2  1931   56.2  1973   37.3  1962   147.3  1959   471.0  1974   507.0  1983   252.3  2015  1294.7  2000
   44.5  2011   74.8  1983  110.2  2009  170.8  2006  209.8  2008  196.0  1968  178.2  1983  156.2  1981  117.5  1934   86.8  1936   56.2  1960   37.2  2003   147.2  1962   470.7  2015   506.1  2014   252.0  1922  1293.6  2007
   44.4  1958   74.6  1985  108.6  2002  166.9  1955  209.6  1942  195.2  1930  176.0  1952  155.8  2005  117.2  1937   86.7  1926   55.8  1976   36.9  1955   146.0  1952   470.2  2008   503.1  1996   251.8  1925  1292.1  2019
   43.6  2017   74.6  1999  108.3  1954  166.7  1968  206.2  1957  193.0  2010  173.5  2000  152.5  1970  117.1  1939   86.4  1923   55.2  1999   36.5  1957   145.4  1933   469.3  1935   502.3  1968   250.8  1955  1286.0  2009
   42.7  1992   74.2  2006  108.1  1948  162.9  1951  203.4  2010  192.6  1932  173.3  1995  151.4  1926  116.8  1921   86.1  1992   55.1  2019   36.5  1925   145.1  1991   468.8  1951   495.1  2013   249.9  1973  1280.0  1956
   42.6  1987   73.2  2019  107.7  2008  162.8  2022  202.7  1929  191.3  1933  169.8  1999  151.1  2000  116.5  1919   86.0  2015   55.0  1930   36.1  1960   145.1  2000   466.8  1982   494.8  2003   248.7  2012  1275.7  1939
   42.4  1935   72.4  1991  107.6  2017  162.2  1945  202.0  1919  190.9  1989  169.7  1926  148.6  1999  116.1  1995   85.8  1973   54.5  1923   35.6  1999   143.5  2006   462.4  2022   491.8  1947   248.2  1988  1274.0  1969
   42.2  1960   72.4  2016  107.5  1986  162.2  1921  201.0  2005  190.1  1926  169.4  1958  148.1  1944  116.0  1964   85.4  1965   54.0  2018   35.2  1975   142.9  1955   459.0  1953   488.4  2009   246.7  2016  1272.9  1951
   42.1  2015   72.2  2008  106.9  1999  162.1  2019  200.9  1949  186.7  1986  167.2  1948  147.6  1959  116.0  1979   84.7  1951   54.0  2003   34.9  1964   142.5  1936   458.8  2010   487.5  1934   245.9  1923  1270.5  1996
   42.0  1933   71.9  1933  106.1  1939  161.0  2010  200.4  1971  185.8  1956  165.0  2009  146.8  2012  115.9  1925   84.4  1986   53.8  1961   34.9  1963   141.6  2013   457.6  2009   482.7  2022   243.9  1974  1269.1  1963
   41.5  1995   71.9  1969  106.1  1952  160.6  1973  199.4  1988  185.7  1950  163.4  1963  145.2  2004  113.8  1958   84.4  1929   53.8  1975   34.7  2014   139.5  2015   457.4  1922   480.6  1939   240.7  1926  1267.1  1962
   41.2  1929   71.7  1973  106.1  2004  159.4  1925  198.4  1978  184.5  1941  161.1  1975  144.5  1993  112.7  1957   84.1  1945   53.6  1998   34.5  1928   138.7  1999   450.7  1954   480.3  1974   240.4  1927  1266.8  1971
   41.1  1991   71.7  2010  105.6  2016  157.8  2016  197.7  1997  183.5  1934  160.9  1921  144.0  1966  112.4  1998   83.7  1956   53.6  2008   34.5  2005   137.9  1986   448.5  1989   479.8  1972   238.4  2022  1263.2  1976
   41.0  1957   71.4  1930  105.2  1965  156.4  1953  197.5  2009  182.7  1920  160.8  1949  143.2  2002  111.8  2019   83.3  2018   53.6  1995   34.5  2000   137.7  1946   442.3  2018   474.5  1971   237.5  1989  1258.2  2001
   40.1  2005   70.7  1950  104.5  1985  156.4  1982  197.4  1987  181.7  1936  158.7  2007  142.6  1972  111.6  2020   82.8  1927   53.5  1921   34.4  1929   137.7  1956   441.5  1957   474.3  1997   237.3  1990  1255.9  2013
   39.7  1956   70.5  1947  104.4  1919  154.7  1946  197.2  1966  181.2  2006  156.4  1950  142.0  1937  110.8  1942   82.5  1961   53.4  1971   34.2  1946   137.0  1988   440.2  2006   474.1  1970   236.9  2007  1254.5  2020
   39.6  1976   69.8  1937  104.3  1944  152.6  2008  195.2  2004  178.0  1927  155.9  1978  141.0  1965  110.3  2001   82.4  1955   52.9  2011   34.0  1953   136.6  1947   440.1  2005   473.7  1933   236.0  1937  1254.1  1935
   38.9  1922   69.8  1962  103.5  1962  151.7  1965  194.0  1982  177.5  1959  154.0  1969  140.8  2019  110.1  2012   82.4  1967   51.8  1934   33.7  1973   135.5  1961   439.3  1949   471.1  1950   235.5  2018  1249.7  1972
   38.6  1982   69.3  1952  101.4  1943  150.0  2009  192.8  1937  177.3  1992  154.0  2005  139.7  1996  109.6  1951   82.0  1985   51.7  1993   33.2  1948   135.0  1932   437.9  2011   466.7  1999   235.1  1995  1249.6  1925
   38.4  2012   68.8  1965  101.0  1966  149.7  1990  192.1  2006  177.0  1953  152.1  1929  139.1  2016  109.5  2003   80.9  2009   51.4  2012   33.1  1977   134.7  2007   434.5  1952   462.9  2010   233.5  1965  1249.3  1999
   38.2  1980   67.3  2007  100.6  1987  149.4  1991  191.5  1961  173.0  1962  149.9  1925  139.1  2006  108.6  2004   80.8  1987   51.4  1968   32.8  2012   134.2  1930   433.4  1959   462.4  2000   233.3  1981  1246.4  2005
   38.2  1988   67.2  1928  100.5  1958  149.2  1952  191.5  1928  171.6  1985  149.3  1997  138.2  1979  108.0  1994   80.6  1941   51.1  1942   32.7  2020   134.0  1987   431.7  2019   460.7  1959   231.9  1964  1245.4  1968
   38.1  2022   66.5  1988   97.5  2020  148.6  2005  189.8  1927  170.5  1963  148.2  2022  138.1  1986  107.9  1973   80.3  1946   50.8  1969   32.6  1952   133.4  1953   431.0  1977   460.7  1990   231.5  1999  1242.7  2016
   38.0  1955   64.9  1987   97.5  1941  148.0  1929  189.7  1950  169.6  2021  147.6  1973  138.1  1933  107.9  1926   79.5  1920   50.8  1937   32.3  1987   133.2  1964   430.7  1990   458.0  1982   231.5  1961  1242.2  2015
   37.8  1919   64.9  2021   97.1  2014  146.9  1972  189.6  1953  168.8  2003  147.4  1996  138.0  1991  107.6  2014   78.3  1966   50.7  2022   31.9  2002   132.3  1983   430.3  1939   457.8  1938   229.7  2002  1240.1  1973
   37.7  1941   63.9  1953   96.8  1963  146.4  1932  189.3  1939  166.9  1928  147.1  1942  137.9  2001  106.1  1920   76.6  1988   50.1  2000   31.6  1990   131.9  2002   429.5  1923   455.7  1951   229.0  1963  1236.8  1950
   37.7  1962   63.2  1934   96.7  1927  145.2  1995  189.1  2007  166.1  1979  146.9  1991  137.7  1987  105.8  1993   76.6  1962   49.8  1974   31.5  2006   131.5  1951   424.1  1958   455.3  1929   228.1  2009  1236.1  1982
   37.2  2018   63.1  1981   96.2  2015  141.6  1977  188.9  1963  165.0  1919  146.7  1994  137.3  2021  105.2  2006   76.3  1924   49.7  1919   31.5  2004   130.8  1958   424.0  1971   454.8  1935   227.9  1951  1234.0  1921
   37.0  1953   62.7  2015   95.0  1972  140.7  1971  187.5  1958  164.6  1943  145.1  2017  137.2  1964  105.1  1974   75.9  1948   49.6  1987   31.5  1932   130.6  1928   422.6  1927   452.3  1952   226.0  1977  1232.0  1970
   36.4  1986   62.4  1964   94.5  2010  140.5  2012  187.2  1956  163.5  1971  144.9  2004  137.1  1939  105.0  1923   75.7  2000   49.4  1991   31.5  1940   130.6  1967   422.5  1981   449.5  1956   224.7  1947  1231.0  1991
   36.2  1998   62.2  1936   93.9  1969  140.4  2014  186.8  1962  163.4  1978  144.4  1933  136.7  1994  104.7  1990   75.2  1980   49.3  1980   31.5  1982   130.2  1975   420.1  2004   448.3  1945   224.6  1967  1229.1  1997
   36.1  1972   62.1  1977   93.9  1979  140.2  1960  186.3  1943  162.5  2013  142.0  1941  136.5  1992  104.7  1954   74.1  1977   49.2  1956   31.4  1968   129.8  1939   418.1  2013   447.9  1943   224.6  2006  1229.1  1990
   35.9  1964   61.4  1919   93.6  1925  139.7  1983  185.2  1960  162.4  2019  141.3  2019  136.3  2015  104.1  1988   73.9  1978   49.0  2006   31.3  2007   129.5  1982   417.8  1973   447.8  1941   222.8  1921  1228.1  1987
   35.9  2007   61.2  1948   92.7  1935  139.6  1930  184.8  2019  161.0  1973  140.7  1965  136.0  1953  103.6  1935   73.2  1999   49.0  1972   31.1  1945   129.3  1957   413.6  1919   445.7  1927   222.8  1979  1223.4  1965
   35.7  1999   61.1  1956   92.6  1974  139.3  1999  184.2  1994  160.7  2022  139.9  2003  135.3  1973  103.5  2007   73.1  2002   48.8  1955   31.0  1926   129.3  1969   412.6  1960   444.9  1962   222.7  1949  1221.7  1946
   35.4  1928   60.5  2020   92.3  1950  138.8  1976  184.2  1936  158.5  1937  138.5  1962  133.7  1946  103.1  1999   71.8  1970   48.8  1970   30.9  1920   128.4  1938   411.9  1987   444.5  2019   222.4  1934  1214.7  1986
   35.1  2009   60.5  1949   92.0  1940  138.7  1998  182.4  1926  157.1  1972  138.3  1987  133.5  1974  102.7  2005   71.2  1994   48.5  1943   30.6  2009   126.8  1954   411.4  1966   443.9  1973   220.7  1924  1213.6  2004
   34.9  2006   59.9  1938   90.5  2005  138.1  1923  179.2  1952  156.7  2008  138.2  1927  133.4  1962  101.2  2009   70.9  2004   48.5  1948   30.4  1969   126.1  1941   411.0  1950   443.4  2005   220.4  2014  1210.2  1927
   34.6  1936   59.4  1989   90.2  2018  137.0  2002  178.8  1930  156.6  1976  137.0  1956  132.6  1949  101.0  1922   70.4  2006   47.8  1964   30.1  2019   125.7  1945   409.9  1938   440.6  1967   220.2  1929  1208.0  1933
   34.4  1934   58.1  1951   90.2  1946  136.8  1967  178.4  1940  156.1  1997  135.8  1974  132.5  2007  100.8  1968   68.9  1938   47.7  2014   29.9  1951   123.9  1950   408.0  1963   440.5  2011   219.8  1966  1204.1  1981
   34.1  1932   58.1  1942   90.0  1934  136.7  1948  174.3  1974  155.5  1952  135.7  1959  132.5  1967  100.7  1927   68.8  1944   47.3  1983   29.9  1919   123.1  2008   407.3  1930   434.3  1986   219.8  2004  1203.6  1953
   33.9  1940   57.5  1967   89.6  1993  136.2  1989  174.3  1921  154.0  1924  135.6  1938  131.2  1961  100.4  1981   68.7  1969   47.1  1924   29.8  1958   122.5  1997   405.4  1936   433.9  1936   219.3  2008  1203.5  1926
   33.5  1984   56.9  1941   89.3  1967  136.1  1958  173.4  1938  152.9  1983  135.4  2008  130.7  1940   99.8  1969   68.5  2020   46.6  1922   28.5  1978   122.4  1995   405.2  1999   430.9  1963   219.3  1969  1201.3  1948
   33.0  1950   55.3  2000   88.8  1930  136.0  1927  172.7  1991  152.8  1938  135.0  1940  129.5  1927   99.5  1975   68.4  1953   46.4  1933   28.4  1966   121.7  1929   404.8  1921   430.9  1953   218.7  1920  1200.4  1988
   32.5  1951   54.8  1961   88.6  1959  136.0  2017  172.3  1923  152.5  1955  133.9  1951  129.0  1950   99.0  1989   68.2  1928   46.2  1926   28.4  1998   121.3  1934   402.7  1969   430.7  1992   217.9  1975  1199.9  2012
   32.2  1994   53.9  1995   88.6  1989  135.5  2000  172.3  1996  151.8  1942  133.8  1968  128.7  1936   98.9  1929   68.2  1989   45.9  2009   28.2  1944   121.3  1931   400.1  1991   428.1  1988   217.6  1956  1199.0  1940
   31.9  1947   53.6  1924   88.4  2021  134.8  1939  170.1  1985  151.5  1984  133.4  1945  128.7  2020   98.2  2018   68.1  1937   45.6  1967   28.1  1927   120.7  2009   398.5  1995   427.8  1966   217.5  1942  1197.6  2008
   31.1  1981   52.7  1982   87.2  1960  132.9  1928  169.4  1995  151.1  1964  128.0  1922  127.7  1925   97.4  1924   68.0  1964   45.2  1928   27.8  2018   120.2  1949   397.4  1968   426.6  1991   216.1  2000  1195.5  1942
   31.1  2004   52.6  2022   86.9  1997  132.9  1970  168.2  2015  150.0  1982  127.4  1923  126.8  1956   97.4  2011   67.3  1932   45.1  1979   27.5  1993   118.9  1944   396.3  1931   423.7  2007   215.8  1948  1191.0  1922
   31.0  1920   52.3  1997   86.4  1951  131.4  1994  164.2  1954  148.3  1999  126.9  2015  126.1  1921   96.7  1967   66.6  1950   44.6  1944   27.2  1984   118.7  1981   396.3  1965   422.3  1965   214.6  1936  1187.9  2011
   30.2  1966   52.2  1931   86.3  2011  130.0  2001  164.1  2011  147.8  2014  125.8  2001  125.0  1928   96.2  1944   65.9  1960   44.1  1949   27.0  1994   116.5  1924   395.6  1988   418.1  1937   214.2  2020  1187.4  1938
   29.7  1968   52.2  2011   86.1  1981  129.1  1950  162.5  1931  147.3  2016  125.6  1981  123.6  1998   95.2  1961   65.9  1984   43.6  1986   26.6  1943   116.4  1973   394.8  1943   416.8  2004   213.8  1945  1184.7  2017
   28.8  1990   51.6  1994   84.8  2019  129.0  1986  162.1  1979  145.6  1945  125.4  1957  123.4  1982   94.6  1932   65.6  1991   43.6  1954   26.5  1986   115.3  1971   394.5  2002   415.9  1981   212.9  1976  1181.7  1945
   28.7  1946   50.8  1943   84.6  1968  128.7  1975  161.3  2013  143.2  1998  125.0  1998  123.3  1988   94.5  1943   65.6  1963   43.5  1935   26.4  1997   113.8  1937   394.2  1978   412.1  1978   212.2  1994  1180.9  1928
   28.7  1971   50.6  1935   84.5  1980  127.1  1935  161.1  1998  142.1  1954  124.8  1960  121.3  1941   93.3  2017   65.4  1995   43.5  1941   26.3  1971   113.5  2020   393.4  1985   411.1  1920   211.0  1931  1175.7  2014
   28.4  1930   50.6  1972   84.0  1942  126.5  1979  160.0  1932  141.6  1991  123.5  1936  120.8  1952   92.9  1976   65.1  2014   43.4  1963   25.7  1983   113.0  1972   391.0  1945   410.8  1930   210.8  1985  1175.5  1967
   28.3  1989   50.4  1920   83.9  1995  125.9  2018  159.9  1922  141.4  1935  119.1  1964  120.5  1920   91.5  1931   64.6  1975   43.3  1945   25.6  1985   112.0  1980   389.4  1994   408.0  1928   210.7  2013  1173.0  1979
   27.9  1997   49.9  1974   83.9  1947  122.3  1963  159.5  1964  140.6  1965  117.8  1953  120.5  2017   91.4  1948   64.5  1947   43.0  1932   25.6  1992   111.9  1992   388.6  1932   407.3  1964   210.4  2005  1171.8  1947
   27.8  1942   49.8  1958   83.3  2013  121.0  1988  159.2  2021  140.6  1946  117.6  1937  120.4  1957   90.8  1982   64.2  1976   41.9  1946   24.6  1980   111.5  1989   386.5  1997   406.3  1932   210.2  1950  1168.8  1936
   27.8  1938   49.3  2002   82.9  1971  120.4  1931  159.1  1999  139.5  2020  116.9  1992  119.5  2009   90.5  1936   63.9  1996   41.5  1978   24.5  1974   111.4  1994   385.4  1970   404.2  1958   209.6  1958  1166.5  1937
   27.2  1923   49.0  1921   82.1  1932  119.3  1959  158.9  1941  138.9  1922  116.3  1947  118.4  1922   90.3  1977   63.5  1933   41.5  1981   24.4  1921   111.3  2022   383.1  1928   404.0  1994   209.5  1944  1161.9  1958
   27.2  2002   48.8  1992   78.9  1976  118.8  2004  153.9  1945  138.3  1990  116.2  1924  118.4  1989   90.3  2000   63.4  1930   41.1  2007   24.2  1942   111.2  1920   382.4  1979   403.9  1987   209.4  1992  1161.4  1934
   26.6  1949   48.6  1959   78.3  1978  118.8  1985  148.9  2002  137.9  2000  116.2  1928  118.2  1935   90.2  1938   62.7  1925   40.3  2004   23.8  1988   110.5  1990   379.3  1972   403.0  1979   208.1  1930  1152.1  1978
   26.5  1974   48.2  1954   78.1  2000  118.5  1949  147.7  1947  137.2  2011  116.1  1980  116.4  1951   89.7  1930   61.9  1958   40.2  1957   23.7  1933   110.3  1976   376.1  1937   399.2  2016   208.0  2017  1150.6  1932
   26.1  1983   47.9  1927   78.0  1991  117.8  1924  146.1  1968  136.8  1961  115.6  1946  115.0  1971   89.2  2013   61.7  1979   39.8  1984   23.2  2013   110.2  1974   371.0  1940   397.9  2015   206.7  1941  1150.5  1980
   26.0  1969   46.3  1984   77.3  2006  117.5  1978  145.2  1981  136.2  1948  114.8  1961  114.3  1958   87.7  1947   61.1  2022   39.5  1959   22.7  1930   108.1  2016   370.7  1986   391.8  1998   205.9  2001  1149.4  1966
   25.9  1937   46.3  2009   75.1  1988  116.2  1926  144.6  1973  135.5  1944  112.7  2016  113.6  2013   87.5  1984   59.7  2013   38.9  1982   22.3  1939   108.0  1942   368.5  1992   389.9  1946   205.8  1954  1148.6  1930
   25.6  1927   46.0  1929   74.8  1945  113.9  1987  144.1  1944  134.6  2015  110.3  2020  113.0  1990   86.5  2016   59.5  2021   38.9  2001   22.1  1941   107.9  2017   366.8  1961   387.6  1948   204.9  1932  1146.6  1943
   25.5  2013   44.2  1971   74.6  1961  113.1  1966  143.2  1920  134.1  1981  109.8  2012  111.6  1954   86.4  1945   59.5  1943   37.3  1936   21.7  1972   105.4  1984   366.3  1925   386.7  2001   204.4  1957  1132.6  1983
   25.5  1975   43.9  1945   74.5  1996  112.9  1934  142.8  1993  133.6  2005  109.6  1954  110.5  2018   86.4  1992   59.4  1983   36.9  1992   21.2  1924   104.4  1927   366.3  1926   385.4  1922   203.6  1968  1131.4  1941
   25.4  1970   43.7  2017   73.7  1994  112.2  1920  139.6  1934  132.5  2007  109.6  1986  109.4  1932   85.7  2021   58.8  1982   36.9  1929   20.5  2021   104.4  1935   360.2  1941   382.7  1961   202.6  1970  1127.8  1954
   25.0  1924   43.3  2014   72.9  1920  110.8  1964  139.3  1965  127.8  1987  108.8  1993  108.1  1930   85.7  1950   58.7  1990   36.6  2002   20.5  2016   103.8  1921   359.9  1967   381.1  1944   202.6  1943  1126.7  1985
   24.9  1993   42.9  1925   70.2  1992  108.0  1993  137.4  1972  126.7  2004  107.9  1920  105.1  1934   84.6  1956   57.5  1954   36.2  1962   20.4  1991   103.5  1966   355.5  1924   378.5  2020   201.8  2021  1125.8  1992
   24.0  1943   41.3  2012   69.8  1990  107.2  1919  136.8  2003  123.0  2001  107.8  1939  104.2  1980   83.4  1966   56.8  2001   35.3  1940   20.2  1949   102.4  1922   351.2  1998   377.0  1942   197.7  1980  1120.2  1961
   23.8  1921   40.8  1940   68.3  1921  107.1  1943  134.8  1969  120.6  1994  107.5  1930  103.2  2011   82.6  1941   55.5  1942   34.1  2020   19.0  2011   101.6  1948   349.7  2014   377.0  2008   197.5  1940  1116.5  1994
   23.2  1925   40.0  1990   67.7  1977  103.8  1941  134.1  1986  120.5  1958  105.9  1967   99.2  1923   82.1  1953   55.4  1949   33.8  1958   19.0  1947    99.1  1943   345.0  1944   373.6  2017   193.9  2011  1109.3  1964
   23.0  1973   39.7  1939   67.7  1926  102.3  1947  133.9  1967  119.3  2002  105.6  1988   98.5  1985   82.0  1970   53.2  1934   33.5  1951   18.6  1959    98.7  2012   342.5  1934   372.5  1985   193.1  1984  1104.3  1998
   23.0  2020   39.0  1922   66.7  1964  102.0  1997  131.3  1933  119.2  1947  104.3  1932   98.2  1929   77.7  1983   52.5  1921   33.1  1920   18.3  1922    97.0  1940   342.3  1976   367.7  1993   191.9  1978  1099.8  1923
   22.7  1926   35.7  1980   64.5  1938  100.7  1940  130.9  2022  114.4  1993  103.7  2002   96.9  1963   76.5  1978   51.6  2017   32.9  1994   18.1  1936    96.9  1998   341.2  1933   366.3  2002   191.3  1935  1098.9  2002
   21.4  2014   35.6  1976   61.2  1984  100.7  1961  128.3  1970  114.3  1980  103.0  2010   92.8  1978   76.2  1962   51.5  1957   32.4  1931   16.6  2015    90.7  1926   340.4  1993   363.3  1954   191.2  1946  1073.6  1931
   21.4  1948   34.3  1998   58.7  1928   96.6  1944  124.7  1924  108.0  2017  102.5  1970   89.5  1943   74.3  1965   51.4  1968   30.5  1997   15.8  1931    88.0  2014   338.8  1996   359.7  2012   189.0  1962  1070.4  1920
   20.7  1996   32.6  1993   54.1  1983   95.9  1933  124.7  1976  104.3  1966  102.4  1985   84.8  2008   73.2  1980   44.8  2005   29.5  1938   15.2  1954    87.3  1925   337.0  1964   351.9  1924   188.6  1982  1056.2  1944
   19.6  2008   31.8  1966   52.9  1957   92.0  1996  120.9  1983  103.1  2012   98.7  1979   84.3  1948   72.7  2008   44.2  1935   28.4  1939   12.4  1956    83.1  1993   333.9  1947   351.8  1931   188.5  1938  1045.9  1993
   19.1  2016   31.7  1923   51.4  1998   83.1  1992  113.3  1925  102.6  1931   97.5  1944   81.7  1924   72.0  1985   43.6  2011   28.4  1953   11.4  1934    77.3  1923   328.2  1920   334.5  1980   184.4  1983  1027.9  1924
   16.7  1944   31.6  1926   49.0  1936   72.4  1937  112.2  2014  101.0  1923   82.7  1931   78.1  1942   68.9  1946   41.6  1940   27.3  2015    ---  2022     ---  1919   314.7  1983   327.5  1923   178.9  1953     ---  2022
