Areal values from HadUK-Grid 1km gridded climate data from land surface network
Source: Met Office National Climate Information Centre
Monthly, seasonal and annual total precipitation amount for Wales
Areal series, starting in 1836
Last updated 01-Dec-2022 10:42
    jan  year    feb  year    mar  year    apr  year    may  year    jun  year    jul  year    aug  year    sep  year    oct  year    nov  year    dec  year     win  year     spr  year     sum  year     aut  year     ann  year
  298.5  1948  295.4  2020  287.5  1981  196.0  1920  214.2  2021  218.6  2012  248.6  1939  275.9  1917  278.2  1918  327.2  1903  335.1  1929  334.7  2015   725.9  2016   501.2  1920   573.0  1879   739.0  2000  1991.6  1872
  268.8  1928  267.5  2002  248.3  1947  172.7  1913  184.2  1967  212.3  1860  226.6  2009  248.4  1860  256.8  1866  313.5  1967  318.8  2009  319.0  1965   724.6  2014   463.9  1947   535.9  1860   695.4  1954  1885.3  2000
  266.6  1974  263.6  1923  217.3  1903  169.2  2012  164.6  2006  192.5  1998  215.9  1839  248.4  1912  246.2  1950  284.6  2000  316.0  1852  303.4  1929   713.7  1995   462.4  1981   534.0  1912   664.5  1872  1772.5  1954
  257.8  2014  242.0  2014  213.7  1912  162.3  1998  158.1  1969  185.0  1879  204.3  2007  234.4  1879  240.1  1974  279.8  1998  293.8  1960  297.4  1868   689.1  1990   456.3  1913   508.2  2012   628.2  1960  1767.1  1903
  255.1  1990  228.7  1990  198.6  1994  153.4  2000  155.7  1886  168.4  2007  198.9  1880  231.0  1992  236.7  1981  271.7  1870  287.1  2000  296.6  1993   660.6  1869   418.6  1979   497.6  1927   616.7  1935  1754.8  1852
  250.9  1999  226.3  1950  189.9  1913  152.9  1961  154.3  1878  162.4  1928  197.6  1888  223.9  1927  232.5  1869  262.0  1916  282.1  1940  286.3  1934   635.2  2021   407.0  2006   487.5  1839   603.8  1967  1746.9  2020
  250.6  1995  224.4  1977  186.4  1998  144.0  1867  154.3  1979  159.9  1872  197.2  1920  217.1  1950  231.5  1958  259.9  1954  278.7  1954  276.1  1979   630.4  1960   391.0  1994   469.2  1882   602.5  1903  1734.2  1960
  250.4  1988  223.8  1997  186.1  1919  142.9  1966  154.2  1942  157.3  1912  190.1  1936  213.0  1985  229.6  1957  259.5  1987  274.8  1842  273.8  1959   626.4  1994   388.7  1886   462.9  1985   598.7  1981  1722.2  1877
  246.2  2008  220.9  1925  184.1  1920  142.4  1935  149.1  2002  150.8  1955  183.1  1882  209.1  1891  218.3  1896  257.8  1891  268.5  1931  272.8  1915   625.9  2020   385.0  1963   448.7  2007   596.2  1852  1714.3  1998
  243.8  2016  208.2  1937  180.9  1836  142.2  1882  146.8  1924  149.4  1907  180.7  1988  208.1  1852  214.2  1935  257.2  2004  267.1  1939  272.0  1986   624.8  1915   381.3  1998   446.6  2020   593.7  1929  1703.3  1882
  238.0  1872  207.5  1915  179.3  1914  141.9  1970  144.5  1983  147.3  1838  170.6  1861  196.5  1903  207.6  1976  252.7  1843  261.1  1970  270.9  1994   608.9  1877   380.6  1903   436.0  1852   586.7  1984  1702.5  2012
  232.2  1852  200.6  1958  178.1  1988  141.4  2001  139.9  1993  146.8  1997  170.0  1957  194.0  1956  205.9  1839  236.0  1932  253.8  1951  267.4  1911   607.8  2007   371.2  1983   434.3  2008   578.9  2019  1665.1  2008
  230.3  1930  198.1  2022  177.2  1989  136.8  1843  139.8  1955  146.7  2019  163.9  1871  192.0  1946  204.1  1999  234.2  1981  251.7  1872  264.9  2012   583.8  1937   370.2  1986   432.6  1910   566.2  1944  1655.9  1928
  227.4  1984  192.1  1995  177.1  1979  134.7  1991  136.6  1925  145.3  1985  160.4  1924  189.6  2008  196.3  1946  233.3  1923  250.9  1926  264.2  1914   583.0  1966   366.7  1972   432.6  1888   563.9  1841  1640.0  1999
  226.5  1975  180.6  1848  176.9  2019  134.2  1846  135.5  1932  144.3  1839  158.6  2010  186.1  1877  193.3  2019  231.0  1872  250.5  1963  262.8  2020   572.6  1974   363.2  1862   431.1  1848   558.1  1998  1634.0  1994
  226.3  1851  179.6  1966  175.3  1963  133.1  1899  135.0  2015  144.2  1935  153.6  1879  185.6  1878  190.1  1924  229.7  1909  246.0  2015  260.9  1999   568.4  1925   353.4  1951   430.5  1917   546.1  1839  1627.9  2002
  226.1  1899  178.8  2000  174.0  2006  132.2  1959  131.1  1865  143.4  1927  152.3  1922  184.4  2020  189.6  1841  228.7  2008  239.7  1928  258.9  2006   560.1  1923   346.8  1932   421.7  1939   545.7  1982  1622.8  1920
  225.9  1877  176.9  1974  173.1  1905  132.2  1858  129.7  2007  141.7  1882  150.5  2008  184.3  1910  189.1  1967  226.1  1907  239.5  1986  256.0  2000   552.4  1930   341.9  1867   420.0  1954   540.9  1976  1621.3  1841
  223.6  1943  176.2  1885  170.1  1982  131.4  1850  129.7  2014  141.6  1852  149.8  1953  183.2  1848  184.1  1859  226.0  1949  238.4  1946  243.5  1891   551.8  1916   340.6  1988   419.8  1877   540.7  1940  1613.4  1974
  215.4  1939  170.2  1922  167.9  1897  127.2  1963  129.3  2003  141.0  2020  149.8  1877  180.7  1874  183.5  1983  225.1  1928  235.6  1840  241.0  1876   550.6  2000   330.6  1897   417.9  1924   540.2  1974  1603.6  2019
  214.6  1983  169.5  1883  166.0  1951  126.5  1857  128.2  1943  139.3  1948  146.8  1895  177.6  1951  183.3  1885  224.9  2013  233.0  1877  237.7  1919   550.1  1980   329.2  2021   408.5  1956   538.7  1930  1593.5  1967
  214.4  1873  169.5  1935  156.5  1896  125.9  1972  125.0  1898  139.0  1848  144.4  1960  170.6  1841  181.8  1872  219.9  2020  231.2  2002  235.0  1964   528.9  1883   326.1  1966   408.2  1950   531.7  1863  1576.5  1930
  213.3  2021  169.3  1910  156.5  1851  125.4  1994  124.9  1931  138.5  1980  144.4  1914  170.5  1905  179.3  1883  217.8  1938  230.6  1944  227.8  1852   524.9  1899   323.4  1942   404.9  1872   526.9  1875  1576.3  1946
  207.5  1998  168.5  1916  154.6  2017  124.9  1947  123.8  1986  135.2  1954  144.4  1875  170.4  1962  178.8  1863  217.3  2005  226.0  1982  226.3  1872   523.7  1943   322.2  2019   403.9  1946   525.1  1950  1573.2  1927
  204.8  1890  165.7  1893  154.0  1980  123.8  1949  122.3  1972  133.8  1982  144.0  1932  169.4  1924  177.9  1984  213.5  2021  225.2  1836  225.5  1918   523.1  2002   321.6  1857   402.9  2009   522.7  1891  1571.9  1924
  204.6  1906  164.7  1869  153.6  1886  123.8  1889  121.4  1981  132.9  1972  143.6  1853  169.3  1845  173.6  1876  213.2  1886  225.0  1888  225.1  1910   522.0  1946   320.8  1969   402.8  1931   522.0  1885  1571.0  1923
  204.4  1993  164.3  1872  150.9  1859  123.6  1932  121.2  1920  131.4  2016  142.2  1872  168.7  1921  173.3  1927  212.6  1906  225.0  1992  224.9  2013   520.6  1920   319.1  1905   396.3  1861   518.0  1923  1569.4  2015
  203.7  1932  163.8  1989  148.3  1842  122.6  1999  120.5  1958  130.7  1946  140.1  1958  166.5  1900  172.4  1968  211.7  1976  221.3  1984  219.4  1924   519.1  1910   317.5  2000   389.9  1891   517.9  1918  1568.8  1950
  203.2  2007  163.7  1945  147.3  2008  121.5  1962  119.7  1906  130.6  2017  138.2  1915  164.0  1881  171.0  2017  211.2  1961  220.1  1959  217.2  1966   515.8  1948   317.4  2018   388.7  1928   516.6  1928  1568.6  1986
  201.1  1866  163.5  1884  147.0  1987  121.2  1871  115.7  1997  129.3  1987  138.1  1938  164.0  1865  167.3  2000  210.5  1930  215.2  1890  217.0  1978   512.3  1935   316.3  2001   384.6  1957   511.2  2008  1559.1  1948
  199.8  1960  162.9  1967  142.7  1921  121.0  1859  115.6  1869  129.0  1931  137.0  1956  161.6  1897  167.2  1965  208.2  2019  212.8  1938  216.8  1948   511.0  1999   315.7  1992   384.0  1992   509.2  1883  1551.6  2014
  199.7  1938  162.8  1876  141.6  1927  119.0  1862  114.9  1973  128.1  1945  135.7  1855  161.1  1986  165.8  1962  207.9  1863  211.4  1882  215.1  1985   510.4  2008   315.0  2002   382.2  1988   508.4  1870  1548.4  1982
  198.6  1869  161.8  1946  141.2  2018  118.7  1985  113.3  2013  127.7  1910  135.6  1918  160.3  1957  162.7  1903  207.3  2001  210.5  1838  214.5  1847   507.7  1872   314.7  1968   382.2  1845   507.9  1886  1548.3  1912
  196.4  1986  160.4  1914  139.4  1992  116.5  1983  112.5  1996  127.5  1936  135.2  1954  157.7  1948  156.9  1954  206.8  1917  206.8  1977  213.0  1897   504.8  1928   313.6  1877   380.8  1958   507.2  1970  1548.1  1886
  196.2  1875  159.2  2021  139.3  1957  116.5  1993  109.5  1862  127.4  1971  134.1  1930  157.2  2004  154.6  2008  205.8  1935  199.6  2022  211.1  2011   503.6  1984   312.6  1955   377.6  1948   504.7  2005  1546.3  1951
  195.4  1994  157.9  1900  135.4  1872  116.2  1905  108.3  1894  126.1  1855  132.7  2012  156.9  1941  154.0  1960  205.4  1929  198.1  2006  210.2  1896   498.9  1988   312.2  1967   377.2  1920   502.6  1987  1541.8  1839
  193.2  2004  157.4  1928  134.7  1862  115.8  1950  107.1  1916  125.2  1965  132.7  1908  156.8  2012  153.2  1943  200.4  1847  196.7  1935  208.4  1909   494.0  1873   311.8  1924   375.3  1841   501.2  1836  1538.9  1981
  188.3  1921  156.7  1960  134.4  1986  115.5  1897  106.8  1966  121.7  1938  132.5  1974  156.2  1971  152.7  1930  199.5  2002  195.4  1997  206.6  1841   492.7  1939   310.1  1882   373.9  1875   501.1  1877  1527.2  1848
  187.7  2015  156.5  1980  132.3  1908  115.3  2018  106.7  1877  119.0  1963  130.4  1886  155.5  1988  152.5  2010  193.6  1862  193.4  1839  205.3  1989   491.9  1912   309.2  1889   371.9  1907   500.9  2009  1524.3  1891
  187.1  1884  154.5  1881  131.4  1978  114.5  2005  106.6  1945  118.8  1853  130.3  1927  153.4  1898  152.3  1875  193.0  1944  191.7  1969  202.5  1900   488.2  2001   306.7  1908   371.8  1938   494.7  1938  1523.5  1860
  186.9  1946  154.3  1904  131.1  1991  112.0  1986  105.4  1843  118.6  1863  129.1  1926  153.1  1930  151.4  1982  191.2  1980  188.3  1841  200.7  1972   487.7  1967   306.2  1999   369.6  1838   492.7  2004  1517.4  1910
  186.0  1962  148.6  1866  129.3  1860  111.0  1909  103.7  1968  118.1  1991  128.3  1912  151.6  1873  150.8  1874  189.5  1885  187.3  1861  197.2  1942   481.5  2013   306.1  1989   366.8  1853   490.3  1916  1508.2  1966
  185.7  1937  148.0  1970  128.8  1895  111.0  1931  103.4  1988  117.2  1958  126.6  1931  150.1  1952  147.1  1864  188.4  1996  187.0  1875  196.7  1886   477.6  1885   305.0  1859   366.6  1998   488.8  1882  1499.2  1958
  183.2  1920  147.5  2016  126.9  1868  110.5  1848  102.6  1949  116.5  1866  125.7  1950  149.7  1954  146.7  1953  188.1  2006  185.6  1911  195.9  1880   475.2  2004   301.9  1914   362.8  2017   488.6  2022  1497.0  1965
  182.7  1883  145.7  2007  126.5  1848  109.7  1901  101.5  1860  113.7  1883  125.7  1940  147.2  1931  145.7  1886  187.5  1875  185.5  2005  193.8  1982   474.8  1977   301.8  1919   362.6  1936   484.8  1946  1497.0  2009
  182.1  1913  144.5  1879  123.9  1857  108.0  1924   99.7  1891  112.8  1966  125.4  1854  145.4  1908  145.5  1897  187.5  1984  185.2  1881  192.1  1912   471.1  1848   298.2  2008   358.7  1903   482.2  1876  1494.8  1979
  180.0  2002  143.9  1837  123.7  1861  107.5  1910   99.6  1929  112.2  1943  125.0  1884  144.4  1882  144.9  2004  187.2  1989  182.2  1895  191.5  1951   469.5  1919   297.2  1841   352.1  1881   480.0  1932  1489.6  2021
  179.3  1926  143.5  1951  122.8  1901  107.2  1856   99.6  1952  112.2  1968  125.0  2003  143.6  2019  143.6  1956  186.0  1841  180.6  1894  190.3  1901   466.2  1970   296.7  1985   349.0  2019   478.5  1869  1487.7  2004
  178.9  1903  143.3  1894  122.5  1884  107.1  1951   99.6  1838  110.8  1843  124.2  1836  143.4  2014  142.5  1944  185.8  1846  179.1  1910  189.9  1936   464.6  1922   296.4  1949   349.0  1960   468.9  2006  1487.1  1918
  177.7  1965  142.0  1877  122.1  1876  105.3  1953   99.5  1923  110.0  2011  123.2  1978  143.2  1846  142.2  1951  185.1  1933  178.3  1979  189.6  1930   464.0  1961   295.1  1846   347.1  1880   467.0  2002  1486.2  2007
  177.4  1936  136.8  1931  121.4  1954  104.9  1975   99.2  1954  107.8  1875  122.3  1846  143.0  1928  141.2  1871  184.9  1855  178.1  1972  189.5  2018   463.5  1983   293.6  1872   345.7  1855   467.0  1999  1485.5  1957
  177.3  1971  135.8  1941  120.8  1968  104.2  1849   98.5  1849  107.7  1881  121.3  2020  142.6  1923  140.9  1861  183.7  1867  178.1  1913  186.1  2021   461.8  1931   292.1  1993   344.9  1846   466.3  1859  1480.6  1988
  173.8  1867  135.3  1954  119.9  1909  103.0  1989   98.3  1962  107.6  1878  120.8  2017  140.0  1979  140.8  1879  182.4  1898  178.0  2012  185.0  1884   461.3  1894   292.0  1860   344.8  1878   465.3  1980  1475.2  1876
  172.0  1970  134.8  1957  119.5  1841  102.4  1877   98.3  1847  106.1  1836  120.7  1910  139.6  1997  140.7  1975  182.1  1878  177.4  2019  184.3  2019   459.8  1957   291.8  1878   343.7  1997   464.5  1866  1472.3  1970
  170.9  2018  134.4  1994  118.4  1972  102.3  1992   97.6  1841  105.7  1977  120.6  1894  138.2  1999  138.5  1998  180.4  1960  177.3  1974  183.9  2007   457.8  1950   289.1  2014   343.1  1980   464.5  1927  1470.2  2006
  170.3  1969  132.7  1996  116.2  1922  101.6  1937   97.5  2000  105.5  1862  120.1  1862  137.9  1838  136.8  1856  179.2  1900  177.1  1950  183.9  1922   455.8  1958   288.4  1848   342.2  1930   460.1  1842  1469.4  1992
  170.0  1961  132.6  1939  116.2  1977  101.2  1960   96.9  1903  105.4  1880  119.4  1840  137.0  1943  136.0  1923  179.1  1925  176.6  1996  182.2  1960   453.1  2022   287.9  1843   341.6  1943   459.9  1957  1462.7  1977
  168.4  2009  131.5  2001  115.6  2001   99.7  2002   96.7  1881  104.8  1851  119.2  1993  136.9  1876  135.9  1994  178.4  1871  175.5  1930  180.0  1983   445.4  1866   286.3  2003   341.4  1971   459.1  1874  1462.1  1939
  166.3  1860  131.2  1918  112.8  1881   98.2  1876   95.9  1938  104.8  1990  117.8  1867  136.6  1960  135.3  2016  177.3  1894  174.4  1949  177.5  1955   443.6  1913   286.0  1987   339.8  1953   458.8  1958  1460.5  1980
  165.5  1959  131.0  1880  110.2  1983   98.2  2019   95.4  1907   99.5  1993  117.6  1967  136.2  1892  134.5  2018  177.1  2014  174.3  1883  176.7  1882   443.2  1975   285.6  1899   338.5  1908   458.2  1949  1454.7  1931
  165.5  1942  130.6  2011  109.7  1873   95.6  1923   94.6  1917   99.1  1888  117.2  1909  135.9  1888  134.2  1852  177.1  1959  168.4  1980  175.3  1949   442.7  1884   285.4  1959   332.3  1840   457.5  2012  1447.0  1914
  164.0  1904  130.3  1933  109.1  1844   95.4  1930   93.9  2011   98.3  1920  116.6  1942  134.7  1942  133.1  1858  176.0  1882  167.1  1880  174.1  1845   439.2  1904   284.7  1962   331.7  1926   453.7  1992  1445.4  1929
  163.4  1968  130.3  1861  108.9  1866   95.2  1907   93.8  1889   98.1  1861  116.2  1841  134.5  1859  132.7  1932  175.4  2022  164.3  2018  173.7  1990   435.9  1853   282.0  1965   328.3  1965   452.7  1924  1439.0  1875
  163.1  1957  128.7  1852  107.8  1928   94.3  1922   93.7  1913   97.2  1911  115.8  1845  134.3  1934  132.7  1836  173.9  1940  163.1  1947  173.2  1945   435.1  2015   281.7  1836   326.4  1873   444.7  1926  1438.4  1836
  162.3  1952  126.1  1899  107.6  1888   94.0  1836   93.2  2009   97.1  1845  115.3  1873  134.2  1925  131.6  1891  171.8  1966  160.2  1936  173.1  2002   433.8  1903   281.6  1991   322.2  1900   444.2  1977  1436.1  1866
  162.2  1886  125.6  1903  107.5  1970   93.6  1853   93.0  1976   96.7  1891  113.9  2015  133.5  1906  131.3  1973  171.1  1865  159.8  1843  172.6  1898   431.8  1991   279.8  1970   321.4  2016   440.5  1961  1428.2  1993
  162.1  1944  120.3  1972  107.3  1846   92.8  1934   93.0  1902   96.0  1900  113.9  1965  133.4  1889  130.8  2012  169.4  1848  159.2  1914  172.3  1869   429.4  1852   279.8  1909   320.0  1922   439.3  1843  1421.1  1938
  161.9  1956  120.3  2004  106.3  1867   91.0  1973   92.4  1965   94.2  2008  112.4  1968  132.3  2001  130.2  1849  168.8  1874  157.2  1927  171.4  2017   428.4  1926   278.8  1894   319.9  1862   437.7  2020  1419.0  1894
  161.2  1927  120.2  1906  106.1  1959   90.5  1925   91.7  1867   91.4  1890  111.2  2001  132.2  1863  130.1  1948  168.3  1982  155.9  1865  169.4  1893   428.0  1965   278.3  1934   319.1  1914   436.9  1951  1416.2  1913
  159.9  1840  119.4  1882  105.0  1894   90.2  1968   91.1  1908   91.2  1840  108.9  1848  132.0  1926  129.2  2011  167.2  1858  155.6  1837  166.8  1974   427.2  1837   278.1  1912   318.0  1905   434.4  2001  1416.0  1935
  159.0  1853  118.7  2017  104.5  1940   90.1  2008   90.7  1947   91.0  1842  107.7  1959  132.0  1961  126.5  1848  165.3  1924  151.8  1876  165.1  1980   422.1  1987   277.7  2012   316.3  1890   433.5  1963  1413.3  2017
  157.8  1978  118.7  1940  104.5  1877   90.1  1996   90.6  1899   91.0  1952  107.0  1903  129.9  1982  125.8  1892  163.9  1952  151.7  1870  161.9  1956   420.3  2018   277.6  1858   316.3  1894   432.0  1840  1413.1  1972
  157.1  1991  118.3  1926  104.5  1906   89.1  1965   89.9  1840   90.4  1864  105.9  1883  128.9  2015  125.1  1995  163.6  1896  151.3  2014  161.7  2003   419.6  1978   277.6  2016   314.4  1966   430.9  2018  1410.0  1983
  156.2  1919  118.0  1844  104.4  2016   89.1  1987   85.8  1842   89.8  1902  104.6  1975  128.8  1973  124.0  1925  162.9  1877  151.1  1991  160.4  1946   419.0  1986   277.1  1952   313.6  1871   430.9  1880  1408.3  1985
  155.8  1868  117.4  1978  104.0  2007   89.0  1885   85.3  1858   88.9  2000  104.6  1985  128.5  1890  123.0  1961  162.7  1990  151.0  1953  159.7  1997   416.1  1979   276.2  1916   312.0  1974   430.1  1913  1406.3  1883
  155.7  1863  116.1  1897  103.0  2020   89.0  1952   85.2  2016   88.8  1897  104.3  1973  128.2  1907  122.2  1920  162.3  1983  149.2  1885  159.7  2014   415.2  1892   275.0  1996   311.7  1897   427.0  1896  1399.3  1869
  154.8  1874  111.9  1911  102.7  1934   88.2  1977   85.0  1941   88.5  1841  103.9  1923  127.8  1980  122.1  2021  161.0  1991  149.0  1886  158.3  1848   414.1  1875   270.7  1925   311.2  1986   426.8  1996  1399.3  1936
  154.1  1922  111.9  1961  102.3  1985   88.2  1939   84.9  1926   88.3  1857  102.8  1991  127.6  1861  121.2  1887  160.5  1934  148.6  1923  158.2  1836   411.9  1998   270.7  1953   310.4  1843   425.6  2017  1399.1  1900
  153.1  1915  109.5  1856  101.9  1941   88.1  1904   84.4  1946   88.2  1924  102.5  1849  127.4  1839  121.0  1988  159.7  1912  148.2  1971  156.9  1856   411.1  1851   268.9  1931   309.9  2004   424.5  1847  1398.1  1859
  151.6  1951  108.9  1927  101.0  1882   87.9  2016   83.7  1879   87.9  1913  101.7  1970  126.6  1866  120.9  1936  158.5  1880  147.0  1900  156.0  1998   407.8  1945   267.5  2015   309.6  1945   422.9  1878  1390.1  1990
  151.1  1900  108.8  1987  100.5  1965   87.7  1916   83.6  1964   86.1  1933  101.6  1857  126.1  1844  120.3  1993  156.8  1876  146.1  2017  155.4  1907   406.1  1900   265.4  1901   308.9  1982   422.2  1968  1383.1  1897
  150.7  1972  107.8  1874  100.2  1999   87.7  1838   83.4  1999   85.4  1901  100.4  1964  125.9  1868  120.2  1992  156.6  1837  145.6  1864  155.0  1859   405.2  2012   264.6  1851   306.3  2010   421.0  1931  1381.3  1916
  149.3  2011  107.3  1870   99.6  2010   87.1  1979   83.1  1885   84.8  1999   98.8  1947  125.4  1901  118.4  1922  155.8  1838  145.0  1863  154.0  2009   404.2  1951   264.2  1906   303.8  1895   418.5  1837  1381.2  1943
  148.6  1894  106.8  1871   99.2  1942   87.0  1940   82.8  1934   84.2  1969   97.9  1889  125.3  1953  116.3  1840  155.6  1883  144.1  1859  153.4  1954   403.9  1882   263.9  1868   302.5  1865   418.5  1983  1377.9  1932
  148.0  1934  104.1  1999   98.6  1933   86.4  1891   82.5  1963   84.1  1854   97.8  1842  124.4  1894  116.1  1909  154.4  1849  143.2  1978  153.2  1888   403.8  1867   262.4  1927   302.5  2015   418.4  1911  1373.4  1874
  146.2  2020  103.0  1988   98.3  1874   86.0  1872   82.1  1900   83.9  1877   97.8  1851  124.2  1895  115.9  1942  153.9  1892  141.9  1905  152.1  1992   403.2  1898   262.2  1977   302.0  1968   416.4  1861  1371.2  1925
  145.4  1982  102.9  1943   97.9  2021   85.5  1895   82.0  1918   83.3  1939   97.6  1992  123.6  1958  115.8  1908  153.5  1986  141.6  1850  149.7  1874   400.1  1952   259.6  1973   301.6  1963   415.4  1943  1371.1  2016
  144.5  1924  102.1  1865   97.4  2015   84.9  1955   81.9  1875   82.7  1944   96.7  1893  122.4  1856  115.7  1847  152.8  1968  140.8  2003  148.6  1984   393.6  1842   258.7  1838   299.9  1836   414.8  1994  1369.2  2018
  143.2  1846  102.1  1840   96.0  1971   84.1  1969   81.8  1852   82.3  1905   96.4  1890  121.8  1840  114.7  1934  152.7  1860  140.7  2010  146.2  1969   392.5  1962   258.6  2007   299.5  1857   412.7  2013  1369.1  1959
  141.4  1910  101.4  1867   95.0  1930   83.9  1898   81.2  1854   81.2  1929   95.2  1859  121.7  1875  113.7  1845  151.3  1853  139.7  1998  145.9  1967   391.0  1911   258.5  1907   298.5  1993   412.2  2010  1365.9  1968
  140.3  2013  101.1  1991   94.9  1936   83.2  1908   80.7  1953   80.5  1974   95.1  2011  119.4  1970  113.6  2022  149.8  1957  139.5  1874  145.6  1881   390.7  1897   258.2  1917   297.3  1952   411.2  1986  1364.1  1961
  138.9  1882  100.1  1982   93.8  1995   81.9  2004   80.3  1951   80.4  1898   95.0  1929  119.0  1837  111.6  1862  149.1  1943  137.0  2020  145.5  1987   388.4  1870   257.8  1881   297.0  1892   409.9  1909  1362.3  1987
  138.5  1977   99.6  1920   93.5  1839   80.7  1919   78.9  1890   79.5  1847   94.3  1907  118.5  1904  110.5  1987  148.8  2012  136.8  1965  144.7  1938   387.0  1881   257.2  1954   296.8  1883   409.8  1959  1349.5  2001
  138.3  1947   97.5  1969   92.7  1864   80.1  1841   77.6  1995   79.4  1846   94.1  1966  116.6  1963  110.4  1913  148.7  1889  136.1  1994  144.4  1977   381.9  1993   257.0  1869   296.5  1866   409.1  1838  1348.3  1989
  136.1  1895   96.3  1868   92.7  1937   79.4  1886   77.2  1914   79.3  1917   93.8  1896  116.2  1929  109.6  1878  147.8  1977  136.0  1869  141.9  1923   381.1  1969   257.0  1930   295.1  1851   409.0  2021  1346.0  1862
  135.4  1931   96.2  1898   91.7  1889   79.1  2003   77.0  2012   79.2  1916   92.3  1943  114.3  1911  107.7  1911  147.7  1895  135.9  1897  140.9  1908   379.6  1840   255.3  2013   293.1  1863   404.9  1917  1345.2  1880
  135.3  1849   96.2  1984   90.9  1964   78.9  2014   75.7  1985   78.1  1885   92.0  1945  113.9  1922  106.2  1837  146.9  1839  135.5  1866  140.3  1921   376.0  1846   254.5  1982   292.7  1854   403.4  1894  1343.4  1915
  135.1  1958   96.1  1912   90.6  2004   78.7  1911   75.7  1904   78.1  1892   91.1  1986  112.0  1938  106.0  1952  146.0  1852  133.3  1891  139.9  1920   375.1  1860   253.2  1898   292.4  1929   400.0  1991  1343.1  2013
  132.5  1918   93.8  1839   89.3  1917   77.6  1869   75.5  1915   77.5  1956   91.0  1998  111.6  1843  105.6  1980  145.9  1844  132.6  1987  137.7  1928   374.5  1938   253.0  1923   292.3  1970   398.6  1925  1339.5  1878
  132.0  1865   92.5  1908   88.5  1952   77.2  1845   75.1  1948   76.7  1947   90.4  1865  111.3  2017  105.3  1880  144.4  1893  132.3  1916  135.7  1952   372.5  1906   252.8  1922   292.2  1874   393.0  1849  1333.8  1944
  129.9  2012   91.4  1948   88.1  2013   76.9  2009   74.6  1873   76.2  2002   89.8  1850  111.3  1914  105.2  1877  143.4  1836  131.8  1966  135.7  1860   369.9  1982   252.4  2005   292.0  1859   392.8  1848  1333.8  1984
  129.6  1854   91.2  1981   87.9  1955   76.9  1964   74.6  1892   75.6  1909   89.1  1944  109.6  1857  105.0  1899  142.7  1945  131.4  1995  135.5  1858   366.7  1949   251.5  2017   291.0  2001   390.1  1953  1328.8  1885
  129.4  1933   89.1  1973   87.8  1932   75.0  1936   73.9  1992   74.6  2005   88.1  1843  108.6  2013  104.3  1842  142.7  1994  131.2  1878  134.4  1862   366.0  1936   251.4  1964   288.5  2011   389.4  1979  1327.4  1879
  129.2  1843   87.8  1919   86.4  1902   74.3  1917   73.3  1850   74.6  2009   87.6  2000  107.6  1966  103.9  1970  142.2  1970  130.1  2001  133.2  1961   365.5  1973   248.3  1940   285.7  1978   389.3  2015  1327.3  1868
  129.2  1862   87.8  2015   85.2  1870   73.7  1945   72.3  1872   74.1  2004   86.9  2005  107.3  1919  102.0  1884  141.7  1913  128.0  1912  132.7  2004   362.4  1868   248.0  1850   284.8  1962   389.1  1892  1326.3  1906
  128.4  1912   87.7  1857   84.8  1953   73.6  1868   71.8  1974   74.1  1919   86.3  2016  107.3  1969  101.8  2005  139.5  1958  127.9  2008  132.2  1944   362.1  1857   247.7  1847   283.0  2000   387.2  1939  1311.7  1997
  128.1  1925   87.6  2019   84.2  1855   73.5  1948   71.7  1910   73.0  1871   86.3  1933  106.5  2000  101.7  1945  139.5  1941  127.8  1981  130.8  1925   362.0  1933   247.7  1884   282.0  1972   386.9  1900  1310.1  1922
  128.0  1979   86.8  1850   83.9  1939   73.1  1878   71.4  2017   72.5  1989   86.3  1852  106.4  1996  101.5  1882  138.3  1851  125.5  1999  129.4  1902   360.8  1849   247.4  1937   281.9  1923   386.4  1966  1305.3  1884
  127.0  1856   86.8  1992   83.5  1890   72.6  1880   71.3  1884   71.5  1978   85.9  1961  106.0  1977  100.6  1867  138.1  1859  125.4  1975  129.1  1973   360.4  1956   247.3  1891   281.2  1901   381.0  1952  1303.5  2005
  125.0  1837   85.5  1847   83.3  1847   71.7  1978   71.1  1857   71.5  2022   85.7  1925  105.5  2010  100.1  1873  137.3  1999  123.6  1845  128.6  1866   359.6  1968   246.3  1921   280.8  1991   376.8  1864  1303.3  1940
  124.0  2005   84.3  1889   82.0  1950   70.0  1942   70.7  1957   71.4  1894   84.3  1838  105.1  1850   99.1  1868  136.9  1873  121.6  1976  128.5  1894   358.7  2019   246.3  1842   279.5  1915   374.7  1965  1300.5  1926
  120.7  1836   83.0  1838   81.7  1976   69.5  1926   70.6  1855   71.2  1970   84.1  1891  104.4  1853   97.0  2001  136.1  1868  120.0  1985  126.0  1906   354.5  1901   244.1  1945   278.0  1987   373.6  1890  1299.8  1952
  118.0  1842   83.0  1859   81.4  1916   69.4  1944   70.4  1870   71.1  1959   83.6  1937  103.8  2016   96.0  1916  135.5  1942  118.3  1990  126.0  1947   353.9  1947   244.1  1902   274.2  1856   372.0  1936  1298.1  1847
  117.5  1980   82.3  1953   80.7  1975   69.3  1874   70.3  1856   70.9  2003   83.4  1928  102.9  1849   95.9  1963  134.0  1927  118.3  1902  126.0  1958   352.9  1941   243.8  1950   272.4  1941   371.9  1995  1296.8  1907
  117.5  1857   80.3  2008   80.6  2014   68.4  2006   67.1  1994   70.6  1856   82.7  1892  102.8  1872   95.2  1857  132.0  2018  118.1  2016  124.4  1849   352.4  2003   242.3  1849   272.0  1876   371.0  1990  1296.8  1881
  116.5  1885   79.9  2006   78.7  1967   67.5  1927   66.8  1882   70.5  1926   82.5  2021  102.3  2006   93.1  1860  131.1  1988  117.9  1898  124.4  1981   351.9  1887   241.3  1885   269.5  1951   369.6  1871  1296.5  1991
  115.4  2003   78.5  1936   78.6  1969   66.4  1903   66.8  1893   70.4  1981   81.7  1844  101.9  1967   91.9  2007  130.2  1918  117.4  1906  124.0  1904   349.2  1981   239.5  1961   269.0  1918   369.0  1906  1293.3  1934
  112.8  1847   78.1  2005   77.9  2003   66.1  1847   66.6  1930   69.3  1837   81.3  1856  101.8  2009   91.8  1931  128.9  2009  116.1  1973  122.4  1887   348.9  1908   239.0  2004   269.0  1961   368.7  1862  1292.7  1861
  112.8  1887   78.0  2018   77.6  1948   65.5  1894   66.5  2004   68.3  1964   81.2  1904   99.4  1893   90.9  1893  127.7  1971  114.8  1917  121.7  1837   346.8  1914   238.1  2009   268.4  1898   368.5  1895  1290.2  1911
  112.7  1891   77.9  1841   76.4  1966   65.2  1888   65.5  1887   68.0  1960   81.2  1946   99.3  2018   90.7  1919  126.8  2011  114.6  1964  120.8  1903   346.3  1890   237.8  1876   266.6  1973   365.0  1997  1288.6  2011
  112.6  1923   76.6  1836   74.9  2005   64.7  1902   63.4  1880   67.5  1906   80.8  1972   99.0  1974   90.0  1990  126.6  1902  113.7  2013  120.1  1957   344.4  1863   237.5  1978   265.2  1942   363.0  1989  1286.2  1863
  111.9  1945   76.2  2013   72.9  1871   63.6  1915   63.4  1868   66.9  1858   80.6  1948   97.2  1916   89.6  1977  126.1  1979  113.3  1993  119.9  1877   340.9  1955   236.8  1865   263.4  1909   362.2  1907  1277.3  1978
  111.8  1955   76.1  1976   72.5  1880   63.6  1879   63.2  2022   66.6  1896   80.4  1881   97.0  1902   88.0  1991  125.1  1911  113.2  1943  119.5  1850   339.7  1921   234.6  1904   263.2  1944   361.6  1858  1276.2  1919
  111.3  1871   75.7  1955   72.4  1996   62.8  1839   63.0  2005   65.4  1950   79.7  1941   96.5  1994   87.0  1844  122.8  1974  112.7  1887  118.1  1895   338.4  1989   233.5  1941   263.0  1837   360.2  1898  1274.2  1909
  111.1  1954   75.2  1892   72.2  1918   62.7  1875   62.3  1944   64.7  1953   78.9  1987   94.5  1989   85.3  1937  122.7  1910  112.6  1903  117.6  1839   338.4  1996   232.9  1895   261.2  1967   353.6  2011  1271.8  1969
  111.0  2000   75.1  1878   71.7  1911   62.4  1851   62.2  1921   63.4  1914   78.6  2004   94.3  1862   85.2  1901  121.3  1920  112.5  1989  116.7  1854   338.4  1972   232.4  1910   258.8  1893   353.4  1888  1271.2  1908
  110.5  1916   73.3  1962   71.5  1838   61.2  1860   61.6  1883   62.6  1994   76.9  1995   93.7  1915   85.0  1979  119.9  1926  111.2  1932  116.0  1940   334.8  2005   227.1  1935   258.2  2014   353.4  1846  1271.0  1843
  109.5  1878   71.5  1971   70.9  1904   61.0  1971   61.0  2018   62.6  1893   76.9  1858   92.5  1851   84.9  1870  119.0  2010  111.1  1952  113.3  1968   332.5  2011   226.3  1948   255.9  1964   350.2  1881  1268.8  1945
  108.8  1976   71.2  1979   69.9  1949   60.8  1900   60.8  2008   62.4  2013   76.7  1980   91.4  1944   84.7  1940  117.9  1899  109.5  1918  113.2  2005   325.6  1893   224.4  1888   255.8  1904   348.5  1948  1267.6  1942
  108.8  1870   71.0  1907   69.7  1879   59.2  1988   60.3  1961   62.2  1859   76.5  1876   90.9  1978   84.1  1850  117.6  1948  109.4  1892  111.9  1976   324.9  1902   223.4  1975   251.7  1902   347.3  1897  1259.5  1962
  108.3  1845   69.5  1864   69.7  1865   57.1  1863   59.7  1863   60.4  1908   76.1  1887   89.8  1939   83.3  1917  116.6  1901  108.4  1847  110.7  1962   323.6  1940   223.0  1871   251.2  1921   344.8  2014  1258.9  1838
  107.5  1967   69.5  1913   69.2  1885   57.0  1837   59.3  2001   60.1  1983   75.2  1917   89.5  1945   83.2  1978  116.6  1964  108.4  1849  110.5  1937   322.7  1865   223.0  1957   251.0  1999   343.2  1865  1256.2  1888
  105.8  1839   69.1  1842   68.0  2009   56.8  1918   57.8  1977   59.6  2015   75.1  1860   89.3  1896   82.8  1966  115.4  1995  108.1  1899  110.4  1842   321.8  1971   222.4  1943   249.8  1896   339.8  1860  1254.8  1867
  102.1  1940   68.2  1875   67.9  1907   53.9  2013   56.8  1940   59.6  1873   74.7  1837   89.2  1965   82.7  2006  112.0  1937  107.9  1915  110.3  1867   321.8  1876   219.8  1873   248.9  1977   339.1  1934  1254.3  1947
  101.7  1901   68.1  1949   66.6  2000   53.9  1884   56.2  1971   59.0  1986   73.8  2002   87.1  1964   82.1  1904  110.6  1856  107.3  1907  110.1  1935   319.6  1861   218.9  1936   248.7  1889   336.3  1868  1252.5  1917
  101.7  1996   67.2  1849   66.3  1887   53.5  1981   55.6  1864   58.7  1876   73.4  1874   85.1  1885   81.7  1947  110.1  1869  106.4  1961  109.9  1941   318.3  1874   218.4  1960   246.3  1884   334.5  1893  1250.1  1846
  101.1  1941   65.2  1851   66.2  2002   53.0  1943   55.4  1853   58.1  1937   70.6  1921   84.1  1949   80.8  2020  109.1  1857  104.6  1853  109.1  1950   317.2  1856   217.0  1879   244.6  1886   333.1  1975  1248.7  1995
  101.1  1908   64.3  2012   66.1  1960   52.3  1990   54.2  1911   57.7  2014   70.5  1901   83.9  1855   76.6  1889  108.5  2017  104.3  1908  107.7  1861   316.7  1879   216.5  1856   243.7  1850   331.4  1853  1244.7  1898
  100.6  2001   64.3  1843   64.8  1962   49.3  1967   54.0  1933   57.3  1899   68.3  1994   83.8  1858   76.0  1955  108.4  1992  102.8  1901  107.0  1889   316.5  1918   213.3  1971   243.6  1969   331.0  1899  1242.2  1842
  100.5  1841   64.2  1938   64.6  1974   49.3  1890   53.6  1846   56.1  1904   66.1  1962   83.4  2011   75.5  1853  103.2  1881  102.4  1941  105.5  1871   315.4  1859   213.1  1980   243.4  1844   328.4  1887  1238.5  1949
  100.3  2010   63.9  2003   64.3  1878   49.2  1928   53.5  1984   55.5  1992   66.0  1963   83.2  1998   74.2  2013  101.9  1950  101.1  1868  104.0  1995   315.2  2010   211.7  1890   242.3  1906   327.3  1844  1236.7  1899
   98.7  1914   61.1  1905   63.8  1869   49.1  1887   53.4  2010   55.5  1918   65.2  1905   83.1  1854   73.9  1926  101.1  1854  101.1  1967  102.8  1939   314.0  1959   211.0  1918   241.7  1932   327.0  1973  1234.1  1963
   96.9  1859   60.9  2010   63.8  1945   48.2  1881   53.2  1927   55.2  1903   64.9  1902   82.3  1847   73.9  1914  100.6  1985  100.8  1948  102.3  1932   312.1  1924   209.9  1995   238.4  1842   324.5  1988  1229.8  1871
   96.5  1892   58.7  1846   63.4  1956   46.8  1956   53.1  1937   55.2  1884   62.6  2018   81.7  1920   72.2  1997   97.4  1997  100.5  1921  102.0  1838   309.9  1942   209.8  1874   237.0  1849   324.1  1867  1227.2  1837
   94.8  1989   56.2  1944   62.0  1899   46.6  2022   51.6  1888   54.9  1930   62.6  2013   79.8  1993   71.7  2015   96.8  1915   99.1  1893   99.7  1916   304.5  1878   208.5  1880   236.2  1935   322.4  1873  1212.4  1865
   94.1  1898   56.0  1854   61.8  1845   46.5  1941   51.4  1848   54.4  1934   62.4  1899   79.4  1983   70.4  1902   94.9  1890   97.6  2011   97.1  1899   303.9  1843   207.6  1997   236.0  1916   321.7  1920  1205.8  1845
   93.4  1985   55.2  1947   61.2  1891   46.1  1866   51.1  1960   54.3  1957   61.3  1897   78.9  1984   70.1  1846   94.6  1887   97.5  1846   95.7  1865   302.7  1927   204.6  1911   233.9  1911   320.8  1971  1199.2  1849
   93.0  1981   55.1  1983   60.1  1858   45.7  1864   50.4  1837   53.8  1922   59.7  1900   78.7  1887   70.0  1905   92.5  1905   97.3  1924   95.5  1878   301.6  1839   203.5  1976   233.6  2013   320.0  1962  1196.2  1996
   89.4  1864   54.4  1863   57.8  1923   45.4  1914   50.0  1987   51.1  1961   59.6  1916   77.9  1918   66.2  1854   92.5  1953   97.0  1968   94.9  2008   300.6  1954   203.0  1896   232.8  1990   319.5  1912  1195.7  1856
   86.6  1844   53.7  1860   57.7  1883   43.7  1946   49.3  1912   49.8  1932   58.7  2019   77.6  2021   66.2  1985   92.1  1955   96.9  1848   92.2  1883   300.4  1871   202.5  1939   231.1  2005   316.7  1910  1194.7  1937
   85.5  1902   53.4  1985   57.0  1924   43.6  2010   49.0  1936   48.7  1850   58.3  1981   77.4  1968   64.1  1938   91.8  2003   96.7  1962   89.8  1931   297.9  1889   197.9  1958   230.6  1919   315.3  1902  1193.5  1901
   84.4  1966   53.4  1873   53.7  1997   43.3  1892   48.8  1909   48.5  1886   57.8  1971   77.2  1883   63.5  1890   90.9  1936   95.6  1925   89.7  1975   296.8  1932   196.8  1870   227.6  1858   311.6  1856  1192.1  1873
   83.3  2017   50.5  1845   53.7  1973   41.4  1921   48.8  1845   48.3  1962   57.7  1990   76.7  1871   63.3  1989   89.7  1888   94.6  1955   88.6  1864   296.0  2009   196.8  1866   227.5  1994   311.2  1993  1191.8  1971
   81.8  1949   50.3  1968   53.2  1910   41.2  1870   47.2  1897   48.1  1865   57.3  1997   75.9  2007   61.8  1996   88.4  1939   94.4  1844   87.7  1913   295.3  1985   196.6  2010   227.2  1934   304.6  1901  1190.9  1953
   81.6  2019   50.2  1901   52.4  1863   40.9  1933   47.2  2019   48.1  1996   57.1  2014   75.2  2002   61.8  1881   88.2  1861   94.0  1860   83.4  1879   293.6  1944   196.4  1853   225.3  2002   304.4  1905  1190.9  1956
   79.7  1850   49.9  1975   51.7  2022   40.7  2020   47.0  1959   47.6  1915   56.3  1952   72.9  1870   60.7  1900   87.0  1963   93.1  2007   82.4  1892   291.3  1997   194.2  1875   222.0  1925   303.1  1845  1190.7  1840
   79.4  1876   49.1  1902   51.1  1984   40.2  1840   46.9  1982   47.5  2001   53.4  1866   72.4  1975   59.9  1898   84.1  1864   91.8  1884   82.4  2016   291.0  1850   194.0  1864   220.7  2003   302.6  1914  1183.5  1896
   79.3  1909   49.1  1853   50.5  1946   39.9  1906   46.0  1950   46.5  1984   53.2  1951   70.6  1909   58.8  2003   82.1  1956   91.7  1904   82.3  1870   284.4  2017   194.0  1926   219.4  1933   302.0  1850  1182.5  1890
   77.8  1907   48.1  1886   49.6  1875   39.0  1896   45.8  1935   45.9  1988   52.5  1870   70.3  1990   58.7  1969   82.0  1884   90.7  1919   82.2  1863   274.9  1907   193.5  1933   218.2  1955   301.5  1889  1180.7  1851
   77.5  1893   47.7  1855   47.8  1837   38.7  1958   45.8  1851   42.2  2010   52.2  1969   69.9  1987   58.4  1964   81.0  1842   90.6  2004   80.8  1855   274.6  1976   190.9  1839   215.3  1989   298.4  2016  1180.6  1904
   77.2  1992   47.0  1963   47.4  1853   38.5  1995   42.3  1922   41.8  1967   52.0  2022   69.6  2005   57.8  1949   80.9  1921   90.1  1854   79.9  1988   274.2  1895   188.3  1861   214.0  1885   293.3  1969  1175.5  1857
   76.7  1879   46.8  1917   45.8  1843   38.2  1997   42.3  1874   38.7  1951   51.8  1949   69.6  1836   56.5  1921   80.7  1919   87.8  1958   79.7  1875   271.9  1953   187.7  1845   213.1  1847   292.7  1972  1169.2  1895
   76.0  1848   46.3  1952   44.3  1898   37.6  1982   41.8  1866   38.1  1874   51.6  1878   68.4  1972   53.3  1929   80.1  1840   85.5  1873   78.6  1927   269.2  1886   186.8  1928   212.0  1959   291.6  1908  1160.9  1870
   75.7  1973   45.7  1964   44.1  1915   36.7  1883   41.7  1980   35.8  1941   51.5  2006   66.8  1913   53.1  2009   79.6  1973   80.5  1957   78.2  1857   267.5  1862   183.3  1915   211.5  1979   291.3  2003  1158.6  1955
   68.9  2022   44.6  1998   44.1  1854   36.6  1954   40.4  1956   35.6  1844   51.3  1847   66.1  1884   51.8  1928   77.6  1993   78.4  1851   75.8  1991   259.5  2006   180.9  1887   204.5  1996   289.6  1964  1147.7  1853
   66.4  2006   42.4  1887   43.7  1925   36.0  1865   38.0  1861   35.4  1923   50.8  1885   65.7  1886   47.9  1972   76.3  1850   78.2  1920   75.7  2001   253.6  1909   178.6  1946   203.3  1867   287.1  1956  1147.1  1973
   65.5  1905   40.3  1929   43.4  1850   35.8  1844   37.8  1975   35.2  2006   49.9  1996   63.8  1864   45.9  1933   74.0  1904   76.2  1889   75.3  1943   253.2  1847   178.5  1900   201.4  1864   286.8  1985  1139.4  2003
   64.4  1897   38.2  1896   41.1  1943   35.5  1873   36.7  1990   34.2  1979   49.2  1919   60.6  1935   45.5  1894   72.2  1866   73.5  2021   73.0  1970   250.7  1905   178.3  1855   199.9  1975   281.8  1942  1128.9  2010
   60.4  1889   34.5  1942   40.8  1938   35.1  2015   35.0  1919   33.5  1973   48.3  1989   60.4  1869   45.5  1855   71.7  2015   72.6  1983   68.5  1851   246.3  1880   169.2  1863   194.6  1947   276.4  1947  1126.7  1941
   60.0  1888   34.5  1890   40.7  1892   34.0  1852   34.6  1839   32.8  1895   47.2  1864   59.9  1991   45.0  1971   71.5  1908   72.5  1988   67.4  1971   244.5  1844   161.4  2022   192.8  2021   275.8  1884  1126.1  1976
   59.4  1917   33.4  1909   39.9  1990   30.8  2011   34.5  1978   32.7  2021   45.2  1982   58.7  1867   44.2  1851   70.6  1965   70.4  1922   58.9  1885   241.2  1838   158.5  1892   190.6  1913   274.3  1933  1122.7  1975
   58.4  1929   32.8  2009   39.6  1926   30.4  1929   33.1  1859   31.9  1870   42.3  1863   51.1  1899   42.7  1915   69.5  1914   66.8  1857   55.6  1873   241.2  1864   158.2  2020   189.0  2006   274.0  1941  1116.8  1893
   56.5  1935   32.6  1888   39.6  1849   28.8  1976   32.9  1901   31.6  1849   41.9  1976   49.6  1842   42.7  1838   67.0  1975   64.2  1856   55.6  1996   239.8  1992   157.2  1929   182.7  1937   271.1  1857  1116.0  1964
   56.2  1950   31.5  1858   39.1  1856   26.6  1861   32.6  1998   29.0  1995   41.4  1906   48.0  1932   39.0  1906   66.8  1972   64.2  1909   54.8  1846   236.4  1929   156.0  1883   182.5  2018   268.5  1855  1115.7  1905
   56.0  1858   30.5  1862   38.9  1935   25.5  2017   30.4  1970   28.2  1940   39.7  1869   47.0  1933   38.7  1888   65.9  1897   63.9  1934   54.1  1953   230.7  1854   155.5  2011   179.4  1887   266.3  1945  1111.2  1889
   55.4  1896   25.6  1924   38.8  1958   24.8  2007   30.4  1939   28.2  1869   38.4  1934   45.0  1936   38.7  1895   65.8  1845   63.5  1862   52.8  1917   215.0  1888   155.1  1837   177.7  1868   262.7  1955  1098.8  1892
   54.0  1911   25.4  1993   35.7  1993   23.6  1855   29.8  1905   26.8  1867   37.2  1979   42.8  1880   36.3  2002   61.2  2007   62.9  1937   52.6  2010   211.7  1896   153.9  1944   177.5  1940   262.1  1919  1089.9  1858
   53.9  1953   22.5  1959   35.6  1900   20.5  1854   29.8  1928   24.6  1887   37.1  1977   41.0  1937   32.1  1941   61.1  1879   61.4  1956   47.7  1905   209.4  1934   150.9  1974   170.7  1899   261.9  1978  1079.7  1850
   53.6  1861   21.0  1956   33.1  1931   17.4  1980   28.9  1871   24.3  1976   36.0  1868   40.5  1981   31.8  1912   60.7  1931   61.4  1858   47.1  1933   206.0  1917   150.5  1956   170.7  1983   260.9  1851  1075.4  1921
   41.3  1987   18.7  1930   31.4  2012   17.0  2021   25.9  1989   23.0  1975   35.9  1913   40.4  2022   31.7  1939   57.5  1962   50.0  1871   45.1  1853   204.8  1841   149.1  1844   169.3  1981   260.1  1937  1075.1  1902
   38.4  1964   15.3  1965   30.9  2011   15.1  1912   18.6  1895   22.9  1949   34.6  1898   38.8  1955   28.7  1907   50.1  1946   45.1  1896   41.7  1890   185.9  1963   145.9  1938   163.9  2022   257.4  1854  1019.6  1864
   36.6  1881   14.3  1934   30.4  1893   14.5  1974   17.5  1876   20.6  2018   32.6  1984   33.2  1959   26.8  1843   45.0  2016   43.3  1933   39.9  1843   183.5  1845   145.8  1854   158.8  1949   247.8  1904   998.3  1854
   36.6  1838   11.5  1921   27.2  1929   13.8  1893   15.8  1991   17.4  1889   31.5  1935   24.8  2003   18.2  1986   42.9  1969   39.9  1867   38.7  1963   179.5  1855   137.8  1840   158.0  1984   247.3  1915   994.1  1933
   31.9  1880    9.6  1895   26.4  1961   13.1  1957   14.5  2020   15.7  1868   31.2  1983   23.6  1940   16.4  2014   41.0  1951   38.1  1855   32.6  1926   165.8  1858   133.9  1852   157.3  1870   246.2  2007   966.3  1887
   28.3  1963    8.1  1891   22.2  1944   12.3  1984    7.5  1896   13.9  1942   28.6  1955   19.1  1947   16.2  1865   40.4  1922   30.8  1879   26.5  1840   162.4  1891   128.9  1990   128.3  1869   237.8  1921   949.1  1844
   15.1  1855    7.5  1986   18.1  1852   12.2  1842    6.8  1836   12.0  1921   28.0  1999   18.8  1976   14.9  1910   35.5  1978   30.5  1942   24.7  1844   122.9  1964   116.9  1984   120.2  1995   232.7  1879   936.1  1855
   11.9  1997    3.4  1932    7.8  1840    9.3  1938    4.1  1844    2.2  1925   22.5  1911   14.3  1995   12.6  1959   31.6  1947   21.9  1945    ---  2022     ---  1836   111.0  1893    85.0  1976   229.1  1922     ---  2022
